668.914
746.234
708.475
703.463
669.790
1199.199
675.758
1342.152
967.291
641.678
743.583
606.273
607.480
612.698
718.531
847.740
835.947
695.302
1049.841
1038.944
653.524
963.797
650.013
891.525
692.607
1316.227
703.911
696.900
671.881
618.059
662.156
652.772
858.871
690.944
600.526
1251.475
636.265
666.436
1220.091
622.998
790.238
657.655
713.763
685.202
615.655
985.317
751.775
735.405
783.416
1018.545
823.653
607.696
807.141
680.347
741.010
610.248
1396.758
647.262
1247.567
660.494
1221.261
1418.395
1403.017
614.244
835.090
923.106
606.383
647.441
704.447
652.690
642.074
695.936
745.356
690.151
612.731
970.508
793.781
625.776
682.018
807.917
640.197
708.260
669.717
1246.059
669.721
732.931
853.309
738.114
780.522
700.913
867.678
702.672
671.387
624.963
709.553
665.546
601.372
805.652
624.075
889.724
873.220
606.924
693.314
1006.297
712.492
636.063
1139.811
746.784
677.495
1104.518
715.816
740.270
889.769
713.623
615.263
791.226
699.955
708.995
627.688
905.476
602.295
659.695
981.945
756.584
1096.642
1306.976
602.227
617.093
650.463
1146.822
688.841
1096.308
739.402
827.689
700.605
720.702
773.599
867.317
889.685
607.889
609.213
655.526
695.810
627.048
690.037
683.133
775.024
621.323
636.700
737.558
858.391
834.203
637.017
624.426
706.359
1184.076
635.276
913.192
739.206
