609.868 
872.085 
636.403 
889.680 
767.130 
666.796 
834.198 
610.423 
695.120 
689.893 
791.256 
754.970 
801.985 
666.743 
625.250 
701.421 
1025.753 
723.794 
835.697 
780.340 
633.722 
823.623 
600.865 
631.169 
656.628 
738.910 
1011.697 
682.649 
672.190 
756.783 
811.506 
671.129 
951.151 
973.498 
690.002 
944.590 
679.882 
810.863 
674.326 
824.055 
887.125 
623.699 
903.328 
694.280 
602.670 
1204.059 
602.604 
811.873 
772.532 
683.138 
645.066 
624.272 
678.192 
684.162 
856.990 
649.288 
770.618 
710.408 
728.364 
712.235 
1111.252 
1265.010 
644.705 
962.702 
696.084 
709.930 
867.949 
740.341 
704.284 
939.717 
609.397 
617.511 
930.096 
636.369 
1351.950 
1804.046 
601.093 
629.380 
712.246 
688.471 
604.181 
696.786 
711.816 
658.715 
674.943 
947.307 
699.078 
1229.815 
835.333 
614.425 
1139.030 
918.383 
1174.935 
760.232 
605.206 
997.591 
876.741 
672.404 
784.404 
895.642 
603.839 
1026.095 
689.097 
828.610 
835.104 
857.665 
604.477 
653.992 
750.423 
818.004 
741.939 
781.220 
818.273 
649.763 
766.519 
631.984 
649.062 
633.569 
687.234 
883.243 
659.278 
823.682 
833.622 
1290.176 
730.384 
646.460 
1307.582 
696.633 
1229.507 
703.129 
846.037 
640.813 
658.507 
619.894 
820.225 
811.397 
812.567 
806.123 
773.268 
803.245 
860.613 
963.931 
1379.527 
752.335 
661.290 
698.598 
716.223 
608.176 
985.563 
1224.369 
602.739 
749.935 
610.296 
635.858 
676.314 
692.302 
1038.260 
713.057 
967.885 
723.989 
675.306 
616.534 
712.847 
748.684 
907.791 
615.689 
754.993 
686.532 
628.480 
1265.886 
625.963 
671.379 
717.148 
784.904 
630.828 
756.245 
601.780 
635.215 
701.527 
623.093 
995.660 
973.614 
673.361 
632.441 
613.070 
909.299 
721.935 
762.339 
640.487 
874.672 
641.016 
706.373 
646.252 
648.191 
609.747 
775.451 
686.436 
677.148 
1220.338 
612.875 
681.244 
847.012 
608.505 
