609.868 
636.403 
889.680 
834.198 
695.120 
791.256 
666.743 
625.250 
723.794 
823.623 
600.865 
631.169 
656.628 
738.910 
1011.697 
682.649 
756.783 
951.151 
973.498 
690.002 
674.326 
824.055 
623.699 
903.328 
694.280 
602.670 
1204.059 
602.604 
811.873 
772.532 
645.066 
678.192 
684.162 
770.618 
710.408 
728.364 
1111.252 
1265.010 
644.705 
709.930 
867.949 
704.284 
609.397 
930.096 
636.369 
1351.950 
1804.046 
601.093 
629.380 
712.246 
688.471 
604.181 
711.816 
658.715 
674.943 
835.333 
614.425 
1139.030 
1174.935 
672.404 
1026.095 
828.610 
835.104 
604.477 
687.234 
1290.176 
730.384 
646.460 
811.397 
806.123 
773.268 
860.613 
963.931 
1379.527 
661.290 
698.598 
985.563 
610.296 
692.302 
723.989 
616.534 
907.791 
1265.886 
625.963 
671.379 
717.148 
784.904 
601.780 
635.215 
701.527 
623.093 
673.361 
632.441 
909.299 
721.935 
640.487 
874.672 
641.016 
648.191 
609.747 
775.451 
686.436 
