872.085 
767.130 
666.796 
610.423 
689.893 
754.970 
801.985 
701.421 
1025.753 
835.697 
780.340 
633.722 
672.190 
811.506 
671.129 
944.590 
679.882 
810.863 
887.125 
683.138 
624.272 
856.990 
649.288 
712.235 
962.702 
696.084 
740.341 
939.717 
617.511 
696.786 
947.307 
699.078 
1229.815 
918.383 
760.232 
605.206 
997.591 
876.741 
784.404 
895.642 
603.839 
689.097 
857.665 
653.992 
750.423 
818.004 
741.939 
781.220 
818.273 
649.763 
766.519 
631.984 
649.062 
633.569 
883.243 
659.278 
823.682 
833.622 
1307.582 
696.633 
1229.507 
703.129 
846.037 
640.813 
658.507 
619.894 
820.225 
812.567 
803.245 
752.335 
716.223 
608.176 
1224.369 
602.739 
749.935 
635.858 
676.314 
1038.260 
713.057 
967.885 
675.306 
712.847 
748.684 
615.689 
754.993 
686.532 
628.480 
630.828 
756.245 
995.660 
973.614 
613.070 
762.339 
706.373 
646.252 
677.148 
1220.338 
612.875 
681.244 
847.012 
608.505 
