5 2082.279 
5 1273.310 
5 1679.708 
5 2202.691 
5 1910.899 
5 1677.938 
5 1832.750 
5 2461.559 
4 1077.824 
5 1767.104 
5 2129.843 
5 2780.272 
4 2426.758 
5 2764.607 
5 1953.569 
5 3078.108 
5 2424.499 
5 1963.655 
5 2250.118 
5 2198.166 
5 1887.573 
5 1645.673 
5 2288.203 
4 2050.939 
5 2011.375 
4 2317.322 
5 2153.964 
5 2035.896 
4 2124.751 
5 2871.805 
5 2283.962 
5 2646.545 
5 2347.317 
5 2123.274 
5 2058.589 
4 2369.819 
4 2084.948 
5 2231.413 
5 2107.242 
5 2283.469 
4 2564.992 
5 2529.226 
5 2996.480 
5 2546.466 
5 2664.817 
5 2921.066 
5 3156.604 
4 1560.519 
5 2346.370 
4 2585.573 
5 1867.805 
5 2799.030 
5 2781.091 
5 1630.198 
5 2072.501 
5 2376.279 
5 2496.240 
5 2083.236 
5 2143.587 
5 2158.386 
5 3113.932 
5 1550.608 
5 2772.183 
5 2454.835 
5 2251.051 
5 2150.021 
5 2601.909 
4 2050.650 
5 2154.204 
5 2180.040 
5 2415.544 
5 1859.176 
5 2125.478 
5 3140.538 
5 2640.976 
5 1312.265 
5 1961.534 
5 2201.690 
4 1347.940 
5 2277.803 
5 2259.865 
4 2362.652 
5 2274.507 
5 2287.250 
5 2965.274 
5 2382.040 
5 1856.248 
5 2164.452 
5 2199.122 
5 2284.949 
5 2140.713 
5 2140.871 
5 2182.910 
5 2792.178 
5 2599.272 
5 2116.782 
5 2744.278 
4 2605.400 
5 1551.436 
5 2547.564 
5 2469.760 
5 2770.728 
5 1906.511 
5 2579.587 
5 2419.965 
5 2346.762 
5 2148.918 
4 2233.070 
5 2038.823 
5 2865.907 
5 1454.593 
4 2419.537 
5 2655.473 
5 1474.734 
5 2645.863 
5 2380.599 
5 2133.760 
5 1679.607 
5 2184.781 
5 2381.673 
5 3043.820 
5 2213.968 
5 3031.919 
5 2392.865 
5 2597.899 
5 2322.805 
5 2051.638 
5 2457.911 
5 2330.210 
5 2317.137 
5 2232.722 
5 2789.923 
5 2017.461 
5 2168.380 
5 1747.587 
4 2193.423 
5 3528.444 
5 2663.688 
5 2463.664 
5 1812.626 
5 2419.693 
5 2240.416 
5 1850.142 
5 2120.009 
5 2337.943 
5 2093.919 
5 1835.789 
5 2280.382 
5 2572.346 
5 2537.488 
5 2017.873 
5 1986.484 
4 2067.660 
5 1939.125 
5 1944.334 
5 1956.868 
5 2381.446 
5 2173.844 
5 1894.324 
5 2346.620 
5 1990.484 
5 2028.995 
4 1805.907 
4 2575.829 
5 2801.940 
5 2519.833 
5 1295.906 
5 1951.612 
5 1860.031 
5 2436.070 
5 2629.699 
4 2127.618 
5 2296.222 
5 1863.336 
5 2803.585 
5 2013.810 
5 1907.038 
5 1776.407 
5 2568.805 
5 2209.003 
5 1951.276 
5 2057.598 
4 2232.045 
5 2336.639 
5 2025.172 
5 2442.138 
5 2807.603 
5 2483.163 
5 2184.709 
5 2282.186 
5 3996.793 
5 2313.369 
5 2060.485 
5 2489.863 
5 2761.744 
4 1883.392 
5 2668.461 
5 2125.225 
5 2030.320 
5 2495.140 
5 3214.803 
5 2079.406 
5 2565.510 
5 2186.197 
5 2594.430 
5 2055.266 
5 1703.817 
5 2339.411 
5 2139.307 
5 1528.284 
4 1869.401 
5 2759.048 
5 2317.630 
5 1992.551 
5 2769.667 
5 2342.021 
5 2599.177 
5 2778.125 
5 1856.442 
5 1552.364 
5 1487.590 
5 1599.415 
5 3486.942 
5 1501.374 
4 2786.174 
5 2332.597 
4 2098.151 
5 2942.358 
5 3275.753 
5 1974.063 
5 1342.610 
5 2414.674 
5 1786.940 
4 1191.642 
5 2156.980 
5 2820.104 
5 2564.733 
5 1599.245 
5 1806.958 
5 1459.757 
4 2038.596 
5 1910.744 
5 2354.788 
5 1935.777 
5 3088.107 
5 1982.144 
5 1975.359 
5 2038.319 
5 1592.582 
4 2539.562 
5 2631.815 
5 1957.008 
5 2209.200 
5 2264.161 
5 1981.679 
5 2454.849 
5 2394.509 
4 2223.582 
5 2386.995 
5 1913.036 
5 3174.693 
5 2413.793 
5 2292.623 
5 2540.360 
5 2151.627 
5 2472.600 
5 2120.413 
4 2153.893 
5 2676.272 
5 2012.910 
5 1793.021 
5 1548.556 
5 2727.896 
5 2410.951 
5 2770.641 
5 2285.094 
5 2433.405 
5 2385.486 
5 3160.227 
5 1595.659 
5 2291.733 
5 1759.949 
5 2095.966 
5 2216.004 
5 1692.983 
5 2168.777 
4 2644.229 
5 2144.717 
5 2475.820 
4 2111.435 
4 2760.464 
5 1917.978 
5 2361.598 
5 1616.411 
5 1991.433 
5 1602.951 
5 2550.094 
5 2171.506 
4 2470.403 
4 1775.357 
5 2478.317 
5 1843.240 
5 2757.610 
5 2079.139 
5 2709.020 
5 1804.630 
5 2173.357 
5 2240.819 
5 2345.338 
5 2631.884 
5 2229.511 
5 2633.345 
5 1438.459 
5 2129.699 
5 2301.376 
5 2456.222 
5 2285.526 
5 1937.932 
5 2948.513 
5 2741.764 
5 2063.498 
5 2556.215 
4 2051.396 
5 2627.732 
5 2436.076 
5 2916.766 
5 2393.648 
5 2011.323 
4 2290.418 
4 2058.559 
4 2350.194 
5 2129.011 
4 2240.690 
5 1821.393 
4 2297.493 
5 2181.631 
5 2934.044 
5 1816.614 
5 1233.727 
5 2480.136 
5 2318.147 
5 2433.635 
5 1916.593 
5 3044.788 
5 1886.728 
5 2928.792 
5 3327.002 
5 1960.489 
5 2751.942 
5 2225.233 
5 2168.038 
5 2162.601 
5 2652.567 
5 3136.385 
5 2318.715 
5 1402.772 
5 2528.053 
5 2108.641 
5 2188.909 
5 2210.172 
5 1958.342 
5 2670.863 
4 2101.856 
5 2372.385 
4 3037.501 
5 2113.731 
4 1929.960 
5 2315.209 
5 2653.055 
5 2381.773 
4 2012.431 
5 1941.895 
5 2026.258 
5 3072.027 
5 2163.346 
5 2165.417 
5 2632.371 
5 2440.466 
5 1943.749 
5 1694.937 
5 2590.627 
5 2403.355 
5 2296.830 
5 2227.172 
5 2334.855 
5 2535.227 
5 1966.424 
5 1685.457 
5 2337.183 
5 2072.878 
5 1878.473 
5 2525.471 
5 2196.245 
5 2632.750 
5 1904.780 
5 2160.067 
5 2154.685 
5 2576.568 
5 1870.518 
5 2143.581 
5 2640.950 
5 2157.141 
5 2186.852 
5 2067.250 
5 2150.247 
5 2188.875 
5 2205.423 
5 1772.836 
5 2204.997 
5 2329.617 
5 2523.929 
4 2372.421 
5 1819.554 
5 3078.592 
5 2842.834 
5 2784.121 
5 1656.224 
5 2411.994 
4 2146.227 
5 2494.706 
5 2187.003 
5 1691.633 
5 1970.597 
4 2107.562 
5 2230.070 
5 1807.566 
5 2461.788 
4 2045.170 
5 2381.690 
5 2347.991 
5 1318.445 
5 2530.075 
5 2650.601 
5 2762.487 
5 1949.136 
5 2893.076 
5 2089.402 
5 2586.143 
5 2560.651 
5 1309.616 
5 2327.935 
5 2271.775 
5 2707.350 
5 2551.384 
5 2136.530 
4 2217.637 
5 2589.806 
5 2089.767 
5 2032.739 
5 2989.978 
5 2012.912 
5 2182.075 
4 2474.070 
5 2077.113 
5 2570.971 
5 1989.667 
5 2498.394 
5 2403.595 
5 3012.270 
5 2325.709 
5 2434.691 
5 2793.033 
4 2260.961 
5 2239.656 
5 2188.261 
5 2140.844 
5 2138.197 
5 2325.093 
5 2403.173 
4 2490.515 
5 1939.647 
5 2312.475 
5 2091.503 
5 2806.323 
5 2332.731 
5 2430.712 
5 2067.451 
5 2203.548 
4 1714.781 
5 1678.758 
5 1951.217 
5 2631.571 
5 1928.192 
5 1760.131 
5 2691.750 
5 2452.713 
5 2189.506 
4 3379.156 
5 2060.817 
5 2541.611 
5 1891.160 
5 1978.901 
5 1848.017 
5 2008.943 
5 2116.501 
5 2192.305 
5 3523.696 
5 2056.115 
5 2231.845 
5 2697.227 
5 2157.001 
5 2179.570 
5 3187.722 
5 2285.499 
5 2249.229 
5 2211.441 
5 2179.764 
5 2063.625 
5 2159.696 
5 2094.248 
5 2505.990 
5 2275.675 
4 1879.025 
5 2106.418 
5 2240.674 
5 2006.614 
5 2772.677 
5 1997.206 
5 2668.683 
5 2369.718 
4 2921.298 
5 1873.289 
5 2859.090 
5 2352.629 
5 1121.401 
5 1516.609 
5 2077.717 
5 2057.538 
5 2296.502 
5 2060.952 
5 2555.805 
4 2511.985 
5 2120.524 
4 2597.904 
5 2645.573 
5 2202.239 
5 1999.961 
5 2577.788 
5 1750.387 
5 2283.509 
5 1989.629 
5 2426.864 
5 2504.420 
5 2482.754 
5 1955.899 
5 2263.823 
5 2000.357 
5 2394.741 
5 2495.913 
5 2364.359 
5 1443.518 
4 2703.449 
5 2113.436 
5 2299.717 
5 1711.498 
5 1954.800 
5 2156.830 
5 3119.889 
5 2480.745 
4 2178.714 
5 2756.773 
5 2469.832 
4 2202.525 
5 2091.016 
5 1891.013 
5 2673.375 
5 1892.399 
5 2204.210 
5 2450.754 
5 1989.485 
5 2349.404 
4 1715.232 
5 2306.817 
5 2469.423 
5 3040.330 
4 1784.812 
5 2398.891 
5 2066.579 
4 2218.506 
5 2070.360 
4 1755.594 
5 1790.001 
5 2597.408 
5 2181.912 
5 2048.246 
5 2095.765 
5 2100.886 
5 1977.803 
5 2098.908 
5 2670.658 
5 2276.509 
5 2054.456 
5 2538.060 
5 2337.600 
5 2269.218 
5 2201.562 
5 2031.168 
5 2033.724 
5 2307.492 
5 2382.468 
4 1730.791 
5 2246.016 
5 2559.461 
5 2225.834 
5 1859.360 
5 2479.593 
5 1959.786 
5 2729.707 
5 1825.934 
5 1889.710 
5 2075.917 
5 2262.165 
5 2577.031 
4 2943.162 
5 2157.843 
5 2214.646 
5 2293.857 
5 2227.838 
5 2596.307 
5 2750.255 
5 2913.941 
5 2650.948 
5 1985.991 
5 2326.912 
5 1755.435 
5 2456.924 
5 1789.857 
4 2710.906 
5 1561.068 
5 2090.095 
5 2162.666 
5 2130.893 
5 2033.799 
5 2043.522 
5 2457.984 
5 2208.903 
5 2078.857 
5 3223.154 
5 2266.129 
5 1855.469 
5 2099.107 
5 2420.169 
5 1975.682 
5 2368.832 
5 2552.817 
4 1768.136 
5 1938.251 
5 2454.311 
5 2745.681 
5 2471.663 
5 2191.849 
5 2285.450 
5 2253.942 
5 1990.441 
5 2249.812 
5 1823.597 
5 2048.600 
5 1437.549 
5 1998.637 
5 2480.109 
5 2648.084 
5 2222.167 
5 2216.830 
5 2462.479 
5 2327.480 
5 2731.129 
5 2834.539 
5 2477.181 
5 1616.468 
5 2076.053 
5 2592.063 
5 2348.655 
5 2715.904 
5 2107.204 
5 2024.094 
5 2038.196 
5 2136.275 
4 1867.314 
5 1867.521 
5 1913.598 
5 2413.576 
4 2595.675 
5 1905.118 
5 1804.451 
5 1851.485 
5 2920.365 
5 1654.877 
5 2238.046 
5 2316.506 
5 2188.782 
5 1987.055 
4 2355.483 
5 2223.249 
5 1796.528 
5 2310.402 
5 2616.493 
5 2797.876 
4 2400.511 
4 2152.810 
4 3063.492 
4 1639.897 
5 2504.181 
5 1457.722 
5 2435.227 
5 2341.771 
5 2012.577 
5 2092.339 
5 2159.496 
5 2581.011 
5 2183.466 
5 2968.327 
5 2682.258 
5 2576.854 
5 2893.946 
5 2338.809 
5 2098.392 
5 1907.925 
5 4002.842 
4 2974.489 
4 1960.164 
5 2385.444 
5 2199.202 
5 2405.837 
5 2329.977 
5 3055.079 
5 2213.947 
4 2003.360 
5 2417.806 
5 1712.436 
5 1866.464 
5 1904.163 
5 2739.063 
5 2031.739 
5 2194.197 
5 3026.061 
5 1549.316 
5 2456.775 
4 1935.897 
5 2420.935 
5 2036.045 
5 2733.000 
5 1975.449 
5 2154.680 
5 1887.165 
5 2347.502 
5 2246.653 
5 1412.161 
5 2214.591 
5 2954.329 
5 1560.334 
5 2430.940 
5 2582.351 
5 1888.673 
5 2685.245 
5 1596.118 
5 2334.046 
5 2435.056 
5 2342.629 
5 2319.240 
5 2152.595 
4 2326.609 
5 3008.165 
5 1547.352 
5 2140.743 
5 2131.110 
5 1988.428 
5 2279.196 
4 2101.547 
5 2989.740 
5 2372.591 
5 1653.099 
5 1988.530 
5 2178.043 
5 2077.093 
5 1317.038 
5 2411.237 
5 1983.193 
5 2490.327 
5 2486.541 
5 2769.622 
5 2170.800 
4 2905.660 
4 2075.644 
5 2180.759 
5 1801.009 
5 2291.300 
5 1543.459 
5 3073.579 
5 3707.967 
5 1906.523 
5 1651.414 
5 2449.252 
5 2238.661 
5 2147.330 
5 1851.797 
4 2582.221 
5 2596.295 
5 2654.097 
5 2209.060 
5 1884.054 
5 1708.531 
5 2584.073 
5 2053.740 
4 1801.941 
5 1162.489 
4 2669.464 
5 2420.622 
5 2365.097 
5 2864.520 
5 2847.783 
5 2139.217 
5 1455.359 
5 1937.713 
5 1850.270 
5 2516.468 
5 1619.086 
5 3048.513 
5 2139.036 
5 2414.732 
4 2955.518 
5 2524.850 
5 2016.484 
5 1777.601 
5 2401.760 
5 2571.833 
5 2258.519 
5 1233.041 
5 2686.651 
5 2414.823 
5 2207.982 
4 1929.681 
5 3231.344 
5 1907.198 
5 1944.673 
5 2439.975 
4 2033.909 
4 2175.871 
5 1856.032 
5 2066.256 
5 2697.693 
5 2114.900 
5 2281.020 
5 1895.488 
5 1514.711 
4 2357.474 
5 2203.361 
5 2490.125 
5 2493.505 
5 2610.456 
5 2271.966 
5 1933.376 
5 2041.888 
5 2618.139 
5 3005.605 
4 2815.300 
5 1512.232 
5 2216.988 
5 2036.644 
5 2039.703 
5 2312.862 
5 1714.673 
5 3035.554 
5 2112.263 
5 2690.581 
5 2458.310 
5 2656.804 
5 2358.920 
5 2643.071 
5 2575.157 
5 1965.651 
5 2235.988 
5 1987.637 
5 2454.310 
4 2378.163 
5 2734.950 
5 2628.811 
5 1878.175 
5 2422.959 
5 2680.590 
5 1955.127 
5 3154.106 
5 1779.448 
4 2050.845 
5 2265.687 
5 2342.759 
5 2311.353 
5 2154.513 
5 2162.800 
5 1891.091 
4 2243.311 
5 2809.969 
5 2759.956 
5 1651.226 
5 3190.649 
5 2491.759 
5 2841.731 
5 2807.733 
4 1961.948 
4 1756.722 
5 2057.932 
5 2369.160 
4 2551.798 
5 2122.981 
4 2402.250 
5 2240.034 
5 2504.625 
5 2073.229 
5 2592.927 
5 2218.833 
5 1907.187 
5 2028.054 
5 2705.337 
5 2265.862 
5 2277.570 
5 2336.342 
5 1731.915 
5 2522.009 
5 2934.865 
5 2537.665 
5 1985.423 
4 1806.003 
5 3198.791 
5 1534.969 
5 2312.198 
5 2150.454 
5 1824.755 
5 2245.498 
5 2546.409 
5 1983.887 
4 2537.153 
5 1856.437 
5 2568.708 
5 2473.962 
5 2237.996 
5 3027.133 
5 2283.009 
5 2271.353 
5 2429.865 
4 2061.395 
5 2237.591 
5 2488.700 
5 1903.776 
5 2903.942 
5 2653.634 
5 2540.326 
5 2561.993 
5 2315.800 
5 2242.488 
5 2233.581 
5 2489.635 
5 2622.583 
4 2717.036 
5 2306.009 
5 2226.161 
5 1913.405 
5 1829.673 
5 2423.420 
4 1887.993 
5 2966.424 
5 2056.296 
5 2614.245 
5 1544.071 
5 2620.282 
5 2098.903 
5 2400.870 
5 2300.084 
5 2107.802 
5 2480.240 
5 2519.525 
5 1971.800 
5 2705.964 
5 1984.542 
5 2373.447 
5 2228.559 
5 2756.792 
4 2222.263 
5 2129.583 
5 3038.216 
4 2291.117 
5 1784.956 
5 1751.711 
5 1831.440 
5 2319.987 
5 2504.116 
5 1967.524 
5 2526.445 
5 2325.349 
5 2182.549 
4 2645.932 
4 2842.339 
5 2225.887 
5 2435.376 
5 2189.462 
4 2233.503 
5 1803.559 
5 2243.731 
5 1993.315 
5 1689.597 
4 1783.469 
5 2444.103 
5 2009.922 
5 2215.026 
5 2322.105 
5 2343.119 
5 2193.202 
5 1785.642 
5 1944.707 
5 1560.439 
5 1716.187 
5 2585.335 
5 2004.585 
5 2265.554 
5 3034.704 
4 2291.466 
5 1764.465 
5 2424.773 
5 3147.464 
5 2980.302 
4 3464.243 
5 2541.276 
5 2173.923 
5 2332.727 
5 1469.103 
5 1932.613 
5 3047.716 
5 2359.685 
5 2112.736 
5 2369.054 
5 2091.889 
5 2621.142 
5 2047.331 
5 1729.383 
5 2072.795 
5 1691.180 
5 2128.065 
5 3106.967 
5 2211.656 
5 1610.531 
5 2171.589 
4 1832.395 
5 2086.745 
5 2154.083 
5 1879.953 
5 2405.419 
5 2596.168 
5 2234.069 
5 3175.380 
5 2048.305 
5 2383.754 
5 2547.485 
5 2344.791 
5 2189.240 
5 1941.871 
5 2288.237 
5 2020.169 
5 2188.246 
5 1635.436 
5 2328.241 
5 1992.726 
5 2849.029 
5 2296.907 
5 2145.147 
5 2582.988 
5 2041.886 
4 1611.124 
5 1752.778 
5 2121.690 
5 2458.501 
5 2172.555 
4 1816.271 
5 2523.143 
5 1956.946 
5 1542.172 
5 2282.239 
4 2066.021 
4 2732.849 
5 2262.254 
5 2503.685 
5 1703.806 
5 1988.390 
5 2130.806 
5 2406.618 
5 1817.210 
5 1814.744 
5 2168.807 
5 2290.865 
5 2026.279 
5 2387.038 
5 2311.161 
5 2481.840 
5 2188.597 
5 3004.185 
5 2248.671 
4 1905.681 
5 2077.022 
5 2662.923 
5 2107.174 
4 2253.927 
5 2356.529 
5 1740.523 
5 3030.410 
5 2139.886 
5 2151.720 
5 2362.115 
5 2755.805 
5 2336.916 
5 1684.891 
5 2276.252 
4 1529.163 
5 2308.678 
5 2369.668 
5 2413.981 
5 2405.357 
5 2458.791 
5 2266.941 
5 2448.462 
4 1791.312 
5 2246.077 
5 1998.305 
5 2535.612 
5 2618.678 
5 2388.321 
5 2895.251 
5 1940.294 
5 2424.496 
5 2014.075 
5 2017.469 
5 2712.756 
4 1859.184 
5 1971.189 
5 1750.310 
5 2112.485 
5 2519.888 
5 1921.618 
5 2385.987 
5 3236.971 
5 2164.686 
5 2188.425 
5 2292.895 
5 2906.513 
4 2022.998 
5 2455.583 
5 2308.297 
5 1867.868 
5 1945.770 
5 1722.198 
5 2208.796 
5 1615.548 
5 2205.997 
5 2089.798 
4 2341.025 
4 2299.465 
5 2884.646 
5 2194.880 
4 2480.330 
5 1917.140 
5 2073.995 
5 2519.324 
5 2058.994 
5 2119.442 
5 2319.107 
5 2589.293 
5 2497.620 
5 2455.403 
5 3084.099 
5 2262.599 
5 2269.408 
5 2304.451 
5 1478.276 
5 2523.897 
5 2398.756 
5 1973.012 
5 1808.532 
5 2352.965 
4 2191.593 
4 1594.310 
5 2602.080 
5 1912.355 
5 2238.869 
5 2306.217 
5 2579.723 
5 2498.759 
5 1563.593 
4 2108.295 
5 1614.344 
5 1871.330 
4 2296.844 
5 2033.396 
5 2098.238 
5 1904.148 
4 2245.574 
5 3516.905 
5 2869.222 
5 2967.614 
5 2620.171 
4 1816.060 
4 2066.101 
5 1999.874 
4 2697.402 
5 2255.211 
5 2568.061 
5 2284.010 
5 2546.370 
5 2192.797 
5 2029.331 
5 2103.300 
5 1629.540 
5 2097.847 
5 2433.684 
5 2867.796 
5 1466.382 
5 2177.100 
5 2219.722 
5 2775.103 
5 2354.072 
5 2924.849 
5 2240.666 
5 2228.236 
5 1670.675 
4 2195.081 
5 2389.187 
5 2473.936 
5 1777.051 
5 2938.260 
5 2136.333 
4 1589.052 
5 1807.542 
4 1758.572 
5 2640.376 
5 2378.077 
5 3260.592 
5 2381.923 
5 2452.966 
4 1850.288 
5 2499.511 
5 2382.514 
5 2108.513 
5 2857.357 
5 2242.618 
5 2218.763 
5 2306.877 
5 2497.484 
5 2505.788 
5 2536.696 
5 2490.884 
5 2445.921 
5 2634.648 
5 1915.754 
5 2373.354 
5 1438.156 
5 2474.994 
4 2297.532 
5 1526.850 
5 2033.887 
4 2542.707 
5 2716.130 
5 1877.931 
5 2489.161 
5 2299.794 
5 2201.852 
5 2242.405 
5 2225.365 
4 2332.954 
5 2279.758 
5 2273.241 
5 2191.016 
4 2483.087 
5 2239.241 
5 2670.792 
5 2295.641 
5 2766.205 
5 2305.912 
5 1861.048 
5 2310.547 
4 2033.274 
5 2932.126 
5 2127.977 
5 2796.375 
5 1944.316 
5 2552.434 
4 2500.633 
5 2454.111 
4 2604.277 
5 2014.587 
5 1712.046 
5 2117.547 
4 1890.692 
5 3168.040 
5 2001.893 
5 2456.111 
5 2207.972 
5 2050.770 
4 2969.885 
5 1866.892 
4 2173.038 
5 2249.519 
5 2632.383 
5 1971.881 
5 2388.359 
5 2153.781 
5 3114.792 
5 1651.977 
5 2338.521 
5 2570.096 
4 2818.512 
5 2010.235 
5 1633.160 
5 1800.686 
5 1896.886 
5 2320.021 
5 2550.645 
5 2073.919 
5 2911.596 
5 2814.354 
5 2224.383 
5 2511.109 
5 2306.777 
5 2624.663 
5 2236.415 
5 2611.469 
5 2698.830 
5 1979.595 
5 1449.062 
5 1680.769 
5 1933.141 
5 2075.228 
4 2827.235 
5 2418.929 
5 2002.025 
5 1770.611 
5 2603.853 
5 2184.978 
5 1914.859 
5 2341.965 
5 3069.660 
5 1590.509 
5 2861.870 
5 1842.977 
5 2067.563 
5 1549.244 
5 2226.351 
5 2236.067 
5 1800.066 
5 3205.870 
5 1940.657 
5 2607.053 
5 2212.123 
5 2035.294 
5 2088.547 
5 1814.734 
5 1880.017 
4 2574.582 
4 2819.799 
5 2010.637 
5 2077.186 
5 2075.904 
5 1853.451 
5 1980.355 
5 2506.851 
5 1750.165 
5 1788.024 
5 2225.454 
5 2035.185 
4 2199.866 
5 1988.771 
5 2778.316 
5 2294.248 
4 1741.749 
5 2699.123 
4 1757.024 
5 2635.865 
5 2430.661 
5 2659.124 
5 1685.345 
5 2136.909 
5 2190.853 
4 1973.694 
5 2629.407 
4 1605.917 
5 1864.308 
5 2180.720 
5 1793.847 
5 2448.455 
5 1579.399 
4 2581.189 
4 2476.185 
5 1751.046 
5 2179.603 
4 2406.264 
5 2205.587 
5 2216.001 
5 3494.496 
5 1941.562 
5 1975.952 
5 2239.645 
5 1756.542 
4 2113.903 
5 2405.970 
5 3406.553 
5 1465.631 
5 2535.929 
5 2387.008 
5 2070.444 
5 2084.091 
4 2483.411 
5 2135.175 
4 2409.333 
4 2069.042 
5 1694.648 
5 1921.035 
5 1869.966 
5 2153.260 
5 1963.005 
5 2416.860 
5 1598.202 
5 2224.841 
5 2680.406 
5 3495.266 
5 2562.627 
5 1898.333 
5 2314.831 
5 2232.821 
5 2119.133 
5 2536.274 
5 2148.781 
5 1543.297 
5 2303.302 
5 1664.049 
5 1848.830 
4 3169.594 
4 2313.760 
5 2784.096 
5 1956.722 
5 2026.480 
4 2447.467 
5 2523.516 
5 2296.701 
5 1409.261 
5 2440.436 
4 2093.999 
5 2890.313 
5 2605.480 
5 1647.695 
5 1280.482 
5 2309.508 
4 3132.410 
5 2301.876 
5 2483.312 
5 2270.909 
5 1636.187 
5 1868.362 
5 1776.871 
5 2360.366 
5 2010.875 
5 2456.018 
5 3224.549 
5 2431.135 
5 2781.484 
4 1801.362 
5 2662.567 
5 2188.802 
5 1639.893 
5 2037.110 
5 1356.772 
4 2480.033 
4 2285.628 
5 2166.878 
5 1944.357 
5 2768.917 
5 2299.245 
5 2118.301 
5 2306.253 
5 2196.240 
5 1816.796 
5 2668.349 
5 2311.083 
5 2836.754 
5 1812.745 
5 2009.037 
5 1982.275 
5 1716.628 
5 2466.501 
4 2315.274 
5 2048.642 
5 2281.391 
5 2933.918 
5 2525.410 
5 2231.358 
5 2237.809 
5 2926.197 
5 1613.164 
5 2247.965 
5 2076.975 
5 2063.060 
5 2449.609 
4 1762.512 
5 2888.657 
4 2479.795 
5 2122.088 
5 2675.847 
5 2157.252 
5 2588.670 
5 2474.854 
4 2169.531 
5 2330.914 
5 1640.302 
4 3047.090 
5 2505.732 
4 2302.644 
5 2454.405 
5 1776.307 
4 2686.359 
5 2608.225 
5 2087.385 
5 2145.648 
5 2290.585 
5 1970.265 
5 3024.428 
5 2562.090 
5 1773.328 
5 2119.816 
5 2012.287 
5 2314.546 
5 2174.740 
5 2132.198 
5 2647.656 
5 2101.404 
5 3223.960 
5 2025.849 
5 1963.726 
5 2353.477 
5 2075.340 
5 1842.487 
4 2034.679 
5 2766.224 
4 1841.622 
5 2296.752 
5 2265.202 
5 1547.480 
5 2054.708 
4 2020.017 
5 1928.609 
5 2130.137 
5 2057.739 
5 2302.907 
5 2399.150 
5 2254.342 
5 1996.714 
5 2498.357 
5 2704.283 
5 1924.056 
4 1675.175 
5 2005.797 
5 1876.763 
5 2163.460 
5 2236.191 
5 1773.294 
5 2147.366 
4 2935.716 
5 1717.171 
5 1970.516 
5 2205.594 
5 1929.856 
5 2245.989 
5 1829.224 
5 2057.975 
5 2223.982 
5 1880.319 
5 2778.220 
4 1734.708 
5 1552.951 
5 1863.754 
5 2626.793 
4 1614.052 
5 2231.271 
5 2186.917 
5 2459.721 
5 2287.058 
5 2132.565 
5 1796.323 
4 2156.901 
5 2261.505 
5 2351.360 
5 1341.477 
4 3125.462 
5 2451.224 
5 2064.522 
5 2399.774 
5 2917.207 
5 2402.783 
5 2378.796 
5 2261.047 
5 2448.305 
5 2008.701 
5 2172.920 
5 2350.265 
5 2483.045 
5 2289.860 
5 2093.344 
4 1889.516 
5 1974.958 
4 2185.354 
5 2026.634 
5 2493.758 
5 2304.072 
5 2327.258 
4 2054.517 
5 1750.032 
4 2195.771 
5 2530.739 
4 2674.401 
5 2052.564 
4 2721.288 
4 1853.880 
5 1863.784 
5 2648.396 
5 1949.876 
4 1688.176 
4 2230.258 
5 2119.759 
5 2848.235 
5 2227.524 
5 2918.094 
5 2338.749 
5 2127.672 
5 2075.971 
4 1869.797 
5 2269.103 
5 2001.714 
5 2384.184 
4 1993.745 
5 2741.067 
5 2999.096 
5 1871.798 
5 2017.025 
5 1839.867 
4 1767.965 
5 2241.389 
4 2211.274 
5 2851.067 
5 2463.672 
5 2552.067 
5 2009.356 
5 2601.484 
5 2470.598 
5 2673.077 
4 2409.913 
4 2374.169 
4 2365.365 
5 1998.472 
5 2979.449 
5 2137.811 
5 2262.923 
5 1645.899 
5 2401.294 
5 2609.003 
5 2192.000 
5 2431.801 
5 2634.157 
5 2332.225 
5 2125.479 
5 1974.353 
5 2503.347 
5 2705.449 
5 3073.675 
5 2539.467 
5 2738.760 
4 2094.440 
5 2284.775 
5 2302.845 
5 2486.436 
5 2182.578 
5 2442.169 
5 2605.286 
5 2119.337 
5 2252.357 
5 2004.932 
5 2335.696 
5 2591.481 
5 2464.769 
5 2014.812 
5 1655.474 
5 1941.209 
4 2444.395 
5 1655.204 
5 2663.582 
5 2312.888 
5 2251.651 
4 2120.669 
5 2484.566 
4 2016.162 
4 2657.931 
5 2100.798 
5 1797.340 
5 2628.722 
5 2053.789 
5 2917.056 
5 1396.551 
5 2004.472 
5 2406.132 
5 1791.602 
4 1949.985 
5 2158.273 
5 2305.218 
5 3551.293 
5 2236.554 
4 1614.258 
5 2148.417 
5 2273.747 
5 2889.346 
5 2492.496 
5 2114.815 
4 2398.214 
4 2454.500 
5 2411.898 
5 1895.741 
5 2174.869 
5 1922.239 
5 2093.144 
5 1965.887 
5 1989.328 
4 2256.133 
5 2618.825 
5 3238.296 
5 2397.640 
4 2796.058 
5 2548.932 
5 2401.347 
5 2448.702 
5 2594.961 
5 2001.653 
5 2388.343 
4 2171.601 
5 1945.915 
5 1783.741 
5 1821.946 
5 3119.829 
5 2757.255 
5 2238.688 
5 2824.861 
5 2258.950 
5 2095.108 
5 2824.693 
5 2264.437 
4 1562.528 
5 2861.592 
5 2478.724 
5 1936.127 
5 2488.348 
5 2166.141 
4 1844.821 
5 2405.421 
5 2665.197 
5 2524.406 
5 2243.038 
5 2068.308 
5 2064.887 
5 2097.932 
5 2457.490 
5 1961.368 
5 2278.311 
5 1864.765 
5 2237.638 
5 1814.770 
5 2667.935 
5 2172.500 
5 2232.387 
5 2213.993 
4 2281.656 
5 2134.849 
5 2306.967 
5 2156.738 
5 1791.625 
4 2316.835 
5 1981.049 
5 1894.545 
5 1832.897 
5 1440.990 
5 2368.642 
5 2416.364 
5 1859.450 
4 2099.804 
5 3175.799 
5 2713.941 
5 1783.568 
5 1906.439 
5 2186.000 
5 2315.358 
5 2045.120 
5 2299.639 
5 2072.422 
5 1871.445 
4 2180.587 
5 2621.276 
5 2162.689 
5 2508.455 
5 2205.026 
4 2193.291 
5 2405.352 
5 2235.123 
4 2060.372 
5 1843.160 
5 1816.047 
5 2184.119 
4 3275.694 
5 2657.927 
5 1983.007 
5 3084.801 
5 2411.974 
5 2372.863 
5 1911.018 
5 2324.039 
5 2816.290 
5 2583.023 
5 2460.697 
5 3077.880 
5 2715.552 
5 2742.868 
5 2127.316 
5 2765.058 
5 2197.399 
5 2511.895 
5 1756.061 
5 2235.254 
5 2591.656 
5 2042.044 
4 3249.351 
5 2276.975 
5 2466.124 
5 2666.676 
4 2379.995 
5 2245.320 
5 3097.621 
5 2542.652 
5 2177.996 
5 2524.787 
5 2355.057 
4 2055.570 
4 2517.581 
4 2002.339 
5 2105.345 
5 2154.945 
5 2016.163 
5 1346.524 
5 3211.768 
5 2504.871 
5 3259.473 
5 1766.292 
5 2171.836 
4 2255.965 
5 1775.116 
5 2166.583 
5 1762.944 
5 2338.768 
5 2162.446 
5 2447.414 
5 2896.269 
5 2170.827 
5 2201.802 
5 1981.300 
5 2284.492 
5 2003.874 
5 2166.005 
5 1803.614 
5 2245.065 
5 2217.266 
5 2813.219 
5 2535.911 
5 1874.918 
5 1765.627 
5 2980.566 
5 1146.560 
5 2778.665 
5 2685.893 
5 2851.896 
4 2428.323 
5 1989.290 
4 2397.945 
4 2089.633 
5 2343.632 
5 2181.517 
5 2201.852 
5 2275.048 
4 2494.034 
5 2244.797 
5 2457.011 
5 1706.247 
5 2149.735 
5 1921.876 
5 1721.144 
4 2464.476 
5 2254.495 
5 2543.191 
5 1774.458 
5 2070.980 
5 1809.530 
5 2451.107 
5 2029.492 
5 2358.617 
5 2036.411 
5 1759.496 
5 2035.937 
5 1907.083 
5 2522.098 
5 1802.047 
5 2107.524 
4 2090.883 
5 2224.374 
5 2234.937 
5 2127.710 
4 1879.313 
5 1892.252 
4 2118.833 
5 2606.862 
5 2012.668 
5 1869.315 
4 1923.361 
5 1810.665 
5 1898.612 
5 2056.248 
5 2527.226 
5 2292.711 
5 1917.988 
5 2008.386 
5 2707.022 
5 2125.641 
5 1846.798 
4 2074.732 
5 2182.740 
4 2908.512 
5 2112.529 
5 2119.537 
5 2425.905 
5 3053.420 
5 1890.835 
5 2204.834 
5 1999.547 
5 2211.920 
5 1726.034 
5 1926.033 
5 2311.823 
5 2463.497 
5 2193.648 
5 2241.987 
5 2373.767 
5 2235.654 
5 2013.148 
5 2979.124 
5 2051.945 
5 2064.927 
5 2171.880 
5 2161.379 
4 2101.844 
5 2423.186 
5 2056.002 
5 2680.682 
5 2269.503 
5 2383.608 
5 1726.903 
5 2217.887 
5 1808.362 
5 2268.249 
5 2377.182 
5 2606.149 
5 2219.600 
5 2276.408 
4 1883.805 
4 2499.913 
5 1961.113 
5 1649.781 
5 2436.715 
5 2167.671 
5 1239.799 
5 1669.106 
5 2275.254 
4 2429.065 
5 2232.203 
5 2700.407 
5 2174.089 
5 2473.332 
5 2289.389 
4 2410.018 
5 2589.726 
4 2147.123 
5 2150.918 
5 2371.702 
5 3077.589 
5 2024.826 
5 2795.419 
5 2519.082 
5 2420.844 
5 2357.375 
5 2191.635 
5 1991.740 
5 2220.103 
5 2338.354 
5 1852.251 
5 2288.729 
5 2851.537 
5 2114.874 
5 2134.905 
5 2626.020 
5 2437.879 
5 2366.973 
5 1806.584 
5 2647.826 
5 2092.150 
5 2749.607 
5 3227.613 
5 2271.838 
5 2236.002 
4 2364.650 
5 2601.505 
5 1921.348 
5 1800.908 
5 2395.060 
5 1985.535 
5 2607.764 
5 1762.951 
4 1805.060 
5 2634.073 
5 2672.555 
5 2142.457 
4 2167.111 
5 3099.294 
5 2063.316 
5 2344.323 
5 2441.841 
4 2218.197 
5 2179.548 
5 1890.576 
5 2371.567 
5 2251.384 
5 3611.184 
5 2179.845 
5 2967.227 
5 1895.641 
5 2402.928 
5 1457.242 
5 2627.406 
5 1510.403 
5 2681.838 
5 2242.650 
5 2424.199 
5 2259.291 
5 1896.286 
5 2176.122 
4 2890.814 
4 2145.075 
5 1560.254 
5 2378.807 
5 2110.481 
5 2245.661 
5 2662.162 
5 2031.014 
5 1864.512 
5 2342.152 
5 2367.399 
4 3164.459 
5 1855.573 
5 2120.819 
5 2214.479 
5 2142.319 
5 2879.983 
5 2160.054 
5 2333.793 
5 2450.753 
5 2010.750 
5 2461.161 
5 1884.386 
5 2081.823 
5 2700.123 
5 2267.407 
5 3078.863 
5 1577.577 
4 2255.906 
5 2528.303 
5 1838.161 
5 2864.983 
5 2183.892 
4 2084.230 
5 2324.955 
5 2060.325 
5 1855.002 
4 2120.437 
5 2431.911 
4 2096.363 
5 2539.805 
5 2261.086 
4 3146.036 
4 1754.480 
4 1343.795 
5 2095.038 
5 1834.365 
5 2551.486 
5 2419.523 
4 2365.284 
5 2225.717 
5 3082.037 
5 1675.699 
4 2074.116 
5 2843.656 
5 2632.751 
5 1856.991 
5 2931.156 
5 2431.420 
4 1954.826 
5 1974.759 
5 2594.645 
5 2635.717 
5 2523.081 
5 1726.908 
5 1904.581 
5 2481.873 
5 1820.242 
5 2327.293 
5 2022.239 
4 1634.747 
5 2059.668 
5 1906.372 
4 1303.933 
5 2590.234 
5 2347.429 
5 1905.576 
5 2514.146 
5 2126.881 
5 2247.838 
5 1985.795 
5 2431.384 
5 2329.610 
5 2142.351 
5 2853.567 
5 2428.234 
5 1922.686 
5 2147.316 
5 2090.401 
5 2199.344 
5 1726.892 
5 3079.998 
5 2067.600 
5 1810.137 
5 2004.096 
5 2268.766 
5 2235.403 
5 1749.862 
4 2216.326 
5 1721.455 
5 2093.978 
5 3023.442 
5 1457.366 
5 1700.970 
5 2001.228 
5 2251.159 
5 2258.664 
5 1708.483 
5 2542.474 
5 2878.620 
5 2346.947 
5 2249.284 
5 1705.127 
5 3040.652 
5 1803.532 
5 2235.969 
5 2414.895 
5 2351.702 
4 2406.786 
5 2236.753 
5 2170.932 
5 2081.061 
5 3219.287 
5 2157.151 
5 2514.486 
5 2161.963 
5 2935.722 
5 2170.131 
4 2340.250 
4 3081.200 
5 1944.971 
5 2310.261 
4 2297.055 
5 2449.478 
5 2360.852 
5 1705.596 
5 1615.128 
5 1964.291 
5 3013.557 
5 2888.340 
5 3015.858 
5 2014.617 
5 2666.830 
5 1636.603 
5 1571.229 
5 2198.983 
5 2378.677 
5 2762.105 
5 2285.151 
5 2337.677 
5 2331.196 
5 2143.031 
5 2349.467 
5 1806.474 
5 1982.694 
5 1969.867 
5 1715.540 
4 2280.809 
5 2273.762 
5 2544.255 
5 2014.152 
4 2358.960 
5 3468.953 
4 2217.603 
5 2709.528 
5 2207.946 
5 2269.891 
5 2267.314 
5 2607.629 
4 2208.732 
5 2181.250 
5 2702.309 
5 2083.028 
4 2620.427 
4 1811.869 
5 2506.324 
5 2131.531 
4 2417.478 
5 2477.685 
5 2468.433 
5 2578.551 
5 2512.719 
5 1720.149 
5 2310.500 
5 2391.518 
5 1990.333 
5 2040.114 
5 2272.414 
5 2391.791 
5 2657.416 
5 2482.555 
5 2822.509 
5 2298.257 
5 2268.903 
5 2282.410 
4 2581.096 
5 2066.577 
5 2582.465 
5 1962.740 
5 1893.561 
5 2284.149 
4 2009.317 
5 2331.263 
5 2159.586 
5 2418.872 
5 2093.371 
4 2540.945 
5 2155.397 
5 2430.194 
5 2122.868 
5 2086.829 
5 3186.291 
5 2359.235 
5 2168.994 
5 2600.745 
5 2002.947 
5 2266.141 
5 2724.790 
5 1562.159 
5 2197.755 
5 2662.528 
5 2017.726 
4 1938.721 
5 1891.897 
5 2401.893 
5 2173.777 
5 1963.572 
5 2374.388 
5 1315.092 
5 2845.594 
5 1887.114 
4 2615.679 
5 2223.872 
5 3023.206 
5 3058.939 
5 2899.115 
5 2646.733 
5 2060.508 
5 2734.365 
5 2111.525 
5 2024.292 
5 2302.291 
4 1687.363 
5 2684.046 
5 1566.113 
5 3268.817 
5 2777.385 
5 1652.375 
5 2802.126 
4 2365.269 
5 2250.482 
5 2474.343 
5 2227.601 
4 2421.625 
5 2038.639 
5 1925.538 
5 2254.887 
4 2584.407 
4 2358.633 
4 1970.162 
5 2176.605 
5 1968.501 
5 2606.988 
5 1826.390 
5 1997.777 
4 1925.338 
5 2501.842 
5 2095.083 
5 2287.630 
5 3456.943 
5 2573.785 
5 2800.322 
4 1933.504 
5 2216.159 
5 2031.050 
5 1674.404 
4 2139.155 
4 2159.114 
5 1949.311 
5 2056.734 
5 2270.875 
5 1937.465 
4 2136.625 
5 2106.796 
5 2211.829 
5 1899.045 
5 1438.267 
5 1955.925 
5 2080.152 
5 2287.082 
5 1952.232 
5 3355.042 
5 1471.357 
5 2011.920 
5 2731.052 
5 1654.027 
4 1765.872 
5 2053.862 
5 1701.733 
5 1914.588 
5 2321.251 
5 2410.812 
5 2811.301 
5 2089.217 
4 1922.672 
4 2273.055 
5 2028.626 
5 2293.111 
4 1922.244 
5 2246.078 
5 2027.574 
4 1163.252 
5 1941.522 
5 1965.270 
5 2775.791 
5 2659.079 
5 2190.783 
5 2487.869 
5 1922.703 
5 2552.823 
5 1955.503 
5 2347.737 
5 1707.447 
5 2231.325 
5 2290.292 
5 2522.256 
5 2030.353 
5 2217.974 
5 2260.495 
5 1490.721 
5 1756.984 
5 2215.440 
5 2750.014 
5 1432.790 
5 2114.732 
5 2742.212 
5 2451.535 
5 2173.212 
5 2219.963 
5 2015.685 
4 1618.183 
5 1911.150 
5 2051.556 
5 2242.520 
5 2763.574 
5 1869.301 
5 2120.856 
5 2502.455 
4 2249.556 
5 2145.329 
4 1363.887 
5 2173.040 
5 1260.754 
5 2335.183 
5 2693.467 
5 2139.512 
5 2223.443 
5 2313.915 
4 1761.755 
5 1815.823 
4 2361.819 
5 2213.896 
5 2510.648 
5 1877.474 
4 1921.122 
4 2802.540 
4 2360.958 
4 2299.576 
5 1947.735 
5 2265.210 
5 2523.047 
5 2035.607 
5 2230.829 
5 2474.435 
5 1923.215 
5 2176.889 
5 3392.736 
5 3398.115 
5 2113.014 
5 2997.264 
5 2359.499 
5 2812.667 
5 2000.436 
5 2877.237 
5 2154.082 
5 2293.806 
5 1855.506 
4 2394.149 
5 2128.567 
5 2096.449 
5 2655.038 
5 2060.655 
5 2591.737 
4 2056.743 
5 2249.924 
5 2188.708 
5 1896.013 
5 2564.331 
5 1947.823 
5 2249.293 
4 2170.877 
5 2586.391 
5 1818.644 
5 2255.320 
4 3426.611 
5 2050.175 
5 2513.138 
5 1841.607 
5 2576.958 
5 1946.568 
5 2157.942 
5 2518.243 
5 1814.352 
5 2714.234 
5 2028.790 
4 2327.038 
5 2351.458 
5 2213.725 
4 2046.088 
5 1719.716 
5 2238.470 
5 2829.787 
5 2606.090 
4 2916.406 
5 1852.403 
4 1854.017 
5 1934.145 
5 2615.735 
5 2047.389 
5 2379.120 
5 2311.196 
5 2261.419 
5 2638.848 
5 2131.552 
5 2385.333 
5 3176.546 
5 2918.467 
4 1756.107 
5 2415.820 
5 2051.643 
5 2543.090 
5 2032.772 
5 2032.983 
5 2447.668 
5 2599.224 
5 2585.564 
5 2077.652 
5 2481.181 
5 2405.499 
5 2605.290 
5 1770.769 
5 2227.180 
5 1818.359 
5 2256.602 
5 2509.233 
4 2286.659 
5 1988.662 
5 1887.585 
5 2183.852 
5 2213.779 
4 2826.033 
5 2084.138 
5 2889.598 
4 3048.240 
5 3007.858 
5 1977.341 
5 2408.438 
4 2469.197 
5 2063.342 
5 2057.246 
4 2132.404 
5 1968.354 
4 1875.441 
5 2056.602 
4 2117.545 
5 2585.622 
4 1909.501 
5 2380.567 
5 2833.053 
5 2029.852 
5 2098.099 
5 2737.958 
5 1928.526 
5 1811.796 
5 2061.133 
5 1785.006 
5 2625.793 
4 2543.203 
5 1905.544 
5 1747.084 
5 2202.896 
5 2752.923 
5 1585.118 
5 2032.252 
4 2263.599 
5 1634.206 
5 2102.132 
5 2854.861 
5 2324.671 
4 2863.833 
5 1807.542 
5 2369.777 
5 1729.926 
5 1870.114 
5 2048.589 
5 1660.822 
5 1941.911 
5 2270.458 
5 2021.644 
5 2623.137 
5 2396.432 
5 1915.240 
5 1799.620 
5 2144.727 
5 1815.703 
5 2483.858 
5 2503.983 
5 2393.670 
5 1678.441 
5 1777.542 
5 2829.573 
5 2271.971 
5 2445.136 
5 1802.902 
4 2385.635 
5 2354.501 
5 3317.077 
5 2177.667 
5 1977.780 
5 2137.635 
5 1677.983 
5 2840.251 
5 1984.134 
5 2438.110 
4 2517.000 
5 2134.244 
5 2434.867 
5 2462.390 
5 1967.935 
5 2345.283 
5 2679.268 
5 1787.241 
5 2102.901 
5 2704.852 
5 1896.425 
5 1952.461 
5 1796.749 
5 1877.948 
5 2679.398 
5 2446.911 
4 2343.789 
5 2512.357 
5 1808.228 
5 2185.029 
5 2783.215 
4 2553.412 
5 1392.806 
5 1799.052 
5 2846.719 
5 2208.019 
5 2412.283 
5 2377.046 
5 2095.010 
5 2951.161 
5 2198.608 
5 2479.471 
5 2662.983 
5 2166.629 
5 1754.739 
4 1927.007 
5 2467.793 
5 2166.051 
4 2287.936 
4 2024.626 
5 2014.288 
5 2148.991 
5 2010.786 
5 2140.603 
4 2350.665 
5 2584.880 
5 2472.776 
5 1877.453 
5 2403.469 
5 2062.478 
5 3035.238 
5 1641.171 
5 2058.667 
5 2870.941 
5 2014.867 
5 2181.378 
5 2951.617 
4 2387.896 
5 2377.929 
5 2381.402 
5 1910.687 
5 2151.981 
4 2123.533 
5 2121.919 
4 1857.821 
5 2344.741 
5 2631.509 
5 2647.100 
5 2095.969 
5 2201.317 
5 1451.771 
5 2056.741 
4 2114.831 
5 2294.655 
4 1790.447 
4 1828.269 
5 2507.447 
5 2546.586 
5 2331.450 
5 2493.760 
5 2239.665 
5 2075.958 
5 2219.927 
5 2808.005 
5 1793.577 
5 2367.991 
5 3124.703 
5 2144.054 
5 2018.415 
5 2045.284 
5 3627.402 
5 2111.542 
5 2424.027 
5 2347.746 
5 2227.927 
5 2130.771 
5 2752.030 
5 2173.309 
5 2143.920 
5 2242.271 
4 1941.820 
5 1827.106 
5 1776.380 
5 2243.836 
4 2462.595 
5 2638.000 
5 2219.604 
4 3111.614 
5 2759.759 
5 1888.618 
5 2405.296 
5 2366.706 
5 2166.683 
5 3100.986 
5 2017.944 
5 2294.797 
5 2467.610 
4 3183.496 
5 1637.720 
4 2074.928 
5 2107.520 
5 2125.958 
4 2254.952 
4 2353.659 
5 1944.236 
5 2115.873 
4 1806.993 
4 1586.301 
5 2169.276 
5 1808.523 
5 2081.807 
5 1958.404 
5 2712.422 
5 1888.573 
5 2275.132 
5 2945.685 
5 1856.088 
4 3031.636 
4 2036.061 
5 1874.602 
5 1887.242 
4 2914.642 
5 2393.326 
5 1984.098 
5 2406.727 
5 3068.588 
5 1745.945 
5 1734.630 
5 2753.329 
5 3374.081 
5 1880.727 
5 2606.722 
5 2136.583 
5 1956.001 
5 2871.656 
5 2026.929 
5 1949.746 
5 2388.063 
5 1818.342 
5 1875.089 
5 2261.891 
5 2464.627 
4 1907.680 
5 2084.662 
5 2237.707 
5 2088.551 
5 1821.514 
5 2591.568 
5 2172.707 
4 3040.938 
5 2415.505 
5 2430.176 
5 1877.038 
5 2878.462 
5 2589.409 
5 2419.353 
5 1851.259 
5 2384.665 
5 1819.793 
4 2981.596 
5 2580.359 
5 2109.047 
5 2221.825 
5 2386.802 
5 2108.915 
5 2316.011 
5 2488.250 
4 2654.016 
5 1746.226 
5 2373.702 
5 1575.442 
5 1977.315 
5 2145.575 
5 2167.289 
5 2215.031 
5 2120.556 
5 2059.661 
5 2409.966 
5 2277.590 
5 2785.518 
5 1969.501 
5 2140.925 
5 3112.126 
5 2317.585 
5 2250.283 
5 2823.812 
5 2066.631 
4 2037.843 
5 2062.997 
5 2222.588 
5 1996.488 
5 2342.563 
5 2396.892 
4 2610.183 
5 2114.231 
5 1997.692 
5 2364.396 
4 1965.714 
5 2338.267 
5 2063.448 
5 2321.257 
5 2497.519 
5 2897.610 
4 2551.679 
5 2496.406 
5 2308.011 
5 1391.964 
5 2294.055 
5 1703.402 
5 2901.677 
5 2241.844 
5 2619.062 
5 2526.912 
5 2356.855 
4 1472.407 
4 2339.992 
5 2085.251 
5 2279.412 
5 2621.060 
5 2492.695 
5 2395.593 
5 2024.410 
5 2683.933 
5 1665.973 
5 1787.805 
4 1987.373 
5 1550.054 
5 2102.873 
5 2063.659 
5 3307.239 
5 2572.000 
5 2015.176 
5 2591.667 
5 2279.895 
5 2154.502 
5 1866.081 
5 1923.738 
5 2716.191 
5 2444.369 
5 2342.773 
5 2137.846 
4 2609.851 
4 1736.493 
5 1799.253 
4 1951.612 
5 1872.190 
5 2784.513 
5 2844.941 
5 1807.118 
5 2925.810 
5 2768.873 
5 2181.577 
5 2369.002 
5 1537.217 
5 1819.666 
5 1681.727 
5 1624.754 
5 2618.485 
5 2629.340 
5 2619.406 
5 2267.270 
5 2465.045 
5 2317.824 
5 2463.085 
5 2129.775 
5 1994.007 
5 3011.886 
5 2904.807 
5 2019.046 
5 1748.063 
4 1858.176 
4 1727.869 
5 1746.363 
5 2204.228 
5 2208.643 
5 1883.477 
4 2238.345 
5 2089.795 
5 1844.458 
5 2666.926 
5 1994.793 
4 2200.870 
5 2167.811 
5 2769.180 
5 1783.177 
5 3130.853 
5 2209.878 
4 2145.694 
5 2025.660 
4 2455.651 
4 2221.058 
5 1930.416 
5 2441.921 
5 1878.757 
5 1980.552 
5 2549.449 
5 1999.432 
5 2707.491 
5 2562.992 
5 2541.685 
5 2439.083 
5 1942.997 
5 3015.897 
4 2655.614 
5 2098.804 
5 1697.375 
5 2237.660 
5 3115.250 
5 1449.737 
5 2350.931 
5 2676.970 
5 3088.621 
5 1905.514 
5 3275.869 
5 1892.016 
5 1621.420 
5 2090.805 
4 1517.104 
5 2460.268 
5 2666.635 
5 2528.843 
5 2433.691 
5 2549.028 
5 2242.147 
4 2115.645 
5 2431.060 
4 1933.706 
5 2475.046 
5 2131.667 
5 2259.082 
5 1967.820 
5 2481.690 
5 1951.404 
5 1818.359 
5 2831.598 
5 2171.425 
5 1917.287 
5 2027.969 
5 2592.543 
5 2395.583 
5 2099.448 
5 2244.125 
5 1838.645 
5 2914.669 
4 2236.193 
5 1939.672 
4 2542.145 
5 2148.221 
5 2812.095 
5 2952.408 
5 2460.576 
5 2634.722 
5 1556.138 
5 2441.640 
5 2353.542 
5 2219.386 
5 2793.670 
5 2079.528 
5 2265.629 
5 2253.127 
5 2208.823 
5 2261.825 
5 2123.099 
4 2238.944 
5 1920.060 
5 2191.849 
5 2492.212 
5 2364.453 
5 2378.604 
5 2758.512 
5 2039.234 
5 2469.727 
5 2189.941 
5 2010.918 
5 1849.261 
5 2845.618 
5 2429.757 
4 1628.141 
5 2123.541 
5 2198.595 
4 2441.482 
5 2297.100 
5 1673.241 
5 2007.288 
5 2101.349 
4 2020.148 
4 2862.160 
5 2369.631 
5 2750.158 
5 2452.016 
5 2469.147 
5 2510.699 
5 1884.122 
5 2343.222 
4 2901.006 
5 1957.806 
5 2157.113 
5 2009.859 
5 2111.526 
5 2073.458 
5 2675.710 
5 2499.367 
5 2117.146 
5 2552.014 
5 1901.303 
5 1718.889 
5 1934.781 
4 2934.716 
5 2221.085 
5 2044.675 
5 2539.057 
5 2175.353 
5 2134.307 
5 2069.370 
5 2178.625 
5 2590.282 
4 1888.931 
5 2224.124 
5 2264.161 
5 2569.460 
5 2270.312 
5 2170.827 
5 3282.327 
4 3035.800 
4 2344.646 
5 1931.531 
5 1873.942 
4 2040.233 
5 2055.687 
5 2545.446 
5 1739.314 
5 2272.241 
5 1424.139 
5 2497.799 
5 1913.531 
4 2129.866 
5 2250.546 
5 1898.094 
5 2164.133 
5 1825.624 
5 1509.855 
4 2266.065 
5 2688.847 
5 2003.239 
4 2483.395 
5 2779.050 
5 1529.186 
4 2129.105 
5 2403.090 
5 1951.708 
4 2739.734 
5 2822.775 
5 2454.312 
5 2943.583 
5 2880.862 
4 2112.550 
4 2573.298 
5 2555.870 
5 2058.045 
5 2198.432 
5 2818.284 
5 2253.436 
5 2733.513 
5 1905.653 
5 2335.157 
4 2089.733 
4 1857.461 
4 2248.280 
5 2933.950 
5 2056.085 
5 1612.562 
5 1979.872 
5 1761.823 
5 2094.264 
5 1649.140 
5 2338.376 
5 2165.150 
5 2164.499 
5 1995.459 
5 2132.508 
5 2241.205 
5 2125.941 
5 2250.851 
5 2396.439 
5 2082.199 
5 1733.622 
5 2357.946 
5 2202.450 
5 2105.722 
5 2442.102 
5 1901.769 
5 2595.217 
5 2133.696 
5 1606.164 
5 2280.273 
5 1538.554 
5 2286.668 
5 2311.017 
5 2505.252 
4 1952.700 
5 1964.600 
5 2540.204 
5 2233.568 
4 1855.996 
5 1721.844 
5 1978.302 
5 2163.267 
5 2928.387 
5 2005.713 
5 2592.148 
5 2117.515 
5 2154.121 
5 1809.813 
5 2022.100 
5 2162.705 
4 1660.198 
5 2812.072 
5 1684.770 
5 2895.521 
5 2543.724 
5 2021.773 
5 2428.484 
5 2236.458 
4 2018.488 
5 2349.719 
4 2119.700 
4 2216.001 
4 1971.541 
5 2447.057 
5 1840.941 
5 2849.657 
5 2139.514 
5 2057.365 
5 1835.425 
5 1624.713 
5 2533.756 
5 2591.360 
5 2299.165 
5 2191.252 
5 2539.454 
5 3388.379 
4 1941.317 
5 1683.423 
5 2596.988 
5 1765.072 
5 2039.796 
4 1548.913 
5 2062.061 
5 2380.742 
4 2180.262 
5 2170.823 
5 2324.216 
5 2276.105 
5 1719.889 
5 2830.893 
5 2514.227 
4 2281.740 
5 2347.661 
5 2056.485 
5 1481.896 
4 2256.380 
5 2629.616 
5 1536.159 
4 2532.024 
5 2318.133 
5 1975.349 
5 2755.438 
4 1558.779 
5 2891.042 
5 2128.510 
5 2350.177 
5 2657.856 
5 2709.218 
5 2156.910 
5 1745.787 
5 1934.681 
5 1838.289 
5 2206.525 
5 2634.974 
5 2406.574 
5 2075.442 
5 2060.905 
5 2238.401 
4 2365.291 
5 2084.025 
5 2884.007 
5 2618.791 
5 2462.038 
5 1786.251 
5 2018.154 
5 1894.945 
4 2189.892 
5 2195.975 
5 2870.556 
5 2378.580 
5 2749.177 
5 1210.557 
4 1923.397 
5 2659.249 
5 2603.127 
5 1415.034 
5 1880.745 
5 2043.681 
4 2242.958 
5 2126.455 
4 2688.031 
5 2272.793 
5 1908.557 
5 2486.097 
4 2315.534 
5 1834.720 
4 1929.761 
4 2127.562 
5 2657.381 
5 1881.167 
5 2444.345 
5 2289.635 
5 2327.655 
5 2537.465 
4 2282.021 
5 2368.228 
5 3168.962 
5 2478.046 
5 2416.338 
5 2393.655 
5 2213.258 
5 2294.869 
5 2542.561 
5 2310.826 
5 2459.962 
5 2190.536 
5 2538.678 
5 2619.135 
5 2153.726 
5 2413.328 
5 1646.762 
5 2538.854 
5 1881.023 
5 1981.257 
5 2327.158 
5 2164.705 
5 2773.789 
5 1985.129 
5 2330.168 
4 2357.567 
5 1614.543 
5 2423.193 
5 1918.912 
5 2105.169 
5 2150.461 
5 2743.841 
5 1333.065 
5 2478.683 
5 1367.486 
5 2586.001 
4 2001.202 
5 1940.970 
4 2241.020 
5 2082.884 
5 2424.557 
5 2325.451 
4 2652.649 
5 1384.852 
4 1663.500 
5 1993.027 
5 2688.237 
4 2684.147 
5 2199.508 
5 3447.061 
5 2526.392 
4 2305.559 
5 2093.424 
5 2069.905 
5 2114.672 
5 2134.559 
5 2355.381 
5 2251.251 
5 1633.115 
5 1726.660 
5 1860.106 
4 1581.070 
5 2064.192 
5 1868.580 
4 2698.456 
4 2223.536 
4 1980.218 
5 2299.887 
4 1962.558 
5 2086.929 
5 2092.762 
5 2162.802 
4 1595.426 
4 2129.995 
5 2655.042 
5 1953.603 
5 1380.791 
5 2685.397 
5 2658.710 
5 1802.667 
5 2057.271 
5 2488.155 
5 2473.692 
5 2122.770 
5 2441.651 
5 2784.101 
4 2243.653 
5 2307.306 
5 3156.250 
4 1267.660 
5 2860.871 
5 1834.913 
5 2580.301 
4 2248.791 
5 2112.325 
5 1825.073 
5 2486.225 
5 1904.733 
5 1865.047 
5 2088.684 
5 1700.505 
5 2088.289 
5 2215.801 
5 2228.108 
5 2753.346 
5 2679.892 
5 2072.252 
5 1830.770 
5 2140.493 
5 1948.573 
5 1933.326 
5 1960.256 
5 2869.936 
5 2031.032 
5 3113.076 
4 2364.897 
5 2356.134 
5 1991.673 
5 2375.005 
5 2287.599 
5 1614.213 
4 2000.918 
5 1806.295 
4 2739.594 
5 1513.614 
5 2256.940 
5 2094.639 
5 2338.061 
4 1545.028 
5 2305.673 
5 2333.523 
5 2145.307 
5 2195.450 
4 1785.662 
5 2331.466 
5 2249.992 
5 2355.505 
5 2049.304 
4 2665.746 
5 2503.098 
5 2466.197 
5 1748.552 
5 1860.962 
5 2024.993 
5 1995.726 
5 1687.753 
5 2497.034 
5 1960.259 
5 2519.900 
5 2352.188 
5 2368.905 
5 2241.440 
5 2202.379 
5 2238.206 
5 2052.813 
5 1543.861 
5 1801.957 
5 2150.010 
5 2907.498 
5 2467.862 
4 1753.034 
5 1853.601 
5 2299.353 
5 2176.198 
5 2424.591 
5 2673.023 
5 2120.388 
5 2011.293 
5 3068.569 
5 2266.649 
5 2093.377 
5 1959.246 
5 2085.950 
5 1790.569 
5 3085.423 
5 1915.751 
5 2438.343 
5 1654.997 
5 2136.424 
5 1923.610 
5 2249.706 
5 2224.473 
5 1945.921 
5 2225.250 
5 1965.863 
5 2246.094 
5 1690.237 
5 2145.459 
5 2389.131 
4 2239.663 
5 2060.210 
5 2181.661 
5 2287.915 
5 2076.087 
5 2102.774 
5 2098.129 
5 2159.523 
5 1897.154 
5 2371.158 
5 2787.080 
5 2157.641 
5 2475.552 
5 1928.011 
5 2364.146 
5 2125.741 
5 2285.968 
5 2430.990 
5 2998.866 
5 2519.608 
5 2646.791 
5 2225.331 
5 2519.209 
5 1680.600 
5 2246.313 
5 2454.902 
4 2343.443 
5 1787.456 
5 1757.590 
5 2465.005 
5 1954.856 
5 1423.204 
5 3297.067 
5 2203.862 
5 2300.036 
5 2288.979 
5 2312.601 
5 2445.126 
4 2295.881 
5 2274.278 
5 2232.171 
5 2170.628 
5 2623.608 
5 2627.064 
5 1477.689 
5 2679.881 
5 2105.614 
5 2301.363 
5 1769.278 
5 2217.774 
5 2448.483 
5 2254.572 
5 2125.561 
5 2686.543 
4 1620.750 
5 2187.992 
5 2328.830 
5 1798.576 
5 1914.880 
4 2302.638 
5 1670.378 
5 2501.875 
5 3008.031 
5 2479.388 
5 2259.179 
5 1899.853 
5 2556.458 
5 2078.959 
5 2225.230 
5 2163.783 
5 2194.564 
5 2133.260 
4 2106.275 
5 1946.368 
4 2633.868 
5 2021.151 
5 2057.208 
4 1922.423 
5 2461.629 
5 2330.283 
5 3252.866 
5 2677.686 
5 2131.624 
5 1708.160 
4 2254.073 
5 2428.373 
4 2217.252 
5 3270.809 
5 2507.813 
5 2138.643 
4 2166.887 
4 2582.461 
5 2657.998 
5 1726.649 
5 1824.871 
5 2324.764 
5 2536.386 
4 2363.277 
5 1894.217 
5 2388.026 
5 2098.396 
5 2279.194 
5 2139.395 
5 2433.582 
4 2605.102 
5 1716.714 
5 1935.926 
5 2883.612 
5 2076.710 
4 1742.452 
5 2167.392 
5 2150.317 
5 2461.756 
5 1937.811 
4 1979.537 
4 2170.933 
5 2334.135 
5 1939.701 
5 1691.696 
5 1984.541 
5 1507.297 
4 2150.964 
5 2272.025 
5 1768.204 
5 1794.673 
5 2470.752 
5 2448.359 
5 2260.001 
5 2531.826 
5 2816.221 
5 1418.780 
4 2017.896 
5 2145.968 
5 2196.202 
5 2470.070 
5 2429.547 
5 2336.741 
5 2649.439 
5 2205.836 
5 2543.175 
5 2534.206 
4 1767.799 
5 2062.032 
5 2700.271 
5 2148.549 
5 1905.789 
5 2187.172 
5 2996.656 
5 2295.576 
4 2695.886 
5 1977.461 
4 2409.571 
5 1905.472 
5 2476.078 
5 2966.263 
5 2367.001 
5 2220.279 
5 2653.863 
5 2073.455 
5 2816.947 
5 3175.122 
5 2428.821 
5 2575.927 
5 1653.482 
5 2423.534 
5 2286.877 
5 2283.176 
5 2290.578 
5 2087.027 
5 2086.386 
5 2467.726 
5 1633.867 
5 2151.947 
5 2250.259 
4 1764.515 
5 1794.138 
5 2487.834 
5 2402.465 
5 2363.092 
5 2019.227 
5 2106.250 
4 2460.969 
5 2545.492 
5 1778.696 
5 2056.299 
5 2163.869 
5 2194.501 
5 1903.441 
4 1939.628 
5 1991.981 
5 2374.902 
5 2296.704 
5 2179.971 
5 2714.332 
5 2095.215 
5 2254.135 
5 2391.603 
4 1523.785 
5 2720.800 
5 1629.385 
4 2151.961 
5 2134.287 
5 1976.984 
5 2277.674 
5 2249.187 
4 2454.706 
5 2174.789 
5 2441.870 
5 1943.627 
5 2233.569 
5 2161.907 
5 2105.554 
4 2622.664 
4 2085.591 
5 1669.832 
5 2178.736 
5 1706.570 
5 2207.149 
4 2570.738 
5 2494.774 
5 2837.707 
5 1719.660 
5 2884.826 
5 2389.163 
5 2078.220 
5 2883.579 
5 2116.251 
5 1394.059 
5 2426.021 
5 1900.227 
5 2316.471 
4 2933.218 
5 2940.966 
5 2244.978 
5 1657.682 
5 2512.769 
5 2863.883 
5 3051.748 
5 2188.513 
5 1858.125 
5 1858.951 
5 2176.537 
5 2331.447 
5 2308.496 
5 2436.063 
5 2765.048 
5 2537.283 
5 2182.192 
5 1603.765 
5 2116.106 
4 2363.725 
4 3003.571 
5 2143.535 
5 1650.350 
5 2888.535 
5 2521.612 
5 1553.977 
5 2479.696 
5 2438.336 
5 2149.904 
5 2425.389 
5 2609.915 
5 2549.686 
5 1937.399 
5 2385.483 
5 2278.738 
5 1488.553 
4 1891.931 
5 2265.923 
5 1991.953 
5 2028.708 
5 1891.899 
5 2624.287 
5 2271.105 
4 1980.981 
5 2348.605 
5 2591.297 
5 2229.138 
5 1782.553 
5 2246.867 
4 2256.952 
5 2669.731 
5 2069.080 
5 2046.209 
4 1305.658 
5 2401.891 
5 2084.800 
5 2924.207 
4 2075.568 
5 1772.419 
5 2455.975 
5 2153.351 
5 2224.464 
5 2284.457 
5 2321.530 
5 2264.847 
5 2549.711 
5 1821.796 
5 1830.957 
4 2814.071 
5 2286.666 
4 2020.806 
5 2252.619 
5 1880.567 
5 2401.133 
5 2061.361 
5 1910.358 
5 2526.962 
5 2370.125 
4 2656.675 
5 1808.226 
5 2151.661 
5 2840.436 
5 1853.556 
5 2485.454 
4 2058.902 
4 1648.568 
4 3257.921 
4 1920.460 
5 1657.710 
5 1989.740 
5 2541.255 
5 1853.232 
5 2557.178 
5 2563.658 
5 2559.737 
5 1807.265 
5 2580.283 
5 2111.147 
4 2757.791 
5 2476.039 
5 2892.014 
5 2640.213 
4 1843.154 
5 2120.563 
5 2008.301 
5 2175.216 
5 2120.603 
5 2139.005 
5 2435.638 
5 2444.665 
5 2445.880 
5 1905.105 
5 1580.344 
5 2775.132 
5 2133.304 
4 2267.101 
5 2157.325 
5 1721.440 
5 2012.088 
4 1926.042 
5 2507.141 
5 3222.969 
5 2102.540 
5 2379.196 
5 1807.446 
5 2244.309 
5 1873.458 
5 1883.243 
5 2415.217 
4 2224.501 
5 2409.826 
5 2046.484 
4 2266.392 
4 1854.163 
5 2525.151 
4 2974.414 
5 2169.087 
5 2048.390 
5 2371.384 
5 2344.415 
4 2223.406 
5 2124.637 
4 2327.819 
5 1865.611 
5 2076.716 
5 1918.653 
5 2428.927 
4 2120.035 
5 2236.576 
5 3180.367 
5 2115.422 
5 3116.763 
5 2673.693 
4 1944.049 
5 3059.522 
5 2301.057 
5 2309.898 
5 2733.714 
5 2851.539 
5 2658.168 
5 1955.068 
4 2443.662 
5 2437.733 
4 2491.585 
5 1997.162 
5 2093.083 
5 1678.828 
5 2583.344 
5 2259.214 
5 1451.880 
5 2478.314 
5 1940.437 
5 2363.851 
5 3190.671 
5 1971.854 
5 2547.467 
4 1481.932 
5 2029.629 
5 2174.896 
4 2138.689 
5 2258.107 
5 2755.101 
5 1647.442 
5 2161.027 
5 2320.276 
5 2406.130 
5 2257.515 
4 1883.734 
5 2026.573 
5 2068.979 
5 2044.852 
5 2144.468 
5 2522.302 
5 2584.717 
5 2155.773 
5 2930.963 
5 2843.586 
5 2279.397 
5 1543.757 
5 2346.716 
5 1710.966 
5 1793.569 
5 2393.263 
5 2561.625 
5 1807.868 
5 1874.728 
5 2090.712 
4 2400.981 
5 2239.571 
5 1977.821 
5 2365.000 
5 2983.461 
5 2368.944 
5 1948.222 
5 2488.128 
5 2074.042 
5 2348.967 
4 2180.064 
5 2876.944 
5 1929.487 
5 2022.686 
4 2357.677 
5 2778.027 
5 2864.562 
5 1663.553 
5 2852.970 
4 1967.477 
5 3205.919 
5 1932.035 
5 2134.722 
4 3421.806 
5 2243.853 
5 2417.797 
5 2350.174 
4 2189.255 
5 2249.175 
5 1910.486 
4 2876.596 
5 2323.036 
4 2434.172 
5 2353.931 
5 2334.039 
5 2172.642 
5 2788.631 
5 2566.382 
5 1743.957 
5 2486.758 
5 2608.658 
5 1948.067 
5 2007.772 
5 1951.320 
5 1969.050 
5 2255.655 
5 1874.256 
5 2755.944 
5 2677.028 
5 2513.380 
5 2214.503 
5 2083.646 
5 2192.415 
5 2258.608 
5 2080.541 
5 2742.629 
5 3735.878 
5 2317.896 
5 3521.986 
5 2130.897 
4 2184.054 
5 2257.712 
5 2793.896 
5 2088.979 
5 2511.614 
5 2050.646 
5 2605.238 
5 2494.925 
5 2025.728 
4 2285.247 
5 2864.367 
5 1947.068 
5 2803.307 
5 2339.555 
5 2640.509 
5 2056.991 
4 1957.092 
5 1878.512 
5 2304.672 
5 2071.814 
5 1883.749 
5 2043.181 
5 2360.116 
5 2644.859 
5 2716.242 
5 2706.281 
5 2332.550 
5 2192.732 
4 2556.296 
5 2149.015 
5 1797.782 
5 2691.361 
5 2161.905 
5 2085.284 
5 2004.162 
5 2165.358 
5 3074.243 
5 2125.246 
5 2339.140 
5 2250.305 
4 2012.677 
5 2023.156 
5 2439.224 
5 2124.850 
4 1845.916 
5 2377.987 
5 2490.833 
5 2490.595 
5 1926.434 
5 2347.771 
5 1973.472 
5 2041.575 
5 2365.773 
5 2094.719 
4 2319.575 
5 2488.322 
5 2413.232 
5 2248.362 
5 2342.455 
5 1814.146 
5 2143.223 
4 2511.325 
4 1956.802 
4 2590.241 
5 2112.938 
5 2340.368 
5 2000.961 
5 2754.098 
5 2119.102 
5 2345.655 
5 2293.921 
5 1783.653 
5 2912.129 
5 2155.176 
5 2293.680 
5 2918.146 
5 2281.556 
5 1316.788 
5 1842.976 
5 2411.739 
5 2274.510 
4 1321.362 
5 2680.224 
5 2027.738 
5 2448.428 
5 2588.205 
5 3213.164 
5 2020.947 
5 1981.630 
4 2269.362 
5 2282.000 
5 2919.311 
5 2151.445 
5 2612.370 
5 2278.220 
5 2183.790 
5 2410.958 
4 1609.540 
4 1955.245 
5 2299.113 
4 2036.957 
5 1938.636 
5 2017.646 
5 2392.633 
5 2507.719 
5 1872.498 
5 1667.338 
5 2668.080 
5 2984.213 
4 2178.155 
5 2186.332 
5 1760.188 
5 2387.440 
4 2528.049 
5 2480.040 
4 1812.676 
5 2094.840 
5 3033.027 
5 2114.412 
5 2290.472 
5 2162.288 
5 2749.521 
5 2442.111 
5 2581.924 
5 1915.094 
5 1779.263 
5 2636.780 
5 2417.694 
5 1580.376 
5 2740.124 
4 2246.902 
5 1821.315 
5 2440.094 
5 2145.944 
4 2277.381 
5 2105.051 
5 2055.366 
5 2455.840 
4 2934.433 
4 2319.429 
5 2120.664 
5 2625.703 
4 2678.572 
5 2216.149 
5 2158.932 
5 1485.214 
5 2142.119 
5 2050.360 
5 2010.287 
5 2082.584 
4 1435.280 
5 1449.357 
4 1773.069 
5 1934.449 
5 2180.515 
5 2823.550 
5 2234.930 
5 2374.458 
5 1962.994 
5 2340.417 
5 2134.269 
5 1747.083 
5 3233.756 
5 3615.954 
5 2153.295 
5 2365.789 
5 1935.871 
5 2247.346 
5 2331.767 
4 2776.367 
5 2361.970 
5 2187.510 
5 2087.912 
4 2609.933 
5 3014.817 
5 2028.028 
5 1665.671 
4 2421.959 
4 2586.928 
5 2572.551 
5 2994.598 
5 2093.140 
5 2285.262 
5 2244.264 
5 2224.363 
5 2491.146 
5 2151.999 
5 1126.965 
5 2732.754 
5 2484.468 
5 2333.518 
5 2692.833 
5 2057.366 
5 2106.125 
5 2134.055 
5 2537.404 
5 2265.255 
5 1863.998 
5 2583.259 
5 2478.759 
5 1961.993 
5 2242.545 
5 2794.241 
4 2534.968 
5 1646.729 
5 2077.086 
5 1945.533 
5 2084.387 
4 2606.098 
5 2562.313 
5 2161.297 
5 2639.959 
5 2352.628 
5 2011.824 
4 1649.998 
5 2441.237 
5 1671.587 
5 2053.732 
5 2756.495 
5 2229.723 
5 1948.355 
5 2274.735 
5 2039.309 
4 3033.040 
5 2433.126 
5 2398.104 
5 1931.081 
5 1872.124 
5 2429.349 
4 2726.895 
5 3009.265 
5 2120.885 
5 2139.788 
5 2404.840 
5 1853.210 
5 1880.209 
5 2480.370 
4 2151.825 
4 2385.971 
5 3038.932 
5 2042.839 
5 2436.125 
5 2111.637 
4 2517.127 
4 2535.964 
5 2085.934 
5 1936.281 
5 2702.806 
5 2676.766 
5 1623.370 
4 2151.795 
5 2237.779 
5 2256.192 
5 1432.336 
5 1749.083 
5 1015.085 
5 2386.470 
5 3125.232 
5 2609.041 
5 2408.173 
5 1639.275 
5 1875.729 
5 2657.330 
5 1629.526 
5 2094.029 
5 2845.313 
5 2135.979 
4 2152.458 
5 2213.370 
5 1991.063 
5 2774.535 
5 1485.569 
5 2534.079 
5 2251.570 
5 1711.206 
5 1891.779 
5 1858.627 
5 3014.742 
4 2833.132 
5 2473.417 
5 2302.611 
5 2179.844 
4 2748.472 
5 2503.019 
4 2177.149 
5 1914.801 
5 2231.601 
5 2182.348 
4 2801.802 
5 1682.230 
5 1900.170 
5 1768.301 
5 2727.284 
5 2136.796 
5 1974.597 
5 1457.871 
5 1578.786 
5 2121.266 
5 2253.823 
5 1648.556 
5 2600.874 
5 2361.304 
5 2294.948 
5 2146.763 
5 2235.757 
5 2405.553 
4 2053.267 
5 1945.318 
5 3606.235 
5 2818.959 
5 1978.652 
5 2137.941 
5 2281.552 
5 2287.461 
5 1653.361 
5 1967.881 
5 1963.826 
5 2196.958 
5 2096.107 
5 1944.674 
5 2493.624 
5 1559.463 
5 2756.957 
5 2310.342 
5 2577.815 
5 1936.970 
5 2238.100 
4 1395.324 
4 1488.865 
5 2106.459 
5 2247.521 
5 1941.947 
4 1946.916 
4 2521.956 
5 2775.735 
4 2927.238 
5 1839.072 
5 2392.446 
4 2219.956 
5 1989.593 
5 2211.343 
5 2670.879 
5 2729.961 
5 1770.417 
5 2141.137 
5 2505.934 
5 2104.929 
5 2514.269 
5 2314.789 
5 2142.282 
5 2905.268 
5 2697.152 
5 1595.553 
5 2262.101 
5 2135.498 
5 1931.875 
5 2471.590 
5 2057.589 
4 2105.742 
5 2230.650 
5 2082.224 
5 2295.635 
5 2173.329 
5 2267.637 
5 2548.868 
5 1754.284 
5 3356.912 
5 2982.311 
4 2195.920 
5 2047.243 
5 2320.868 
5 2113.803 
5 2741.129 
5 1815.596 
5 2065.054 
5 2041.412 
5 2067.745 
5 2414.350 
5 2502.943 
5 2210.465 
5 1933.106 
5 2255.283 
5 1750.240 
5 2324.825 
5 1932.167 
5 2312.727 
5 1654.061 
5 2141.314 
5 2496.928 
5 2375.393 
5 1990.408 
5 2597.893 
5 2311.343 
5 1426.873 
4 2471.398 
5 2817.959 
5 1958.203 
5 2628.807 
5 2239.138 
5 2749.255 
5 2177.987 
5 2212.214 
5 2149.667 
5 2508.432 
5 1669.934 
5 2315.177 
5 2473.091 
5 2246.891 
5 1875.765 
5 1917.955 
5 3051.593 
5 2188.809 
5 2849.781 
5 1216.224 
5 2866.400 
5 2290.998 
5 2367.623 
5 2104.436 
5 2719.492 
5 2540.145 
5 2178.817 
5 2251.375 
5 1977.688 
5 2962.282 
5 2730.003 
5 2298.250 
5 2105.816 
5 2224.622 
5 2449.335 
5 2387.872 
5 2162.677 
4 1845.285 
5 2747.036 
5 2002.146 
5 2299.135 
5 1814.856 
5 2279.462 
5 2014.296 
5 2062.854 
5 2180.135 
5 1982.640 
4 1595.947 
5 2317.214 
5 1905.371 
5 1775.474 
5 1913.928 
5 2413.937 
5 2574.733 
5 1631.080 
5 1795.068 
5 1983.252 
5 2186.086 
5 2427.462 
5 1775.022 
5 3705.985 
4 2786.626 
5 2448.158 
4 2272.652 
5 2022.832 
4 2265.255 
5 3096.252 
5 1936.506 
5 2819.939 
5 2261.133 
5 2444.458 
4 1803.156 
5 2336.109 
5 2769.033 
5 2250.949 
4 1819.506 
5 2829.649 
4 1506.277 
5 1933.508 
5 2279.173 
5 2211.875 
5 2155.673 
5 2346.468 
5 2178.588 
5 2503.539 
4 2228.430 
5 2779.412 
5 2806.299 
5 2715.146 
5 2289.129 
4 2631.806 
4 2185.061 
5 1951.784 
5 2310.285 
5 2005.608 
5 2650.364 
5 1925.851 
5 1820.341 
5 2220.868 
5 1835.533 
5 1299.786 
5 1809.986 
5 2215.865 
5 2460.019 
5 1994.885 
5 2001.303 
5 2683.700 
5 2724.072 
5 2069.205 
5 1858.289 
5 2411.261 
5 1989.046 
5 2699.308 
5 2427.951 
5 2571.830 
5 2664.188 
5 2752.175 
5 2378.800 
4 2729.651 
5 2439.855 
5 2294.173 
5 2704.972 
5 2114.100 
5 1301.610 
4 1360.562 
5 2268.057 
5 2119.580 
5 3039.443 
5 2343.987 
5 2208.831 
5 1810.727 
5 2015.568 
5 2321.157 
5 2285.844 
5 2260.617 
5 1972.107 
5 2235.119 
5 2204.981 
5 2221.126 
5 1980.867 
5 2253.284 
5 2627.317 
5 2498.953 
5 2237.544 
5 2827.498 
5 2255.545 
5 2230.729 
4 2397.972 
5 1596.460 
4 2071.116 
5 2324.265 
5 1896.891 
