5 1856.921 
5 2445.832 
5 2388.542 
5 2500.366 
5 2620.995 
5 2007.015 
4 2916.817 
5 2527.897 
5 2020.718 
5 2045.613 
5 2801.747 
5 2287.216 
5 2555.620 
5 2841.277 
5 2146.513 
5 1857.497 
5 3138.060 
5 2819.677 
5 2985.280 
5 2575.206 
5 2992.711 
5 1699.299 
5 2472.415 
5 3187.384 
5 2653.046 
5 2267.014 
5 2778.661 
5 1416.405 
5 1919.670 
5 2594.876 
5 2930.813 
5 2389.434 
5 2270.620 
5 3766.312 
5 2546.590 
5 1869.602 
4 3058.925 
5 2302.167 
5 1782.384 
5 2329.269 
5 2217.680 
5 2891.114 
5 1917.356 
5 2325.221 
5 2437.951 
5 2373.865 
5 2224.472 
4 2504.554 
4 3025.724 
5 2676.807 
5 2572.373 
5 2430.645 
5 2604.546 
5 2903.650 
5 2036.173 
5 2273.367 
5 2429.320 
5 2378.917 
5 2558.872 
5 2398.586 
5 2155.779 
5 2098.174 
5 2538.075 
5 3971.701 
5 2242.622 
5 2456.190 
5 2448.761 
5 1801.846 
5 2464.618 
5 2076.516 
5 2458.102 
5 2230.161 
4 2564.971 
5 1953.193 
5 2384.822 
5 3062.224 
5 2263.176 
5 2529.702 
5 2518.378 
5 1683.092 
4 2884.336 
5 1615.539 
4 2460.031 
5 2134.451 
5 2359.673 
5 2510.051 
5 2539.777 
5 2388.249 
5 1639.841 
4 2401.795 
5 2338.665 
5 2684.139 
5 2411.019 
5 2387.828 
5 2256.686 
5 2119.554 
5 2614.854 
5 2146.383 
5 3289.073 
5 2706.214 
5 2621.305 
5 2173.674 
5 2463.823 
4 1643.981 
5 2538.661 
5 2044.484 
5 2413.387 
5 2572.651 
5 2457.354 
5 2715.417 
5 2567.902 
5 2173.005 
5 1810.775 
5 2183.554 
5 2420.294 
5 2419.265 
5 2971.314 
5 2239.068 
5 2016.717 
5 2590.697 
5 1795.026 
5 2267.774 
5 2057.297 
5 2376.908 
5 2396.116 
5 2221.761 
5 2533.841 
5 2170.307 
5 2710.463 
5 2138.752 
5 1819.675 
5 2049.591 
5 2135.621 
5 3301.095 
5 2667.657 
5 2806.050 
5 2281.089 
5 2387.278 
5 2211.867 
5 2569.379 
5 2432.468 
5 2693.262 
5 3835.855 
5 2404.474 
5 2444.965 
5 1839.939 
5 2890.288 
5 2162.719 
5 2538.797 
5 2158.639 
5 2023.822 
5 1992.686 
4 2595.923 
5 2081.749 
5 2270.960 
5 2902.061 
4 2587.417 
5 2395.135 
5 2126.302 
5 2411.842 
5 1785.132 
5 2936.140 
5 2493.583 
5 2202.021 
5 1907.406 
5 2717.274 
4 2494.053 
5 2879.221 
5 2275.424 
5 2196.405 
5 2413.898 
5 3106.137 
5 2360.512 
5 2411.346 
5 3204.742 
5 1811.815 
5 2395.289 
5 2677.708 
5 2227.383 
4 2571.211 
5 2419.182 
5 2181.015 
5 2253.770 
5 1820.343 
5 2047.510 
5 2243.330 
5 2377.551 
5 1982.490 
5 2203.452 
5 2685.683 
5 2637.325 
5 2333.464 
5 2253.921 
4 3004.480 
5 2510.953 
5 2488.681 
4 2237.111 
5 2586.965 
5 2323.421 
5 3016.040 
5 2189.132 
5 2302.674 
5 2404.409 
4 2075.000 
5 2601.395 
5 2307.150 
5 2225.315 
5 3256.361 
5 1977.302 
5 2603.192 
5 2236.237 
5 2356.478 
5 2483.526 
5 2655.808 
5 2155.921 
5 2715.531 
5 2243.454 
5 2262.907 
5 3567.104 
5 2254.606 
4 1916.234 
5 2091.493 
5 1429.388 
5 1938.362 
4 2151.914 
5 1956.610 
5 2678.284 
5 2628.730 
5 2604.581 
4 2821.041 
4 2500.363 
5 2285.681 
5 2955.945 
5 2895.573 
5 1871.869 
5 3385.365 
5 2060.996 
5 2603.412 
5 2622.616 
5 2664.096 
4 2542.694 
5 2966.409 
5 2066.115 
5 2182.380 
5 2324.237 
5 2549.149 
5 2068.909 
5 2923.469 
5 2452.576 
5 2245.628 
4 2279.920 
5 2724.281 
5 2973.072 
5 2410.300 
5 1951.033 
5 2442.309 
5 2456.855 
4 2539.641 
5 2595.492 
4 2503.627 
5 2358.834 
5 2077.171 
4 2149.627 
5 2132.359 
5 2904.938 
5 2438.830 
5 2877.147 
5 1991.065 
5 1797.124 
5 2574.336 
4 2053.628 
5 3505.734 
5 2390.767 
5 2147.854 
4 2902.681 
5 2611.130 
5 2463.596 
5 2408.006 
5 1903.555 
5 2332.740 
4 2335.324 
5 1486.496 
5 2547.984 
5 2164.608 
5 2073.483 
5 2935.549 
5 2593.785 
5 2861.351 
5 2024.079 
5 2288.921 
5 2624.253 
5 2026.244 
5 2218.235 
5 2519.249 
5 2489.972 
5 2717.558 
5 3052.801 
5 2238.753 
5 3030.817 
5 2965.320 
5 2157.207 
5 2167.124 
5 1771.554 
5 2789.135 
5 2208.840 
4 2342.114 
5 2172.216 
5 2383.124 
5 3288.347 
5 2496.945 
5 2794.784 
5 2232.132 
5 2906.861 
5 2537.027 
4 1717.599 
5 2452.373 
5 2272.031 
5 2176.577 
5 2354.958 
4 2481.647 
5 2505.537 
5 2612.545 
5 3462.344 
5 2343.881 
5 2398.080 
5 2393.417 
5 2914.865 
5 2641.194 
5 2186.875 
4 2175.058 
4 2401.324 
5 2820.730 
4 2234.788 
4 1872.057 
5 2353.247 
4 2625.661 
4 2223.748 
5 2922.849 
5 2051.145 
5 2415.304 
5 2627.431 
5 1990.263 
4 2326.060 
5 3114.789 
5 2473.666 
4 2881.538 
5 2721.169 
5 2204.419 
5 2163.140 
5 1866.656 
5 1801.966 
5 2522.704 
5 3063.131 
5 2087.163 
5 3136.206 
5 2272.138 
5 1349.660 
5 1930.196 
5 2949.954 
5 3022.765 
5 2406.522 
5 2185.913 
5 2343.763 
5 1979.113 
5 3098.579 
5 2235.761 
5 2927.726 
4 2381.506 
5 2055.972 
5 1736.220 
5 2101.224 
4 2175.731 
5 2620.046 
5 3709.720 
5 1918.299 
5 2648.863 
5 2678.933 
4 1967.446 
5 2392.889 
5 2154.558 
5 2189.146 
5 2153.479 
5 2580.904 
4 2436.457 
5 2039.968 
5 2338.421 
5 2209.317 
5 2430.138 
5 3369.504 
5 1810.796 
5 2225.001 
5 2652.107 
5 2544.877 
5 2363.673 
5 2646.338 
5 2083.902 
5 2185.306 
5 2188.729 
5 2871.573 
5 2221.569 
5 2295.739 
4 2325.991 
5 2830.027 
5 2370.906 
5 2848.403 
5 2264.167 
5 2519.246 
5 2392.100 
5 2353.874 
5 2907.577 
5 2159.739 
5 2241.471 
5 2266.982 
5 2444.273 
5 2836.862 
5 2849.799 
5 2362.973 
5 1961.447 
4 2408.121 
4 2299.586 
5 2368.775 
5 1805.943 
5 2351.898 
5 2485.081 
5 2938.204 
5 2198.176 
4 2397.233 
5 2212.004 
5 2281.059 
5 2264.325 
5 2643.485 
5 2358.081 
5 2811.689 
4 1910.214 
4 2509.969 
5 2269.646 
5 2554.774 
5 2099.187 
5 2327.812 
5 2351.502 
5 2961.572 
5 1702.572 
5 2396.378 
5 2466.571 
5 2018.562 
5 2705.794 
5 2558.712 
5 2084.562 
5 2343.465 
5 2440.605 
5 2584.765 
5 2655.296 
5 2106.370 
5 2642.360 
5 2151.808 
5 2540.896 
5 2039.975 
5 2861.517 
5 2422.106 
5 2440.978 
5 2793.131 
5 2556.408 
5 1887.505 
5 2532.387 
5 2380.812 
5 2766.450 
5 2045.557 
5 1894.541 
5 1961.987 
5 2294.596 
5 3285.763 
4 2064.095 
4 2442.281 
5 2252.906 
5 2504.934 
5 1367.375 
5 2883.295 
5 2566.175 
5 2348.530 
5 2530.551 
5 2636.133 
5 2362.831 
5 2516.385 
5 3071.562 
5 1854.861 
5 2951.474 
5 2918.310 
5 2128.738 
5 1941.583 
5 2127.231 
4 2126.003 
5 2650.717 
4 2590.259 
5 2243.537 
5 2900.059 
5 2492.401 
5 2270.000 
5 2241.497 
5 2076.089 
5 2713.908 
5 2644.003 
5 2414.712 
5 2750.124 
4 2455.241 
5 3173.024 
5 2084.474 
5 1847.687 
5 1960.590 
5 1967.262 
5 2394.599 
5 3293.031 
5 2728.426 
5 2478.970 
5 2103.990 
5 2149.920 
5 2541.824 
5 2028.928 
4 2045.425 
5 2749.233 
5 2292.995 
5 2537.065 
4 2847.154 
5 2389.827 
5 2829.607 
5 2338.456 
4 2570.978 
5 2084.688 
5 3020.950 
5 2663.065 
5 2145.544 
5 2786.827 
5 2287.664 
5 3155.095 
5 1930.245 
5 2822.194 
5 2621.475 
5 2639.707 
5 2681.184 
4 2425.056 
5 2449.333 
5 2523.401 
5 2980.493 
5 2516.599 
4 2313.994 
4 2390.643 
5 2135.438 
5 2759.957 
5 2644.511 
5 2210.635 
5 2845.851 
5 2583.070 
5 2279.181 
5 2301.724 
5 2443.303 
5 2598.876 
4 2444.566 
5 2522.063 
4 2153.163 
5 1986.132 
4 2310.908 
5 2054.881 
4 2543.172 
5 2403.454 
5 2842.974 
4 2503.054 
5 2434.514 
5 2870.486 
5 2506.806 
5 2081.049 
5 2367.113 
5 2603.441 
5 2386.333 
5 2242.964 
5 2313.480 
5 1929.021 
5 2534.034 
5 2314.194 
5 2199.286 
4 2919.600 
5 2707.187 
5 2269.580 
5 2008.170 
4 2033.317 
5 2535.296 
5 2482.313 
5 2807.245 
5 2020.448 
5 2849.116 
5 2198.219 
5 2896.586 
5 2234.644 
5 2284.767 
5 2349.230 
5 1562.186 
5 1912.521 
5 2591.196 
5 1771.137 
4 2441.774 
5 2518.532 
5 1932.844 
5 1875.263 
5 2423.448 
5 2501.829 
5 2039.476 
5 2903.479 
5 2539.959 
5 2923.713 
5 2186.607 
4 2908.412 
5 2090.075 
5 2425.704 
5 1992.292 
5 1636.867 
5 3078.421 
5 2399.348 
5 1948.544 
5 3135.877 
5 2370.054 
5 2621.181 
5 2122.018 
5 2454.048 
4 1947.930 
5 2442.406 
4 1680.464 
4 2570.717 
5 2275.880 
5 2222.628 
5 1916.147 
5 2734.335 
4 1123.755 
5 2832.383 
5 2631.679 
5 2131.492 
4 2666.988 
5 2553.950 
5 2528.564 
4 2628.669 
5 2094.883 
4 2186.078 
5 1397.588 
5 2435.678 
5 3080.693 
5 2728.595 
5 2080.022 
5 2628.552 
5 2379.552 
5 2636.854 
5 2678.107 
5 1724.213 
5 2339.572 
5 2458.151 
5 2329.060 
5 2711.018 
5 2795.678 
5 2652.445 
5 2427.854 
5 2438.505 
4 2122.253 
5 2566.000 
5 2715.976 
4 2548.092 
4 2289.033 
5 2478.834 
5 2301.566 
5 2677.769 
5 2438.989 
5 2355.928 
5 2126.983 
5 2684.719 
5 1561.265 
5 1782.911 
5 2068.040 
4 2665.623 
5 2180.387 
5 2856.215 
4 1952.798 
5 1973.116 
4 2747.330 
5 2216.148 
5 2060.391 
5 1991.751 
5 2611.699 
5 2312.685 
5 2082.831 
5 2631.637 
5 2605.533 
5 2177.785 
5 2435.386 
5 3498.470 
5 2571.349 
5 3128.862 
5 2553.782 
5 2337.240 
5 2368.819 
5 1840.009 
5 2592.522 
5 2519.980 
5 2261.943 
5 2230.370 
5 1931.007 
5 1908.585 
5 2583.636 
4 2762.957 
5 2314.436 
5 2613.871 
5 2319.562 
5 3235.434 
5 2645.785 
5 2768.753 
5 2491.467 
5 2115.510 
5 2812.411 
5 3114.604 
5 1975.870 
5 2201.048 
5 2613.464 
4 2185.838 
5 3229.789 
5 2360.639 
5 2672.395 
5 2713.374 
5 2306.411 
4 2035.796 
5 2282.206 
5 2765.070 
5 2698.149 
5 2271.810 
5 2290.255 
5 2280.140 
4 2264.435 
5 2485.563 
5 2262.366 
5 1962.691 
4 2840.928 
5 2454.904 
5 2609.839 
5 2382.092 
5 2552.567 
5 2585.625 
4 2466.130 
5 2401.036 
5 2413.407 
5 2207.617 
5 2908.874 
5 2739.536 
5 2907.550 
5 2349.140 
5 2527.678 
5 1629.547 
5 2629.726 
5 2396.001 
4 2264.564 
5 3317.955 
5 2174.710 
4 2421.392 
5 2487.889 
5 2272.255 
5 1920.856 
5 2222.044 
5 2426.846 
5 2174.829 
5 2665.610 
5 2350.871 
4 2608.956 
4 3105.782 
5 3416.131 
5 2723.331 
5 2360.662 
5 2262.485 
5 2642.382 
5 3015.104 
5 2330.886 
5 2192.848 
5 2248.166 
5 2477.083 
5 2882.625 
5 2202.700 
5 2337.592 
5 2151.802 
5 2171.094 
5 2261.759 
5 3045.216 
5 2768.135 
4 2406.134 
5 2300.083 
5 2368.160 
5 2273.957 
5 2550.673 
5 2145.366 
5 2558.992 
4 2518.600 
5 1419.920 
5 3214.644 
5 2163.198 
5 2345.139 
5 2598.854 
5 1929.488 
5 2355.580 
5 2272.602 
5 1726.070 
5 2700.746 
5 2423.961 
5 2724.493 
5 2051.331 
5 2379.171 
5 2798.533 
5 2011.609 
5 2364.143 
5 2577.916 
5 2270.097 
4 2826.521 
5 2623.099 
5 2240.127 
5 1942.960 
5 2364.081 
5 2857.733 
5 2244.872 
5 2080.308 
5 2402.908 
5 2636.255 
5 2012.666 
5 2700.179 
4 1645.910 
4 2561.853 
5 2648.066 
5 2759.698 
5 2197.723 
5 2223.506 
5 2200.959 
4 1847.677 
5 2211.073 
4 2423.341 
5 2182.677 
5 2173.857 
5 2812.090 
5 2968.370 
5 2954.791 
5 3119.745 
5 2321.742 
5 2330.669 
5 2499.907 
5 3118.161 
4 2102.760 
5 2084.167 
4 2196.686 
5 2118.844 
5 1863.158 
5 2075.863 
5 2507.033 
5 2960.441 
5 2449.986 
5 2224.887 
5 2658.101 
5 2202.678 
5 2702.602 
5 2410.738 
5 2735.037 
4 1948.484 
5 2537.314 
5 2445.486 
5 2342.405 
5 2295.732 
5 2533.371 
5 3632.542 
4 2214.233 
5 2060.264 
5 2417.077 
5 2412.726 
5 3212.520 
5 2350.876 
5 2168.424 
5 2420.107 
5 2081.761 
5 2166.056 
5 3164.437 
5 2490.524 
5 2865.647 
5 2522.879 
5 2048.571 
5 2048.281 
5 2021.275 
4 1729.033 
5 2627.162 
5 2622.529 
5 2204.192 
5 2404.394 
5 1773.036 
5 2836.276 
5 2424.829 
5 1985.770 
5 2293.487 
5 2166.586 
5 1988.993 
4 2285.001 
5 2394.266 
5 2776.812 
5 2584.303 
5 2012.444 
5 2460.658 
5 2246.702 
5 3093.110 
5 2198.042 
5 2552.850 
5 2301.880 
4 2215.498 
5 2293.097 
5 2371.510 
5 3030.067 
5 2290.902 
5 2464.574 
5 2782.278 
5 1661.891 
5 2682.517 
4 2139.591 
4 1992.136 
5 2060.538 
5 1978.766 
5 3918.822 
5 3260.843 
5 2453.620 
5 2338.081 
5 2428.491 
5 1386.912 
5 3135.302 
5 2562.121 
5 2232.042 
5 2534.036 
5 2320.232 
5 2145.468 
5 2438.892 
5 2920.776 
5 2386.609 
5 2278.649 
5 2133.635 
5 2464.238 
5 2106.640 
5 2450.853 
5 2278.923 
5 2421.832 
5 2359.454 
5 2263.491 
5 2323.041 
5 2591.316 
5 2803.506 
5 2593.802 
5 2262.949 
5 2228.728 
4 2368.802 
5 2063.961 
4 1911.549 
5 2164.391 
5 2094.983 
5 2285.667 
5 2476.805 
5 2281.748 
5 2824.053 
5 2370.824 
5 2389.153 
5 2326.885 
5 2727.945 
5 2464.312 
5 2942.527 
5 2667.698 
5 2583.412 
5 2399.135 
4 1600.974 
5 2304.549 
5 2687.659 
5 2509.857 
5 1975.979 
5 2408.741 
5 1869.771 
5 2862.965 
5 2649.995 
5 2687.219 
5 2448.973 
4 2256.914 
4 2189.497 
5 2776.518 
5 2448.848 
5 2109.224 
5 1883.376 
5 2303.081 
5 2420.039 
5 2251.788 
5 3203.117 
5 3182.429 
4 1795.264 
5 2251.154 
5 2486.070 
5 2399.902 
4 2907.343 
4 2206.174 
5 2462.000 
5 1861.604 
4 3037.958 
5 2232.815 
4 1978.955 
5 1808.909 
5 1784.981 
5 2583.219 
5 1850.943 
5 2733.682 
5 2203.022 
5 2512.698 
5 2330.202 
5 2634.969 
5 2438.706 
5 2617.477 
5 2837.625 
5 2291.670 
5 2490.969 
5 2298.521 
5 2643.175 
5 3192.156 
5 2506.446 
5 3087.879 
5 2946.634 
5 2816.805 
4 2642.431 
5 2037.929 
5 2501.091 
5 2852.083 
5 1999.205 
5 2787.448 
5 2223.728 
5 2433.067 
5 2499.215 
5 2538.765 
5 1782.800 
4 2496.610 
4 1958.601 
5 2266.503 
5 2703.869 
5 3113.676 
5 2018.377 
5 2828.757 
5 2433.016 
5 2081.069 
5 2964.310 
5 2215.594 
5 2937.907 
4 2407.904 
4 1758.087 
5 2572.670 
5 2180.596 
5 2002.587 
4 2217.378 
5 1626.515 
5 2831.768 
5 2240.664 
5 1883.060 
5 2170.343 
5 2440.551 
5 2168.947 
5 2469.244 
5 2825.380 
5 2197.042 
5 3657.689 
5 2324.297 
5 2257.457 
5 2508.604 
5 2707.632 
5 2333.252 
5 2341.040 
5 2732.378 
5 1778.472 
4 2606.456 
5 2270.648 
5 2259.868 
5 2431.211 
5 2136.890 
5 1657.494 
4 1965.598 
5 2486.435 
5 2354.789 
4 2384.219 
4 2488.917 
5 2467.950 
5 2347.278 
5 2294.891 
5 2206.953 
4 2228.306 
5 2654.907 
5 1476.578 
5 3265.904 
5 2269.053 
5 2809.575 
5 2418.782 
4 2390.944 
5 3007.676 
5 2277.064 
5 2515.015 
5 2528.858 
5 2250.899 
5 2465.885 
5 1695.836 
5 2601.324 
5 2039.906 
5 3017.438 
5 2556.906 
5 2245.291 
5 2624.582 
5 2737.255 
5 2594.239 
5 2463.004 
5 2054.405 
4 2321.100 
4 2415.229 
5 2439.396 
5 2610.298 
5 2080.553 
5 2710.076 
5 1939.294 
5 2718.994 
5 2326.219 
5 2243.084 
5 2676.290 
4 2641.143 
5 1971.451 
5 2677.526 
5 2541.147 
5 2565.051 
5 2172.209 
5 1751.962 
5 1872.401 
5 2165.295 
5 2843.023 
5 1836.280 
5 3232.902 
5 2175.867 
5 2513.561 
5 2299.838 
5 2515.522 
4 2210.513 
5 2297.404 
4 2381.034 
5 1694.011 
5 2360.503 
5 2373.043 
5 3404.290 
5 2621.817 
5 2602.432 
5 2412.809 
5 2167.149 
5 2660.134 
5 2439.505 
5 1913.281 
5 2422.295 
5 3247.101 
5 2640.108 
4 2386.631 
5 2095.033 
5 2571.965 
5 2032.254 
5 2466.668 
4 2015.619 
5 2021.716 
5 3426.196 
5 2855.577 
5 2378.219 
5 2739.959 
5 2233.480 
5 2301.369 
5 2517.075 
5 1961.422 
5 2392.098 
5 2359.107 
5 2595.190 
4 2183.832 
5 1999.373 
4 2351.029 
4 2005.856 
5 2955.956 
5 1699.972 
5 2155.642 
5 2471.549 
5 2732.560 
5 2379.365 
5 2758.073 
5 2767.734 
5 2407.285 
5 2375.535 
5 2080.653 
5 3053.650 
5 3268.216 
5 4015.520 
5 2777.199 
5 2334.161 
5 2189.889 
5 2377.883 
5 1364.797 
5 2580.946 
5 2777.354 
4 1857.823 
4 2386.937 
4 2376.807 
5 2216.256 
5 2402.176 
5 3279.293 
5 2017.250 
5 3597.514 
5 2661.973 
5 2283.749 
5 2399.175 
5 2019.470 
5 2232.506 
5 2867.646 
5 2395.107 
5 1858.788 
5 1697.442 
4 2455.537 
5 2626.136 
4 2528.343 
4 2102.805 
5 2598.913 
5 2068.855 
5 2562.022 
5 1676.317 
5 2527.524 
5 2799.464 
5 3084.585 
4 2152.188 
5 2381.540 
5 2433.375 
4 2683.504 
5 2189.177 
5 2175.674 
4 2265.627 
5 2983.301 
5 2159.084 
5 2468.855 
5 2357.802 
5 2618.764 
5 2515.728 
5 2408.088 
4 2260.100 
5 2124.838 
5 2977.637 
5 1917.585 
5 2250.069 
5 2435.156 
4 2397.184 
5 2308.887 
5 2504.470 
5 2596.049 
5 2192.476 
5 1615.934 
5 2291.458 
4 2324.888 
5 2592.761 
5 2033.172 
5 2728.037 
5 2978.700 
5 2315.146 
5 2696.124 
5 1752.717 
5 2577.354 
5 2573.729 
5 2670.133 
5 2437.491 
5 2272.490 
5 2506.958 
4 2877.383 
5 2221.406 
5 1997.649 
5 1757.364 
5 2382.969 
5 2989.800 
5 1900.298 
4 1845.914 
5 2145.569 
5 2065.104 
5 2086.010 
5 2569.252 
5 1784.613 
5 2506.990 
5 2920.185 
5 2256.195 
5 2615.660 
4 3277.593 
5 2328.326 
5 2954.601 
5 2325.129 
5 2463.700 
5 2774.752 
5 2234.184 
5 2708.341 
5 2390.528 
5 2312.244 
5 2024.241 
5 2606.048 
5 2312.669 
5 2364.158 
5 2351.878 
5 2592.802 
5 2292.696 
5 2140.121 
4 2358.942 
5 2279.930 
4 2794.760 
5 2030.649 
4 1987.993 
4 2419.986 
5 2042.597 
5 1931.451 
5 2291.218 
5 2572.178 
5 2077.571 
5 2302.657 
5 2473.870 
5 2634.692 
5 2149.743 
5 2433.935 
4 1951.185 
5 2487.462 
5 3018.199 
5 2334.577 
5 2444.007 
5 1693.078 
5 2066.535 
5 2291.924 
4 2961.522 
5 2272.089 
5 3378.222 
5 2836.854 
5 2252.659 
4 2046.170 
5 2782.459 
5 2755.851 
5 2900.519 
5 2132.525 
5 2239.629 
5 1922.539 
5 1945.177 
5 2347.431 
5 2235.746 
4 2755.178 
5 3285.211 
5 2560.706 
4 2601.201 
5 1929.875 
5 1746.339 
5 2404.846 
5 2195.100 
5 2264.740 
5 2838.978 
5 1827.643 
5 2348.997 
5 2183.398 
5 2068.011 
4 2394.193 
5 2066.847 
5 2187.320 
4 2266.570 
5 2191.501 
5 2689.144 
5 2059.771 
5 1756.585 
5 1888.232 
5 2214.842 
5 2472.732 
5 2335.697 
5 2067.838 
5 2447.800 
5 2248.655 
5 2871.299 
5 1983.879 
5 2474.061 
4 2514.011 
5 2230.990 
5 2240.957 
5 2464.597 
4 2920.019 
5 1994.878 
5 2574.370 
5 2082.717 
5 2762.180 
5 2702.015 
5 2212.372 
5 2558.508 
4 2730.918 
5 2381.021 
5 2581.137 
5 1465.229 
5 2526.688 
5 3095.407 
5 2242.925 
5 2347.197 
5 3026.398 
5 2538.034 
4 2541.011 
5 1683.022 
5 2880.038 
4 2432.223 
5 2433.791 
5 2663.465 
5 2582.041 
5 2220.707 
5 2166.181 
5 1856.638 
4 3033.922 
5 2511.381 
5 2269.111 
5 3205.200 
5 3095.376 
5 2154.824 
5 2458.329 
5 1956.859 
5 2495.622 
4 2261.692 
5 2546.055 
5 2342.054 
5 2012.401 
5 2212.431 
5 1850.855 
5 2599.879 
5 2457.452 
5 2432.817 
5 2329.745 
5 2336.267 
5 1917.550 
4 2456.125 
4 2161.897 
4 2536.729 
4 2354.201 
5 3078.070 
5 2933.181 
5 1919.947 
5 2011.644 
4 2246.671 
5 1897.998 
5 2385.392 
5 2907.421 
5 1997.986 
5 3144.854 
4 2499.694 
4 1267.191 
5 2176.957 
5 1793.940 
5 2092.551 
4 1829.768 
5 2143.721 
5 1924.809 
5 2758.978 
5 2690.205 
5 2614.146 
5 1741.887 
5 1977.310 
5 2465.086 
5 3014.655 
5 2167.797 
5 2270.790 
5 2088.225 
5 2185.560 
5 2331.075 
5 3051.935 
5 1730.700 
5 2666.976 
5 2732.354 
5 2054.643 
5 2705.591 
5 2191.769 
5 2353.622 
5 2240.463 
5 2942.516 
4 3117.494 
5 2478.332 
5 2148.108 
5 2447.776 
5 2260.562 
5 2795.185 
5 2105.188 
5 2035.351 
5 3003.135 
5 2265.796 
4 2409.172 
5 1889.122 
5 1916.829 
5 2003.916 
5 2529.613 
4 2146.779 
4 2829.931 
5 2091.140 
5 1921.843 
5 2805.584 
5 3125.354 
5 1405.033 
4 2958.800 
5 2851.957 
5 2421.634 
5 2463.457 
5 1957.633 
4 2160.702 
5 1768.186 
5 2267.742 
5 2812.104 
5 2706.254 
5 1848.649 
5 2591.598 
5 2584.586 
5 1783.287 
5 2097.056 
5 2189.438 
5 2358.908 
4 2493.784 
5 2240.604 
4 2715.713 
5 2786.439 
5 3357.976 
5 2681.594 
4 2909.531 
4 2147.209 
5 2169.039 
5 1982.387 
5 2527.105 
5 1858.035 
5 2752.653 
5 2091.979 
5 2386.098 
5 1977.307 
5 1677.785 
5 1887.423 
4 2560.804 
5 2421.353 
5 2413.012 
5 2745.687 
4 1981.013 
5 1895.583 
5 2619.072 
5 2445.065 
5 2041.014 
5 1960.143 
4 2823.567 
5 2116.039 
5 1706.916 
5 3065.067 
5 2637.302 
5 2142.916 
5 2047.108 
5 1952.207 
5 2120.547 
5 2270.894 
5 2911.197 
4 2077.662 
5 2801.019 
5 2836.456 
5 2070.894 
5 2975.698 
5 1880.184 
5 2139.200 
5 2665.983 
5 2950.221 
5 1837.938 
4 2157.058 
5 1687.996 
4 2539.153 
5 2118.852 
5 2404.631 
5 1549.460 
5 2248.328 
4 2497.051 
5 1823.915 
4 2082.594 
5 2377.328 
5 2370.986 
5 2744.401 
5 2334.230 
5 2622.488 
5 2553.149 
5 2496.916 
5 2346.868 
5 2026.543 
5 2204.580 
4 2200.350 
5 1940.987 
4 2360.227 
5 3198.887 
5 2467.573 
5 2598.758 
5 2434.588 
5 2776.325 
5 2123.939 
5 2917.412 
5 2546.396 
5 2260.368 
5 3093.258 
5 2217.973 
5 1751.819 
5 2667.338 
5 3480.318 
5 3104.721 
5 2112.577 
5 2490.043 
5 1595.360 
5 2471.177 
4 3125.107 
5 2528.674 
5 2154.663 
5 2610.530 
5 2559.516 
5 2339.459 
5 2131.750 
4 2495.773 
5 2482.501 
5 2136.080 
5 2281.561 
5 2283.605 
5 2335.864 
5 2531.173 
5 2030.546 
5 2757.308 
5 2307.652 
5 2586.345 
5 2304.186 
4 2637.035 
4 2245.711 
5 2489.754 
4 2491.586 
5 2467.904 
5 2237.234 
4 2806.487 
5 2219.239 
5 3220.805 
5 2377.581 
4 2756.945 
5 2115.930 
5 2251.608 
5 2500.390 
5 2334.537 
5 1937.557 
4 3783.145 
4 2160.112 
5 2586.008 
5 2747.533 
5 2790.565 
4 2825.409 
5 2944.253 
5 2732.750 
5 1873.520 
5 2437.791 
5 2192.094 
5 2291.975 
5 2607.318 
4 2486.948 
5 2551.385 
5 2194.229 
4 2983.367 
5 2221.423 
5 2389.644 
4 2362.090 
5 2135.719 
5 2735.703 
5 3225.925 
5 2671.353 
5 2844.156 
5 2354.886 
5 2263.227 
5 2667.151 
5 2651.585 
4 2323.641 
4 1684.735 
5 2295.828 
5 2836.317 
5 1866.379 
5 2929.670 
5 2954.719 
5 1807.246 
5 2417.820 
5 2712.515 
5 3470.303 
5 2226.619 
5 3102.177 
5 1946.967 
5 2201.872 
5 1714.650 
5 2521.696 
5 2051.158 
5 2726.495 
5 2359.058 
4 1971.193 
5 2180.908 
5 2063.074 
5 1839.014 
4 2568.767 
5 2215.325 
5 3292.973 
5 2732.579 
4 2125.243 
4 2386.994 
5 2077.925 
5 2459.549 
5 2308.561 
5 1958.803 
5 2035.296 
5 2309.089 
5 2654.687 
5 2544.150 
4 2838.312 
5 2582.670 
5 2795.212 
5 1883.545 
5 2055.685 
5 2186.459 
5 2140.642 
5 2474.473 
5 2448.683 
5 1809.383 
5 2644.254 
5 1978.776 
5 2470.262 
4 1799.698 
5 2095.633 
5 1509.878 
5 2435.196 
5 2253.806 
5 2694.738 
5 1939.399 
5 2363.378 
5 1980.912 
5 2615.712 
5 2438.935 
5 2092.408 
5 1917.188 
5 2448.926 
5 1913.300 
5 2576.977 
5 1970.326 
5 2589.782 
5 1771.028 
5 2339.242 
5 3108.594 
4 2901.982 
5 2838.866 
5 2383.752 
5 2210.646 
5 2346.419 
5 2823.605 
5 2413.568 
5 1918.157 
5 2423.652 
5 2272.066 
5 2289.259 
5 1954.349 
5 1880.563 
5 2427.298 
5 2297.954 
4 2929.115 
5 1952.117 
5 2562.439 
4 1624.337 
5 2494.705 
5 2537.175 
5 2865.219 
5 2480.576 
5 2372.132 
5 2798.094 
5 2552.848 
5 2217.901 
5 2517.076 
5 2365.059 
4 2586.632 
4 2919.023 
5 2215.314 
5 2586.119 
4 2075.685 
5 2470.734 
5 2063.165 
4 1550.264 
5 2063.511 
5 2150.465 
5 2241.938 
5 1930.263 
5 2419.659 
5 2098.587 
5 1890.808 
5 2691.677 
5 2553.537 
5 2032.227 
4 2142.819 
5 3201.252 
5 3459.614 
5 2272.906 
5 2541.763 
5 2467.905 
5 2611.868 
5 2605.747 
5 2284.526 
5 2105.454 
5 3302.029 
5 2591.780 
5 2859.396 
5 2414.361 
5 3238.061 
5 2156.084 
5 2334.481 
5 2803.619 
4 1984.169 
5 1686.628 
5 2338.232 
5 1685.668 
5 2008.950 
5 2080.132 
5 1761.827 
5 1587.961 
5 1869.135 
5 2520.078 
5 2187.537 
5 2536.220 
5 2426.731 
5 3060.671 
5 1848.245 
4 2034.869 
5 2002.877 
5 2757.704 
5 2637.632 
5 2630.753 
5 2373.917 
5 2290.344 
5 2354.851 
5 2262.321 
5 2720.920 
5 2479.820 
5 2404.573 
5 2046.729 
5 2530.698 
5 2107.458 
5 2507.217 
5 2667.200 
4 2565.741 
5 1865.734 
5 2697.823 
4 1946.815 
5 2375.999 
5 2394.416 
5 2060.432 
5 2490.549 
5 1965.433 
5 2236.703 
5 2203.061 
4 2843.376 
5 2468.535 
5 2830.848 
5 2867.687 
5 2229.658 
5 2424.171 
5 2411.274 
5 3014.501 
5 2309.688 
4 1730.138 
5 2096.640 
5 2266.126 
5 2777.051 
5 2478.792 
5 2557.066 
4 1900.118 
5 2817.472 
4 1720.005 
4 2348.433 
4 2103.631 
5 2600.844 
4 2399.730 
4 3713.968 
5 2846.878 
5 2408.293 
5 2217.019 
5 2695.363 
5 2312.494 
5 2666.775 
5 3247.488 
5 2235.715 
5 2464.233 
5 2698.801 
5 2857.965 
5 2271.372 
5 2364.366 
5 2387.673 
5 2488.227 
5 2934.316 
5 2293.739 
5 2393.128 
5 1970.960 
5 2463.278 
5 2632.829 
5 2272.399 
4 2547.283 
5 2421.085 
5 2330.884 
4 2228.826 
5 2433.902 
4 2086.552 
5 1908.533 
5 2337.471 
5 1846.808 
5 2259.898 
5 2013.501 
5 2564.034 
5 2455.336 
5 2009.355 
4 2423.780 
5 2312.896 
4 2212.964 
5 3043.434 
5 2361.663 
5 2133.031 
5 2585.361 
5 1883.784 
5 2447.931 
5 2916.689 
5 1958.581 
5 2912.433 
4 2404.624 
5 2620.346 
5 2434.996 
5 3051.529 
5 2398.889 
5 1609.277 
4 2245.334 
5 2557.710 
4 2611.443 
5 1861.266 
5 2348.177 
5 2488.595 
5 2693.060 
5 2624.419 
5 2144.739 
5 2319.401 
5 2187.872 
5 1806.489 
5 2759.965 
5 2333.550 
4 2419.945 
5 2548.250 
5 2716.912 
4 2517.763 
5 2563.782 
5 2641.342 
5 2459.268 
5 3071.141 
5 2326.563 
5 3014.263 
5 2112.745 
5 2809.039 
5 2722.494 
5 2771.189 
5 2346.157 
5 2235.770 
5 2082.458 
5 2325.948 
5 2419.704 
4 2331.555 
5 2460.267 
5 2596.874 
5 3416.912 
5 3142.546 
5 2231.439 
5 2341.789 
5 2200.990 
5 1752.248 
4 1580.607 
4 2814.927 
4 2364.485 
5 2430.759 
5 2372.221 
5 2022.073 
5 2019.913 
5 2166.663 
5 3054.767 
5 2281.003 
5 2459.380 
5 2030.042 
5 2365.620 
5 2289.081 
5 2454.491 
5 2476.652 
4 2728.791 
5 1804.942 
5 1864.453 
5 2033.855 
5 2672.072 
5 2277.233 
5 2209.228 
5 2474.297 
5 2471.026 
5 2369.129 
5 1831.531 
5 2160.877 
5 2738.995 
5 2645.121 
5 2328.198 
5 2228.935 
5 2033.349 
5 2380.845 
4 1893.752 
5 2142.432 
5 2032.843 
5 2422.038 
5 2076.995 
5 2434.542 
5 1828.919 
5 2363.971 
5 2379.143 
5 2279.384 
5 2147.374 
5 2556.462 
5 2362.127 
5 2169.636 
5 2499.069 
4 2645.206 
5 2355.833 
5 2430.168 
5 2129.888 
5 2362.197 
4 3604.888 
4 2264.394 
5 2493.872 
5 2455.988 
5 2527.546 
4 2106.573 
5 2491.411 
5 2673.709 
5 2498.921 
5 1928.822 
5 2193.411 
5 2948.427 
5 2459.128 
5 2316.860 
4 2404.998 
5 2517.601 
5 2503.439 
4 1378.622 
5 2463.188 
5 2160.571 
5 2422.728 
5 2298.366 
5 2934.356 
5 2288.260 
4 1993.512 
5 2123.586 
5 1893.535 
5 2363.362 
5 2372.653 
5 2184.410 
5 2514.638 
5 2520.106 
5 2290.752 
5 3322.362 
5 2315.312 
4 2427.199 
5 2484.628 
5 2610.062 
5 2290.781 
5 1986.292 
5 2120.251 
4 2517.891 
5 2426.183 
5 2070.153 
5 2427.324 
5 2029.035 
4 1636.785 
5 2654.712 
4 2958.019 
5 1834.841 
5 3147.263 
5 2048.369 
5 1814.575 
5 1895.621 
5 2259.016 
5 2592.590 
5 1808.820 
4 1876.547 
5 2583.705 
5 2071.291 
5 2496.448 
5 2120.327 
5 2208.675 
4 2289.402 
5 1661.728 
5 2710.469 
5 2382.263 
5 2800.524 
5 1722.393 
5 2671.371 
5 1738.177 
5 2185.910 
5 1870.760 
5 2435.677 
4 2632.212 
4 2544.082 
5 2261.833 
5 2393.086 
4 1847.072 
5 2760.427 
5 2097.753 
5 3705.447 
5 2196.678 
4 2256.604 
5 2592.555 
5 2802.677 
5 2437.355 
5 2542.316 
5 2251.755 
5 2498.268 
5 2306.323 
5 1957.572 
5 2181.202 
5 2012.731 
5 2417.062 
4 2550.169 
4 2285.679 
4 1785.182 
5 2657.882 
5 1814.818 
4 2436.121 
5 2824.166 
5 2289.483 
5 2694.152 
4 2904.795 
5 2738.600 
5 2772.017 
5 2722.523 
5 2465.524 
5 2277.856 
5 2221.698 
4 1620.735 
4 2960.819 
5 2031.510 
4 2773.049 
5 2057.420 
5 2271.898 
5 1711.664 
4 2112.774 
5 2755.438 
5 2725.770 
5 2523.011 
4 2959.578 
5 2236.483 
4 2420.791 
5 2699.960 
5 2495.908 
5 2793.728 
5 2495.754 
5 2301.758 
5 1899.941 
5 2369.055 
5 2064.271 
5 2136.071 
5 3160.505 
5 2373.075 
5 2311.983 
5 2569.989 
5 2360.156 
5 2873.098 
5 2210.830 
5 2397.124 
5 1898.413 
5 2284.105 
5 2764.656 
5 2244.646 
5 2587.589 
4 2393.171 
5 2446.041 
5 2372.413 
4 1852.276 
5 2310.470 
5 2455.837 
5 2121.423 
5 2630.441 
5 2432.010 
5 2145.769 
5 2361.403 
5 3248.807 
5 2339.184 
5 2272.621 
5 2063.565 
5 2566.448 
4 2548.808 
5 2452.959 
5 2596.387 
4 1853.404 
5 2320.364 
5 2065.288 
5 2040.805 
5 2347.772 
5 2654.149 
5 2628.165 
5 2702.703 
5 2259.488 
5 2414.545 
5 1946.892 
5 2282.084 
5 2785.452 
5 1513.328 
5 2719.296 
5 2598.759 
5 2559.195 
5 2387.210 
5 2481.725 
5 2073.490 
5 2694.390 
5 1921.027 
5 1918.248 
4 2188.984 
5 2198.891 
5 2082.930 
4 2206.985 
5 2535.244 
4 1128.984 
5 2723.297 
5 2911.271 
5 2090.779 
5 2315.034 
5 2289.584 
5 2307.012 
5 1876.063 
5 2446.244 
5 1936.216 
4 2375.012 
5 2070.479 
5 2058.013 
5 2862.068 
5 2594.280 
5 2103.234 
5 3062.957 
5 1836.114 
5 2507.637 
5 2581.409 
5 2283.683 
5 2806.789 
5 2442.633 
5 2004.334 
5 2314.698 
5 2548.840 
5 2068.010 
5 2292.058 
4 2608.966 
4 1571.738 
5 2339.646 
5 2083.939 
5 2500.088 
5 2955.073 
5 2537.931 
4 2125.171 
5 2083.294 
4 2051.544 
5 2033.545 
5 2249.870 
5 1934.732 
5 3015.656 
5 2358.052 
5 2991.283 
5 2608.611 
5 2477.170 
5 2630.002 
5 2277.876 
5 2035.762 
5 2106.401 
5 2369.096 
5 2199.863 
5 2282.686 
5 2858.857 
4 2131.858 
5 3199.226 
5 2717.934 
5 1858.268 
5 2517.927 
5 2593.092 
5 2557.566 
4 2523.927 
5 2099.022 
4 2808.651 
5 2635.863 
5 2299.962 
5 2504.483 
5 2342.582 
5 2487.644 
5 2627.932 
5 2298.091 
5 2455.053 
5 2052.844 
5 2894.536 
5 3241.064 
5 1985.155 
5 2323.015 
5 2676.469 
5 2100.046 
5 1944.458 
5 2115.975 
5 2499.640 
5 2455.030 
5 1954.813 
5 2463.324 
5 2564.729 
4 2454.429 
5 2629.969 
5 2175.596 
5 2769.658 
5 2427.223 
5 3196.033 
5 2176.591 
5 2462.510 
5 1870.383 
5 2493.210 
5 2665.562 
5 2005.921 
4 2113.672 
5 2890.580 
5 2622.591 
5 2283.572 
5 2667.820 
4 2309.153 
5 2492.677 
5 2516.187 
5 2358.547 
5 2506.403 
5 3139.953 
4 1999.040 
5 2820.951 
4 2558.421 
5 2551.825 
4 2285.031 
5 2552.892 
5 2574.055 
4 2373.482 
5 3017.153 
5 1958.359 
4 2878.099 
5 2034.585 
4 2137.356 
5 1819.283 
5 1705.850 
5 1911.821 
5 2384.953 
5 2387.514 
5 2514.077 
4 1885.564 
4 2432.867 
5 2158.473 
5 2367.998 
4 2258.135 
5 2112.969 
5 2261.483 
5 2009.091 
5 2520.653 
5 2828.137 
5 2467.092 
5 2585.204 
5 2135.039 
5 2670.683 
5 2046.324 
5 2584.849 
4 1782.128 
5 2139.808 
5 2046.192 
5 2234.294 
4 2547.723 
5 2466.342 
4 2547.267 
4 2247.235 
5 2641.955 
5 2340.760 
5 2382.376 
5 2724.294 
5 2479.150 
5 2753.108 
5 2300.348 
5 1280.694 
5 2162.476 
5 3115.010 
5 2829.814 
5 2633.894 
5 2007.637 
5 2152.042 
5 2865.685 
5 3128.761 
4 2638.493 
5 2483.470 
5 2357.141 
5 2498.592 
5 2361.006 
5 1948.378 
5 2070.788 
5 2804.309 
5 2787.005 
5 2084.579 
5 2962.365 
4 1622.198 
5 2471.257 
5 2188.612 
5 2400.284 
5 2375.666 
5 1912.182 
4 3072.307 
5 2308.791 
5 2487.436 
5 2564.504 
5 1988.214 
5 2359.087 
5 2472.269 
4 1624.482 
4 1458.903 
5 3051.803 
5 2185.405 
5 2267.529 
5 2169.501 
5 2169.020 
5 1752.716 
5 2060.547 
5 2450.747 
4 1533.242 
5 1861.168 
5 2488.450 
5 2460.809 
4 2467.609 
5 1392.730 
5 2702.936 
5 3203.122 
5 2245.314 
5 2786.039 
4 2396.865 
5 2933.896 
5 2674.435 
5 2278.260 
4 2555.672 
5 2320.896 
5 1585.069 
5 2773.999 
5 2641.279 
5 2439.649 
5 2338.099 
5 2124.576 
5 2576.004 
5 1727.438 
5 2641.780 
5 2338.113 
5 2466.739 
5 2132.619 
5 1938.598 
5 2591.307 
5 3208.827 
5 2369.927 
5 1864.534 
5 3617.275 
4 2680.384 
5 2755.674 
5 2305.464 
5 2223.378 
5 1865.596 
5 2559.906 
5 2434.683 
5 1898.519 
5 2029.004 
5 2430.968 
4 2312.882 
5 1937.699 
5 2419.226 
5 2031.764 
5 2447.928 
5 1557.204 
5 2669.301 
4 2566.475 
5 2515.570 
5 2457.673 
5 2070.058 
5 2328.611 
4 2505.915 
5 2026.578 
5 2038.500 
5 3261.966 
5 2177.024 
5 2703.123 
4 2119.527 
5 2437.269 
5 2368.574 
5 2643.929 
5 2005.877 
5 2229.734 
5 2250.693 
5 2372.463 
5 2266.543 
5 3223.087 
5 2779.887 
4 1775.699 
5 2011.102 
5 2762.629 
5 2209.937 
5 2137.650 
5 1788.832 
5 2175.280 
5 3044.545 
5 2884.153 
5 2840.633 
5 1931.307 
5 2186.378 
4 2126.972 
5 2650.616 
5 2475.142 
5 2717.164 
5 2461.366 
5 2488.521 
5 1967.572 
5 3097.547 
4 2257.839 
4 2572.677 
5 3051.828 
4 2491.962 
5 2328.663 
5 2518.778 
5 2970.142 
5 2347.899 
4 2319.799 
5 1293.419 
5 2315.624 
5 2593.651 
5 1924.082 
5 2587.429 
5 2289.205 
4 2600.558 
5 1987.474 
5 1958.020 
4 1888.247 
5 2445.838 
5 2571.673 
5 2103.299 
4 2191.898 
5 4097.913 
5 1953.924 
5 3120.054 
5 2309.877 
5 2430.085 
5 1852.344 
5 2391.924 
5 2302.201 
5 2088.866 
5 2696.916 
4 2042.561 
5 2523.484 
5 2906.552 
5 2202.992 
5 1965.045 
5 2680.103 
4 1825.294 
4 1993.116 
5 2265.425 
5 2920.697 
5 2170.392 
5 2670.586 
5 2043.825 
5 2737.768 
5 2757.028 
5 2504.187 
5 2755.767 
5 2144.014 
5 2905.545 
4 2835.586 
5 2508.953 
5 1869.056 
5 1706.735 
5 2634.851 
5 2315.351 
5 3278.190 
5 2422.992 
5 2896.973 
5 2741.525 
5 3567.652 
5 2423.427 
5 2616.380 
5 3889.668 
5 1951.272 
4 2707.101 
5 2998.767 
5 2365.169 
5 2349.610 
5 2238.157 
5 2022.608 
5 1970.071 
5 2858.687 
4 2183.838 
5 2700.402 
5 2428.873 
5 2043.876 
5 2503.200 
5 2754.910 
5 2331.683 
5 2210.874 
5 2264.013 
5 2370.866 
5 3351.136 
5 2356.688 
5 2177.615 
5 2356.528 
5 2773.708 
5 2036.365 
5 1975.727 
5 2516.351 
5 2137.337 
4 2806.734 
5 2323.896 
5 2725.206 
5 2470.295 
5 1619.762 
5 1511.961 
5 2513.461 
5 2227.303 
5 2590.040 
5 2680.560 
5 2211.536 
5 2572.332 
5 1865.537 
5 2217.616 
4 2260.916 
5 2831.436 
5 2287.560 
5 2798.924 
4 2260.176 
5 2613.261 
5 1647.584 
5 2325.130 
5 2391.326 
5 2560.548 
5 2212.494 
5 2353.407 
5 2445.401 
5 2305.885 
4 2229.509 
5 2412.490 
5 1999.891 
5 2499.992 
5 1883.880 
5 2731.767 
5 2021.011 
4 1819.089 
5 2586.204 
5 2971.731 
5 2189.355 
5 1965.205 
4 2227.122 
5 2317.988 
5 2283.654 
5 2118.547 
5 2428.701 
5 3034.977 
4 2434.030 
5 3293.399 
5 2769.547 
5 1978.569 
4 2345.777 
4 2131.027 
5 2101.891 
5 2035.307 
5 2555.494 
5 2380.815 
5 2851.812 
5 2907.312 
5 2760.085 
4 2343.637 
4 2693.404 
5 3081.985 
5 2577.838 
4 2198.903 
5 2663.852 
5 1991.516 
5 2560.576 
4 3008.750 
5 2210.373 
5 2252.882 
5 2189.302 
5 3988.737 
5 3243.947 
4 2267.536 
5 2247.852 
5 2535.198 
5 2657.606 
5 2513.649 
4 2369.651 
5 2697.365 
5 2538.463 
5 2349.741 
5 2406.686 
5 2997.558 
5 2202.927 
5 2116.216 
5 2691.845 
5 2029.387 
4 2414.324 
5 2176.295 
5 2127.032 
5 1690.344 
5 2987.663 
5 2467.936 
5 2177.444 
5 2851.369 
5 2184.105 
5 2226.603 
5 1762.888 
5 2273.620 
5 1925.411 
5 2478.361 
5 2276.671 
5 2075.391 
4 2666.714 
5 2231.090 
4 2223.286 
5 2178.556 
5 2068.344 
5 2414.607 
5 2239.766 
5 1472.399 
5 2212.677 
5 2179.617 
5 2702.139 
5 2524.531 
5 2494.387 
5 2189.094 
4 2585.893 
5 2131.059 
5 2982.510 
5 2315.043 
5 2477.423 
4 2919.507 
5 3185.831 
5 2725.641 
5 2985.875 
5 2327.554 
5 2289.149 
5 2303.074 
5 1843.315 
5 2778.861 
5 1832.093 
5 2360.911 
4 1584.413 
5 2621.738 
5 2161.669 
5 2220.393 
4 2349.918 
4 1865.822 
5 2567.308 
4 2908.333 
5 2144.860 
5 1359.689 
5 3092.376 
5 2163.010 
5 2319.915 
5 2223.082 
5 2164.471 
5 2143.935 
4 1945.296 
4 2729.915 
5 2512.877 
5 2260.413 
5 2291.859 
5 2972.313 
5 2595.408 
5 1961.725 
5 2485.329 
5 2034.406 
5 3260.651 
5 2256.339 
5 2593.373 
5 1965.072 
5 2395.982 
5 2698.942 
5 1528.520 
5 2381.707 
5 1874.614 
5 2478.472 
5 2627.222 
5 2642.078 
5 2988.534 
5 2480.410 
5 2597.428 
5 2221.719 
5 1983.055 
5 2640.945 
5 2672.536 
5 2084.547 
5 2148.375 
5 2469.423 
5 2523.873 
4 2252.830 
5 2374.125 
5 3245.720 
4 2438.239 
5 1597.198 
5 2389.016 
5 2494.750 
5 2363.198 
4 2436.223 
5 2204.468 
5 2492.459 
4 2204.764 
5 1937.132 
5 2695.936 
5 2595.673 
5 2422.926 
5 2578.234 
5 2380.099 
5 3151.919 
5 2538.183 
5 1724.115 
5 2744.221 
5 1581.163 
5 2372.998 
4 2699.214 
4 2271.553 
5 2077.925 
5 2199.406 
5 3197.095 
5 2467.400 
4 2930.059 
5 2372.453 
5 3577.706 
5 2576.105 
5 2216.805 
4 2148.991 
4 2223.656 
5 2922.659 
5 1994.015 
4 2643.860 
5 2816.462 
5 3226.942 
5 2663.848 
5 2237.321 
5 1873.698 
5 1977.450 
5 2209.864 
5 2740.759 
5 2839.889 
5 2330.463 
4 2622.875 
5 2449.146 
5 2525.928 
5 2319.049 
5 2321.751 
5 2460.061 
5 2408.182 
4 2141.972 
5 3589.234 
5 2526.332 
5 2374.631 
5 2476.959 
5 2295.881 
5 2167.305 
5 2438.632 
4 2420.098 
4 2446.971 
5 2509.749 
5 1701.639 
5 2113.267 
5 3821.613 
5 2738.140 
4 1861.319 
4 2286.863 
5 1817.114 
5 1973.738 
5 1966.889 
5 2542.445 
5 2431.519 
5 2123.217 
5 2731.505 
5 2341.743 
4 2182.800 
4 2083.868 
5 2493.983 
5 2074.923 
5 2698.089 
5 2461.740 
5 2633.969 
5 1781.721 
5 2216.270 
5 2386.741 
5 2179.799 
5 2814.094 
5 2117.302 
5 2361.446 
5 4026.919 
5 3624.050 
5 2360.079 
5 2786.123 
5 1551.276 
4 2091.964 
5 2531.100 
5 3134.912 
5 2480.954 
4 3211.006 
5 2020.724 
5 2296.651 
5 2862.806 
5 2162.670 
5 2485.870 
5 2037.327 
5 2764.084 
5 2629.738 
5 2447.406 
5 3292.295 
5 2851.344 
5 1948.892 
5 2718.938 
5 2680.278 
4 3222.345 
5 2290.227 
5 1900.535 
5 2430.988 
5 2565.192 
5 2022.890 
5 2515.355 
4 3110.899 
5 2466.325 
4 2238.479 
4 2332.961 
5 2712.043 
5 1553.103 
5 2694.287 
4 2893.785 
5 2528.677 
4 1973.609 
4 1677.618 
5 1822.388 
5 2427.516 
4 2246.984 
4 1827.679 
5 1987.446 
5 2339.036 
5 2407.837 
5 2193.495 
5 2603.539 
5 2476.047 
5 2213.837 
5 1896.544 
5 2256.879 
4 2949.427 
5 2539.245 
5 2552.249 
4 2805.714 
5 2331.323 
5 2117.410 
5 2381.621 
5 2781.381 
4 2030.256 
5 2155.112 
5 2591.756 
5 2269.938 
5 2628.039 
5 2508.352 
5 2657.918 
5 2433.524 
5 2752.298 
5 2534.458 
5 3472.396 
5 2466.882 
5 2567.927 
5 1849.972 
5 2339.843 
5 2468.523 
5 3144.482 
5 2831.049 
5 2304.268 
5 2483.720 
5 1593.269 
5 2071.805 
5 1927.013 
5 2487.767 
5 2553.711 
5 2988.918 
5 2345.805 
5 2553.888 
4 2408.805 
5 2441.838 
5 2713.373 
4 2256.070 
4 2233.298 
4 2601.418 
5 2917.368 
5 3459.611 
5 2709.865 
5 2302.734 
5 2372.371 
5 2064.222 
5 2179.581 
5 2044.401 
5 2655.713 
5 1798.918 
5 2980.778 
5 1871.672 
5 2078.087 
5 2037.256 
5 2359.306 
4 2370.218 
4 2843.842 
5 2419.207 
5 2191.050 
5 2609.584 
4 2399.881 
5 2663.312 
5 2704.271 
5 2391.847 
5 2347.506 
5 2311.487 
5 2395.334 
5 3092.906 
5 2564.328 
5 2982.452 
5 2849.652 
5 2773.343 
5 2548.916 
5 2619.081 
5 2597.399 
5 2549.513 
5 2447.177 
5 2169.991 
5 2778.582 
5 1590.235 
5 2711.226 
5 1716.853 
5 1706.022 
4 2008.833 
5 2382.446 
5 2609.309 
5 2292.453 
5 2009.894 
4 2344.588 
5 3225.453 
5 2962.568 
5 3019.747 
5 2136.931 
5 2403.007 
5 1773.110 
5 2197.079 
5 2442.323 
5 2192.746 
4 2290.170 
5 2302.219 
5 2444.991 
5 2188.819 
5 2573.469 
5 2357.715 
5 2638.274 
5 2830.920 
5 1983.931 
5 2344.423 
5 2065.905 
5 2350.758 
5 1922.204 
5 2333.500 
4 2390.427 
5 1928.171 
5 2697.357 
5 2419.903 
5 2195.374 
5 2748.251 
5 2299.825 
5 2556.574 
5 2291.113 
5 2333.561 
5 2298.376 
5 2584.435 
5 2255.318 
4 2571.889 
5 2196.446 
4 2805.780 
4 1606.826 
5 2843.145 
5 2123.069 
5 2297.450 
5 2030.282 
5 2725.550 
5 2061.421 
4 1700.087 
5 2856.197 
5 2564.037 
4 2657.124 
5 2619.268 
5 2258.418 
5 2326.139 
5 1926.935 
5 3100.564 
5 2154.135 
5 2129.081 
5 2251.464 
5 1836.908 
4 2636.541 
5 2364.811 
5 2300.552 
4 2227.429 
5 2131.066 
5 2121.067 
5 1936.210 
5 2877.186 
5 2576.798 
5 2916.773 
5 1796.294 
5 2091.652 
5 2553.520 
5 2046.969 
5 2362.999 
5 2510.381 
5 2041.736 
5 2262.514 
5 1956.016 
5 2848.501 
5 2161.250 
5 2611.333 
5 1978.170 
5 2165.583 
5 3012.621 
5 2193.725 
5 2168.137 
5 2383.136 
5 3169.612 
5 2112.690 
5 2566.016 
5 2790.857 
5 2330.898 
5 2314.135 
5 1784.096 
4 1889.198 
5 2244.571 
5 2254.704 
5 2491.958 
5 1816.905 
5 2494.861 
5 2252.563 
5 2341.827 
5 1309.176 
5 2002.185 
4 1346.658 
5 2744.153 
5 2323.763 
5 2405.878 
4 2774.795 
5 2514.371 
5 2525.040 
5 2085.592 
5 2124.580 
5 2424.624 
5 2491.027 
5 3266.230 
5 3083.329 
5 2349.891 
5 2535.813 
5 2196.429 
5 2540.535 
5 2373.625 
5 2324.498 
5 2780.624 
4 2836.984 
5 2356.031 
5 2389.854 
5 2901.024 
5 3645.287 
5 2381.953 
5 2866.297 
5 2571.454 
5 2599.939 
5 2148.380 
5 2612.460 
5 2126.262 
5 2337.190 
5 3435.404 
5 2303.518 
5 1942.625 
5 2982.506 
5 2172.552 
5 1624.702 
5 2421.723 
5 2482.597 
5 2347.639 
5 2376.938 
5 2156.631 
5 2321.375 
5 3478.965 
5 2383.732 
5 2771.995 
5 2420.418 
4 2170.957 
5 2322.835 
4 2152.806 
5 2620.752 
4 2390.958 
5 2771.104 
5 2195.826 
5 2132.229 
4 2135.064 
5 2086.112 
5 3148.061 
5 2616.347 
5 2214.831 
5 2038.093 
5 2612.240 
5 2564.349 
5 2475.666 
5 2155.182 
5 2487.322 
5 2009.629 
5 2466.877 
5 2590.597 
5 2440.952 
5 2443.771 
4 2512.133 
5 1856.844 
5 3011.612 
5 2582.612 
5 2526.156 
5 2308.865 
5 2164.165 
4 2218.551 
5 2617.119 
4 1681.915 
5 2817.766 
5 2512.186 
5 2393.101 
4 1901.294 
5 3435.444 
5 3075.862 
5 1921.520 
5 2401.039 
4 2061.029 
5 3120.936 
5 2035.590 
4 2579.070 
4 1897.274 
5 2462.594 
5 2263.535 
4 2622.633 
5 2574.816 
5 2800.774 
5 2088.535 
5 3074.328 
5 2551.700 
5 2384.557 
5 2096.793 
5 2563.058 
5 2518.405 
4 2381.427 
5 3076.620 
5 2588.646 
5 2990.881 
5 2703.756 
5 2749.325 
4 1750.001 
5 2673.727 
4 3592.097 
4 2002.871 
4 2431.772 
5 2918.108 
5 2118.745 
5 2234.294 
5 2179.380 
5 2129.975 
5 1985.784 
4 2634.032 
5 2224.393 
5 1904.796 
5 2256.380 
5 2304.026 
4 2318.246 
5 2307.898 
5 2264.758 
5 1653.487 
5 2377.880 
5 1987.598 
5 2168.886 
5 2079.997 
5 2165.707 
5 2472.064 
5 1721.974 
5 2730.333 
4 2065.241 
5 2418.046 
5 2518.410 
5 2389.000 
5 2288.921 
5 2609.144 
5 2177.618 
5 2763.458 
5 2451.363 
5 2078.337 
5 2919.366 
5 2795.929 
5 3302.844 
5 2567.057 
5 2429.781 
5 2397.413 
5 2306.460 
5 2626.594 
5 2662.813 
5 3729.968 
5 2463.393 
5 2330.443 
5 2902.423 
5 1624.944 
5 2217.273 
5 2142.081 
5 2425.152 
5 2432.532 
5 2376.211 
5 2124.984 
4 2385.087 
5 2165.682 
5 1864.124 
5 2343.369 
5 2316.931 
5 2118.661 
5 2359.933 
5 2367.401 
5 2851.433 
5 2361.007 
5 2167.718 
5 2038.623 
5 2332.436 
5 2499.575 
5 2872.831 
5 1498.459 
5 2473.372 
4 2387.920 
4 1700.776 
5 2021.180 
5 2691.753 
5 2815.338 
4 2636.842 
5 2346.508 
4 2335.475 
5 2193.391 
4 2349.553 
5 2958.044 
5 2199.353 
5 2404.645 
5 2840.047 
5 2726.543 
5 1767.364 
5 1989.983 
5 2211.574 
5 2375.770 
4 2711.497 
5 1869.778 
5 2987.659 
5 1938.807 
5 2226.649 
5 2451.027 
5 2135.959 
5 1747.890 
5 2430.218 
5 1890.654 
5 2341.243 
5 2147.504 
5 3227.963 
5 1490.218 
5 2509.988 
5 2513.818 
5 3110.371 
5 1551.639 
5 1758.901 
5 2289.572 
5 2305.780 
5 1951.536 
4 1712.843 
5 2630.452 
5 2477.417 
5 1967.501 
4 2303.016 
5 1600.677 
4 2611.015 
5 1997.202 
5 2044.763 
5 2284.241 
4 2688.348 
5 1626.610 
5 2291.984 
5 2383.140 
4 2265.828 
4 2319.671 
5 2647.109 
5 2828.850 
5 2368.397 
5 2006.370 
5 2790.236 
4 3748.167 
5 2909.401 
4 1678.110 
4 2481.907 
5 2580.630 
4 1930.365 
4 2418.891 
5 2116.799 
4 2031.893 
5 2914.673 
5 2361.533 
5 1683.658 
5 3046.385 
5 2318.436 
5 2458.487 
5 2576.863 
4 2216.070 
5 1941.570 
5 2354.785 
5 2074.080 
5 2084.638 
5 2637.948 
5 2317.631 
5 2450.124 
5 2202.330 
5 2445.671 
5 2420.884 
5 2105.439 
5 1855.926 
5 2794.172 
5 2064.969 
4 2728.081 
5 2360.654 
5 2555.441 
5 2783.176 
5 2207.285 
5 1820.022 
5 2396.364 
5 2396.958 
5 2106.697 
5 3078.764 
4 2157.719 
5 2624.171 
5 2397.414 
4 2231.427 
4 1760.444 
5 2623.470 
5 2283.002 
5 2164.032 
4 1738.168 
4 2509.771 
5 1904.776 
4 2267.709 
5 2380.818 
5 2287.392 
5 2354.917 
4 2397.568 
5 2399.335 
5 2452.741 
5 2505.089 
5 2420.504 
5 2834.201 
5 2535.458 
5 2496.729 
5 2343.267 
5 2027.359 
5 2340.277 
5 2533.838 
5 2419.574 
5 2546.356 
5 2277.981 
5 3363.241 
5 2385.424 
5 3024.951 
5 2210.301 
5 2021.534 
5 2299.871 
5 2675.920 
4 1916.962 
5 2551.927 
5 2074.168 
5 2160.022 
5 2095.781 
5 2694.253 
5 2567.232 
5 2655.020 
5 2116.407 
5 2574.328 
5 2816.334 
5 2518.083 
5 1952.441 
5 2119.370 
5 2181.128 
5 1464.598 
5 1972.194 
5 2274.004 
5 1799.306 
5 2619.989 
5 2658.783 
5 2535.121 
5 2676.368 
4 2870.752 
5 2906.642 
4 2863.333 
5 2397.525 
5 2432.084 
4 2369.822 
5 1820.980 
4 2195.656 
5 2205.654 
5 3113.035 
5 3320.665 
5 2146.163 
5 2544.531 
4 2375.125 
5 2976.410 
4 1572.749 
4 2739.761 
5 2209.666 
5 2237.133 
5 2188.146 
5 1830.720 
4 1880.764 
5 2171.892 
5 1951.574 
5 1805.735 
5 2382.229 
5 2151.082 
5 2319.001 
5 2804.084 
5 2012.285 
5 2509.527 
5 3262.077 
5 2427.707 
5 2078.292 
5 2407.513 
5 2550.318 
4 2173.022 
5 1938.851 
5 2732.577 
5 2651.334 
5 1850.917 
5 2334.368 
5 2978.791 
5 2575.693 
5 2414.544 
4 3370.600 
5 2608.927 
5 2054.762 
5 2461.514 
5 2585.716 
5 1698.144 
5 2128.370 
4 2500.824 
5 2306.621 
4 2429.210 
5 2124.074 
5 3105.441 
5 3455.705 
5 2286.143 
5 2332.344 
5 2296.993 
4 2813.156 
5 2282.073 
5 2277.550 
5 2208.519 
5 3048.485 
5 2793.499 
5 2683.425 
5 2246.136 
5 2762.364 
5 2309.626 
5 3024.270 
5 2185.298 
5 2999.358 
5 1892.761 
5 2467.035 
5 1944.108 
5 1721.993 
4 2854.852 
5 2172.757 
5 2206.747 
5 2283.112 
5 2350.922 
5 2550.238 
5 2183.142 
5 2177.237 
5 2766.052 
5 2076.764 
5 2687.290 
5 2366.868 
5 2330.334 
5 1953.920 
5 2335.419 
5 2512.396 
5 2517.716 
5 3125.055 
5 2058.991 
5 2391.207 
4 1977.692 
5 1468.431 
5 2207.951 
5 2229.767 
5 2597.299 
5 2110.192 
5 2626.586 
5 2543.985 
5 2647.118 
4 2690.692 
4 2398.076 
5 1727.956 
5 2571.902 
5 2427.947 
5 1955.764 
5 2384.331 
5 1381.649 
5 2660.270 
5 2291.226 
5 2321.042 
5 1974.840 
5 2835.215 
5 2785.842 
5 2257.944 
5 2533.298 
5 2522.058 
4 2102.729 
5 2426.753 
4 2396.563 
5 2090.307 
5 2295.316 
5 2533.811 
5 2330.869 
5 2942.722 
5 2123.560 
5 2948.065 
5 2113.310 
5 2193.384 
5 3092.695 
4 2784.634 
5 1963.260 
4 2068.199 
5 2401.420 
5 2602.189 
5 2253.015 
5 2223.261 
5 1891.210 
5 2431.330 
5 2716.436 
4 2198.810 
5 2513.238 
5 2763.352 
5 2471.277 
5 1852.886 
5 2975.487 
5 2822.440 
5 3182.915 
5 2317.519 
5 2483.139 
5 2452.968 
5 2003.047 
5 3115.785 
5 2506.355 
4 2407.489 
5 2160.638 
5 2487.289 
5 2473.196 
5 1331.275 
5 2323.260 
5 2369.658 
5 2658.452 
5 2458.099 
5 2208.309 
5 2285.077 
5 2292.475 
5 2595.368 
5 2599.761 
5 1937.106 
4 2208.812 
5 1664.570 
5 1659.024 
5 2226.462 
5 2327.933 
5 1984.380 
5 1909.175 
5 2080.441 
5 2001.717 
5 2325.504 
5 2827.446 
5 2913.147 
5 3599.474 
5 2190.630 
4 2632.203 
5 2913.330 
5 3091.121 
5 2323.675 
5 2195.546 
5 1989.444 
5 2730.871 
5 2299.994 
5 2661.919 
5 2312.297 
5 2704.163 
5 2077.104 
5 2290.159 
5 2484.609 
5 2113.737 
4 3146.945 
4 2809.372 
5 2336.092 
5 2418.502 
5 2577.353 
5 2373.069 
5 2427.839 
5 2567.647 
5 1875.458 
5 2875.313 
5 2651.918 
5 2530.493 
5 1074.227 
5 2235.546 
5 2328.943 
5 2988.698 
5 1719.428 
5 3053.173 
5 2870.109 
5 2932.671 
4 2111.173 
5 2563.157 
4 2047.257 
5 2176.613 
5 2582.408 
5 3211.676 
5 2563.236 
5 2482.136 
5 2934.798 
5 2433.988 
5 2176.282 
4 2952.071 
5 2435.926 
5 2057.488 
5 2399.634 
5 2010.768 
5 2592.324 
5 1921.314 
4 2412.803 
5 2782.741 
5 2881.240 
5 2710.993 
5 2635.884 
5 2293.758 
5 2147.529 
5 2011.772 
5 1885.881 
5 2678.978 
5 2620.491 
5 1815.815 
5 3196.696 
5 2060.573 
5 3401.516 
5 1949.134 
4 2514.256 
5 2577.141 
4 2823.735 
4 2426.510 
5 2551.510 
5 2573.982 
5 2816.267 
5 2745.900 
5 2413.649 
5 2127.264 
5 2396.512 
5 2118.394 
5 2443.036 
5 2542.342 
5 2771.856 
5 2016.379 
5 2324.367 
5 2577.210 
5 2221.338 
5 2637.702 
5 2598.067 
5 2125.013 
5 2282.280 
4 2096.699 
5 2878.860 
5 2991.637 
5 2563.469 
5 2096.677 
5 3185.304 
5 2955.259 
5 2664.296 
5 2664.383 
5 2107.681 
5 2113.362 
5 1949.538 
5 2144.323 
5 2309.145 
5 2164.996 
5 2980.689 
5 3164.258 
5 2597.512 
4 2922.888 
5 2653.128 
4 2333.565 
5 2819.394 
5 2362.780 
5 2773.437 
4 2530.078 
4 2021.547 
5 2233.307 
5 2760.357 
5 2708.988 
4 2041.791 
4 1809.548 
5 2292.190 
5 2514.619 
5 1895.285 
5 2303.469 
5 2154.693 
4 2055.931 
5 2160.636 
4 2452.355 
4 2255.794 
5 2831.379 
5 2592.058 
5 3262.036 
5 2607.198 
5 2379.645 
5 2396.644 
5 2466.849 
5 1474.924 
4 1761.778 
5 2682.687 
5 1765.523 
4 3239.021 
5 2295.020 
5 2299.624 
5 2454.454 
5 2856.305 
5 3285.722 
4 2613.925 
5 2143.504 
4 2535.144 
5 2396.074 
5 2224.372 
5 2413.396 
4 2346.990 
4 2481.934 
5 2162.612 
5 2059.392 
5 2309.682 
5 2329.969 
5 2613.521 
5 3366.984 
5 1974.580 
5 2258.824 
5 2509.012 
5 2627.904 
5 1985.059 
4 1766.623 
5 2476.463 
5 2514.991 
5 3339.994 
5 2257.910 
5 1988.455 
5 2727.855 
5 2467.033 
5 2459.800 
5 2550.251 
5 2404.149 
5 2275.750 
4 2428.089 
5 2110.392 
5 2192.644 
4 2956.770 
5 2328.718 
4 2664.781 
5 2304.383 
5 2413.478 
5 2414.189 
4 1739.866 
5 2113.074 
5 2260.476 
5 2916.809 
5 2344.691 
5 2368.905 
5 2468.632 
5 2300.074 
5 2315.498 
5 1997.311 
5 3073.586 
5 2348.320 
4 2470.585 
5 2385.530 
4 2362.756 
4 1892.182 
5 2798.003 
5 2858.121 
5 2240.805 
5 2358.147 
5 2518.127 
5 1974.502 
5 2482.248 
5 2681.188 
5 2374.522 
5 2469.244 
5 2893.211 
5 2435.089 
5 2003.303 
4 2619.654 
5 1706.261 
5 2688.627 
5 2089.788 
5 2968.496 
4 2629.406 
5 2462.378 
5 1970.835 
5 2353.614 
5 2173.450 
5 2325.658 
5 1914.555 
5 2619.586 
5 2517.604 
5 2573.073 
5 2525.138 
5 2482.140 
5 2601.501 
5 2204.654 
5 2452.550 
5 2668.142 
5 2190.329 
5 2712.391 
5 3007.826 
5 2138.486 
5 2743.791 
5 2029.458 
5 2406.336 
5 2701.904 
5 2235.265 
5 1775.955 
5 3080.198 
5 2319.558 
5 3411.105 
5 2618.045 
5 1905.333 
5 2520.497 
5 1987.353 
5 2470.180 
4 2629.277 
5 2446.942 
5 2562.890 
5 2043.735 
5 2350.521 
5 3438.273 
5 2493.847 
5 2402.709 
5 3263.316 
4 1841.635 
5 2759.656 
5 1929.629 
5 2444.064 
5 1928.338 
5 2450.487 
4 2709.440 
5 1848.322 
5 2597.889 
4 1802.330 
5 2441.750 
5 2466.067 
4 2660.402 
4 1487.647 
5 2618.695 
5 1878.569 
5 2770.004 
5 1905.927 
5 2326.036 
5 2006.008 
5 2440.467 
5 1596.512 
5 2303.202 
4 2623.796 
5 2296.147 
5 1656.802 
5 2464.062 
5 1944.926 
5 2075.866 
5 2502.090 
5 2649.743 
5 3111.431 
5 2566.373 
4 2834.688 
5 2293.539 
4 2702.272 
5 2213.634 
5 2398.196 
5 3354.465 
5 1935.584 
5 2051.091 
5 3221.471 
5 2124.382 
4 2278.039 
4 2465.311 
5 2316.756 
5 2468.059 
5 2278.250 
5 2924.910 
5 2238.972 
5 1967.578 
5 1847.221 
5 3043.390 
5 2653.299 
5 1923.252 
5 2548.948 
5 3908.096 
5 2311.420 
5 2542.821 
5 2037.320 
5 2290.886 
5 2057.960 
5 2686.885 
4 1734.044 
5 2431.149 
5 2501.939 
5 2180.188 
5 2703.900 
5 2488.932 
5 2474.803 
5 2562.384 
5 2500.479 
4 2055.123 
5 2472.864 
5 2530.051 
5 1886.836 
5 1874.291 
5 1951.309 
5 2502.249 
5 1931.507 
5 2313.328 
5 2538.473 
5 2528.082 
5 2589.706 
5 2687.218 
5 2759.822 
5 1987.811 
5 2869.895 
5 2947.819 
5 2922.858 
5 2617.884 
5 2165.799 
4 2159.568 
5 2777.143 
5 2374.714 
5 2051.973 
5 2479.613 
5 2129.957 
5 2579.148 
5 3022.574 
5 1699.693 
5 2039.420 
5 2497.553 
5 3007.315 
5 2060.664 
5 2522.870 
5 1945.483 
5 2633.393 
5 2269.688 
5 2813.366 
5 2113.813 
5 2269.510 
4 2119.549 
5 1776.646 
4 2444.751 
5 2100.226 
5 2449.812 
5 2558.968 
5 2519.194 
5 2414.541 
5 2234.995 
5 2107.450 
5 2280.933 
4 2159.924 
5 2263.537 
5 2385.520 
4 2205.179 
5 2312.652 
4 2283.463 
5 1884.164 
5 2485.558 
5 2430.338 
5 2717.774 
5 2532.708 
5 2617.499 
5 2266.776 
5 2803.111 
5 2254.895 
5 1766.207 
5 3049.384 
4 2258.916 
4 2023.945 
5 2734.333 
5 2184.146 
5 2557.877 
5 2725.212 
5 1987.654 
5 2304.062 
5 2093.772 
5 2616.568 
5 2266.849 
4 2375.471 
5 1769.956 
5 2140.899 
5 2596.570 
5 1545.890 
5 2079.261 
5 2567.396 
5 2694.391 
5 2189.646 
5 2246.661 
5 4005.832 
5 2727.246 
5 2503.450 
5 2474.546 
5 2451.427 
5 2414.441 
5 2147.224 
5 2286.659 
5 1984.337 
5 2539.451 
5 2540.756 
4 2615.013 
4 2491.359 
5 2650.004 
5 2020.203 
5 2031.405 
4 2475.980 
5 3095.380 
5 2371.260 
5 2888.646 
5 1954.637 
5 2312.409 
5 1999.714 
5 1932.655 
5 2431.151 
5 2544.845 
5 2669.229 
5 2696.130 
5 2373.586 
5 2415.479 
5 2107.150 
5 3062.905 
4 2239.614 
5 1976.128 
5 2215.655 
5 2370.150 
5 2716.537 
4 2607.342 
5 1462.163 
5 2331.809 
5 3242.905 
5 2125.451 
5 2129.109 
5 1991.941 
5 2300.301 
5 2631.473 
5 1819.071 
5 2372.244 
5 2322.418 
4 2689.594 
5 2712.279 
5 2450.404 
4 2057.910 
5 2034.656 
5 2436.775 
5 2894.418 
5 2904.376 
5 2256.446 
5 2136.785 
5 2593.702 
5 1764.496 
5 1869.620 
5 3302.500 
5 2459.498 
5 2673.704 
4 2703.620 
5 2359.228 
4 2623.395 
5 2499.243 
5 2191.686 
5 1994.277 
5 1613.223 
5 2255.470 
5 2404.602 
5 2990.732 
4 2064.234 
5 2352.282 
5 1611.219 
5 2144.812 
5 2027.201 
5 2294.701 
5 2108.778 
4 2079.882 
5 1197.391 
5 2060.021 
5 2363.336 
4 2108.924 
5 2690.850 
