5 2237.646 
5 2358.024 
5 2814.359 
5 2221.106 
5 2191.653 
5 2748.088 
5 2657.836 
5 2619.172 
5 2902.637 
5 2770.167 
5 3210.823 
5 1994.100 
5 2820.193 
5 1823.537 
5 2158.081 
5 2332.566 
5 3048.993 
5 2274.980 
5 2671.077 
5 2188.497 
4 2343.780 
5 2877.175 
5 2724.494 
5 2233.960 
5 2488.945 
4 2923.812 
5 3141.763 
4 1789.842 
5 2211.801 
5 2553.936 
5 2271.453 
5 2880.510 
5 2357.561 
5 2677.264 
5 2097.079 
5 3244.991 
4 2356.731 
4 2248.509 
5 2183.963 
5 2343.745 
4 3226.518 
5 2981.434 
5 2848.890 
5 2459.718 
5 2508.160 
5 2105.216 
5 2504.870 
5 2604.493 
5 1985.805 
5 1614.938 
5 3272.107 
5 2495.687 
4 2075.048 
5 1977.937 
5 2707.650 
5 2384.989 
5 2753.402 
5 2554.720 
4 2548.851 
5 2265.187 
5 2342.797 
5 1977.755 
5 2605.607 
5 3151.516 
5 2095.600 
5 2765.638 
5 2691.520 
5 1955.044 
5 2270.222 
5 2592.389 
5 2579.028 
4 2018.588 
4 2492.513 
5 2021.321 
4 2961.775 
5 2254.709 
5 1516.937 
5 2842.556 
5 2197.760 
5 2827.586 
5 2490.718 
5 2471.906 
5 2937.497 
5 2551.882 
5 2212.176 
5 2330.330 
5 3341.722 
5 2580.329 
5 2102.452 
5 2562.826 
4 2521.609 
5 1994.034 
5 3562.998 
5 2387.321 
4 2060.188 
5 2433.908 
5 2051.312 
5 2355.396 
5 2413.612 
5 2808.444 
5 2159.434 
5 2404.206 
5 2787.137 
5 2543.829 
5 2347.013 
5 2244.416 
5 2370.685 
5 2835.679 
5 2271.044 
4 2494.618 
5 2482.848 
5 2778.366 
5 2855.938 
4 2261.241 
5 2368.072 
4 2163.762 
5 2274.325 
5 2932.194 
5 2257.594 
5 2196.838 
5 2239.170 
5 2279.595 
5 2740.979 
5 2580.720 
5 2579.510 
5 1994.248 
5 2591.097 
5 2935.538 
5 2603.606 
5 1652.659 
4 1941.175 
5 2351.619 
5 2964.141 
5 2417.764 
4 2102.505 
5 2369.343 
5 2145.771 
5 2689.356 
5 2198.258 
5 2346.330 
5 2515.286 
5 2034.477 
5 2820.437 
4 2506.011 
5 3015.067 
5 2080.739 
5 2292.156 
4 1740.000 
5 2203.176 
5 2726.311 
4 2877.153 
5 2837.157 
5 2749.900 
5 2892.324 
5 2830.704 
5 2183.202 
4 3210.375 
5 2690.167 
4 2410.581 
5 2485.031 
5 2678.136 
5 2452.105 
5 2252.419 
5 2523.199 
5 2274.132 
5 2729.654 
5 2947.196 
5 2343.470 
5 2618.605 
5 2330.463 
5 2621.637 
5 1984.347 
5 2904.240 
5 2394.233 
5 3202.615 
5 3356.242 
5 2622.820 
4 2466.289 
5 2466.432 
5 2055.263 
5 3101.061 
5 2072.778 
5 2259.169 
5 2621.722 
5 2591.604 
5 2374.385 
5 2822.899 
4 2337.611 
5 3317.524 
5 2562.346 
5 2313.387 
4 2077.058 
5 1833.461 
5 2396.982 
5 2836.274 
5 3031.310 
5 2477.679 
5 2644.879 
5 2212.034 
5 2702.373 
5 2596.732 
5 2811.882 
5 2857.190 
5 2006.022 
5 2550.900 
5 2523.286 
5 2455.058 
5 2522.288 
5 3122.097 
5 2548.317 
5 2629.609 
5 3423.385 
5 2536.077 
5 3035.383 
5 2687.659 
5 2509.631 
4 2834.438 
4 2244.248 
5 2887.115 
5 2222.262 
5 2270.773 
5 2549.540 
5 2157.405 
5 2762.572 
5 2508.786 
5 2289.888 
5 2647.708 
5 2374.550 
5 2292.188 
5 3031.533 
5 2072.236 
4 3078.529 
5 2883.024 
4 2517.454 
5 2275.270 
5 3147.123 
5 2181.064 
5 2953.688 
4 2425.050 
5 2764.499 
5 2257.555 
5 3519.533 
5 2809.100 
5 2748.146 
5 2375.052 
5 2345.743 
5 2238.865 
5 1903.139 
5 2527.883 
4 2433.136 
5 2846.305 
5 2513.195 
5 3272.846 
5 2801.298 
5 2598.101 
5 2445.453 
5 2203.248 
4 2493.740 
5 2656.658 
5 1817.484 
5 2666.913 
5 2810.829 
5 2982.545 
5 2732.882 
5 2026.305 
4 2688.696 
5 2753.484 
5 2175.853 
5 2352.296 
5 2580.921 
5 3157.254 
5 2993.251 
5 2372.577 
5 2594.593 
5 2492.850 
5 2726.260 
5 2165.310 
5 2344.352 
4 2393.352 
4 2965.442 
5 3095.462 
5 2473.741 
5 2587.651 
5 2390.682 
5 1855.624 
5 1793.114 
5 3914.562 
5 1991.444 
5 2415.898 
5 2621.735 
5 2504.705 
5 2674.607 
5 2428.650 
5 2593.295 
5 2665.611 
5 2666.347 
5 1644.001 
5 2149.323 
5 2789.804 
5 3061.218 
4 2760.910 
5 3145.611 
5 1899.370 
5 2268.773 
5 3114.670 
5 2608.241 
5 2506.452 
5 3461.935 
5 2054.391 
5 2370.143 
5 2340.973 
5 2473.545 
5 2315.699 
4 1722.122 
5 3203.144 
5 2813.702 
5 2527.594 
4 2451.748 
5 2270.350 
5 2861.451 
5 2360.202 
5 2855.885 
5 2527.440 
5 2231.743 
5 2637.602 
5 2405.653 
5 2706.628 
5 2526.976 
5 2628.983 
5 2875.205 
5 2218.731 
4 2560.876 
4 1479.947 
5 1872.806 
5 3871.251 
5 2633.768 
5 2487.670 
5 2415.302 
5 2054.654 
4 2772.072 
5 2722.847 
5 2567.246 
5 2002.554 
5 2573.901 
5 2323.910 
5 2328.028 
5 2420.217 
4 3097.419 
5 3090.365 
5 2649.050 
5 2801.021 
5 2473.221 
5 2515.948 
5 3346.911 
5 2036.178 
4 2069.407 
5 2744.024 
4 2538.469 
5 1890.630 
5 2898.371 
5 2560.468 
4 2705.874 
4 2121.486 
4 2790.466 
5 2744.738 
5 2923.980 
5 3176.223 
5 2276.753 
5 2880.098 
5 2414.897 
5 2323.944 
5 2473.960 
5 2185.503 
4 2774.231 
5 2599.754 
5 2618.691 
5 2409.918 
5 2680.108 
5 3234.948 
5 2063.389 
5 2507.373 
5 1692.644 
4 2449.140 
5 2661.343 
5 2372.245 
5 2084.679 
5 2264.558 
5 2652.280 
5 2208.479 
5 2562.295 
5 2016.783 
5 2337.555 
5 2689.557 
5 2242.185 
5 2446.087 
5 2980.263 
5 2639.635 
5 2057.839 
5 2467.206 
5 2547.631 
5 2786.252 
5 2460.884 
5 2184.747 
5 2573.817 
4 2957.928 
4 2719.963 
5 2129.864 
5 3275.318 
5 2491.765 
4 2239.145 
5 2723.735 
4 1833.950 
5 2445.335 
5 2835.870 
5 2968.569 
5 2420.405 
5 2337.580 
5 2017.251 
5 3014.374 
5 2666.939 
4 3209.379 
4 2868.649 
5 2628.779 
4 2341.298 
5 2352.639 
5 2677.096 
4 2344.126 
5 2714.799 
4 2068.843 
5 2538.129 
5 2732.276 
5 2137.935 
5 2228.432 
5 2760.238 
5 2431.916 
5 2683.253 
5 3133.991 
5 2651.062 
5 2270.359 
5 2599.153 
5 2937.099 
5 2537.490 
5 2420.655 
5 2719.387 
5 2731.183 
5 2654.966 
5 2815.063 
5 2664.841 
5 2258.148 
5 2326.616 
5 1972.932 
5 2933.400 
5 2839.546 
5 1838.194 
5 2588.809 
5 1923.502 
5 2868.842 
5 2609.236 
5 2762.028 
5 2272.584 
5 2732.775 
5 3297.686 
4 2072.291 
5 2678.723 
5 3012.408 
5 2666.715 
5 2489.485 
5 1765.594 
5 2676.641 
5 2415.488 
5 2582.394 
5 2302.428 
5 2194.869 
5 2122.624 
5 2652.652 
4 2459.167 
4 2366.508 
5 3174.128 
5 2790.326 
5 2867.225 
5 2361.213 
5 2745.221 
5 2902.686 
4 2346.439 
4 2412.278 
5 2932.577 
5 2142.069 
5 2686.821 
5 2446.400 
5 2646.160 
5 2512.206 
5 2320.575 
5 2341.051 
4 2652.275 
5 2319.035 
5 2808.789 
4 2144.493 
4 3103.047 
5 2401.257 
5 2589.833 
5 2320.675 
5 3063.828 
5 2460.720 
5 2650.182 
4 2677.456 
5 3438.490 
5 2724.353 
5 2676.840 
5 3208.149 
4 1914.173 
5 1994.364 
5 3010.129 
5 2488.654 
5 2276.673 
5 2706.192 
5 2187.215 
5 2606.497 
4 2740.152 
4 2706.495 
5 2216.089 
5 1849.523 
5 2044.723 
5 2953.973 
4 2692.459 
5 2366.598 
5 2778.538 
5 2795.370 
5 2769.729 
5 1957.482 
5 2953.795 
4 2043.206 
5 2794.578 
5 2388.170 
5 2533.113 
5 2539.622 
5 2368.474 
5 3109.891 
4 2199.988 
4 2227.741 
5 2044.656 
5 2417.244 
5 2411.464 
5 3021.738 
5 2198.693 
5 2314.730 
5 3107.745 
5 2708.945 
5 2126.935 
5 2526.278 
5 2105.803 
5 1413.448 
5 2919.769 
5 3524.572 
5 2625.814 
5 2833.678 
5 3009.931 
5 2372.189 
5 2450.247 
5 2252.725 
5 2432.000 
5 2564.262 
4 2541.965 
5 2133.151 
5 3081.497 
5 2645.266 
5 2283.560 
4 2545.242 
5 2733.997 
5 2883.955 
5 3827.201 
5 2774.858 
5 2459.117 
5 2074.903 
5 2509.614 
4 2580.320 
5 2332.745 
5 2108.466 
5 1915.116 
5 2337.029 
4 2491.937 
5 2636.459 
5 2203.407 
5 1478.888 
4 2122.656 
5 2676.166 
5 1734.583 
5 2707.821 
5 2819.597 
4 2848.412 
5 2771.866 
5 2626.542 
5 3012.398 
5 2118.404 
5 2811.414 
5 2551.842 
5 2563.093 
5 3244.183 
5 2525.186 
5 2727.542 
4 2117.072 
5 2859.339 
4 2003.048 
5 2277.425 
5 2492.763 
5 2959.326 
5 2770.218 
5 2696.255 
5 2458.543 
5 2346.881 
5 2818.690 
4 2714.234 
5 2171.003 
5 3612.055 
5 2886.289 
5 2814.094 
5 2409.486 
5 2363.075 
5 2099.616 
5 2858.901 
5 2700.097 
5 2872.730 
5 2886.888 
5 2848.321 
5 2475.009 
5 1889.017 
5 1907.804 
5 2201.548 
5 2163.897 
5 2237.124 
4 2739.840 
5 2247.436 
5 2540.681 
5 2925.258 
4 3506.599 
5 1923.871 
5 2267.903 
5 2711.708 
5 2335.585 
5 2476.541 
5 2392.128 
5 2725.787 
5 1699.208 
5 2802.915 
5 2782.898 
5 2295.171 
5 2751.773 
5 3015.758 
5 3042.590 
5 2902.625 
5 1871.828 
5 2046.651 
5 2227.109 
5 2300.479 
5 2965.497 
4 2194.741 
5 2735.962 
5 2871.803 
4 2851.514 
5 2190.785 
5 2155.146 
5 2728.730 
5 2348.034 
5 2554.716 
5 2349.239 
5 2859.518 
4 2730.405 
5 2451.204 
5 2855.823 
5 2967.041 
5 3155.813 
4 2515.104 
5 1821.338 
5 2154.108 
5 2772.805 
5 3394.647 
5 3075.985 
5 2493.335 
5 3128.186 
5 2207.007 
4 3150.896 
4 2633.964 
5 2865.524 
5 2542.004 
5 2805.623 
4 2301.090 
5 2534.969 
5 2364.543 
5 2498.202 
4 2614.409 
5 2523.570 
5 2722.150 
5 2683.039 
5 3033.065 
5 2765.854 
5 2323.516 
4 2161.045 
5 2382.014 
4 2595.141 
5 2200.036 
5 2475.731 
5 2148.229 
5 3081.508 
5 2614.826 
5 1713.913 
4 3681.375 
5 2365.304 
4 2534.156 
5 2161.094 
5 2526.186 
5 2656.220 
5 2894.957 
5 2685.167 
5 3071.478 
5 2977.794 
5 2631.398 
5 3082.974 
5 2599.790 
4 2264.265 
5 2432.416 
5 2060.653 
5 3130.457 
5 2718.636 
5 2196.278 
5 2157.369 
5 2615.401 
5 2554.877 
5 2711.273 
5 2831.014 
5 2624.126 
5 1998.657 
5 2784.232 
5 2914.726 
5 3383.361 
4 2826.476 
5 2438.622 
5 2085.693 
5 2515.032 
5 1990.650 
4 2328.439 
5 3262.462 
5 3077.205 
5 3385.315 
5 2862.125 
5 2891.686 
5 2460.204 
5 2598.636 
5 2374.710 
5 2601.805 
5 2745.778 
5 2613.583 
5 2090.492 
5 1988.618 
5 2268.074 
5 2216.076 
5 1835.766 
5 3658.662 
5 2695.790 
5 2870.383 
5 2507.003 
5 2268.144 
5 2636.441 
5 2527.592 
5 2324.033 
5 2490.654 
5 2672.384 
5 3187.518 
4 2015.608 
5 1796.242 
5 2544.948 
4 2814.330 
5 2686.442 
5 2549.767 
4 2780.211 
5 2209.541 
5 2593.837 
5 2967.466 
5 2603.557 
5 2173.189 
4 2713.115 
5 2300.365 
5 2444.677 
5 2297.711 
5 2213.484 
5 2380.511 
4 2557.124 
5 2958.919 
5 1820.323 
5 2230.172 
5 3338.507 
5 2742.364 
5 2706.250 
4 3049.204 
5 2387.658 
4 2427.649 
5 2479.548 
5 2840.588 
5 2743.860 
5 2339.024 
5 2744.293 
4 2138.139 
5 2237.510 
5 2210.938 
5 2703.487 
4 2382.815 
5 2294.833 
4 2550.425 
5 2404.065 
5 2071.207 
5 2801.215 
4 2795.070 
5 2610.013 
5 2651.849 
5 2615.093 
5 2593.778 
5 2424.380 
5 2818.862 
5 2928.972 
4 2698.008 
5 2387.229 
5 2576.679 
5 2889.876 
5 3105.512 
5 2246.707 
5 2616.811 
5 2271.587 
4 2365.997 
5 2335.722 
5 2239.228 
5 3243.059 
5 1871.297 
5 2094.747 
5 2412.017 
5 2975.559 
5 2932.142 
5 2333.984 
5 2670.740 
4 2428.200 
5 2015.046 
5 3137.376 
5 2264.259 
4 2192.447 
5 2593.444 
4 2624.417 
5 2999.803 
5 2521.992 
5 2947.085 
5 2386.615 
5 2798.357 
5 2447.671 
4 2475.052 
5 2458.818 
5 2194.828 
5 2578.730 
4 3309.670 
5 1779.236 
4 2350.344 
5 2958.487 
5 3076.859 
5 2634.138 
5 2502.264 
5 2208.774 
5 2589.402 
5 2836.458 
4 2203.257 
4 2822.160 
5 1702.947 
5 3199.531 
5 2822.558 
5 2430.406 
4 2666.399 
5 2295.171 
4 2435.323 
4 2776.983 
5 2709.290 
5 3227.977 
5 2421.514 
4 2192.896 
5 2543.275 
4 2267.311 
5 2983.440 
5 3039.061 
5 3186.601 
5 2704.782 
5 2289.974 
5 2380.109 
5 3359.564 
5 2752.871 
5 2391.285 
5 2494.167 
5 1878.479 
4 2642.255 
5 2320.635 
5 2300.292 
5 3070.806 
5 2306.905 
5 2233.168 
5 2638.682 
4 2103.070 
5 2689.624 
5 2347.861 
5 2857.806 
4 2580.135 
5 2377.359 
5 2325.604 
5 2109.640 
5 2365.840 
5 2949.591 
5 3077.488 
5 2845.397 
5 1609.414 
5 2467.048 
5 3088.603 
5 2582.983 
5 2646.233 
5 2469.323 
5 3400.922 
5 2675.672 
5 2516.484 
5 2502.926 
5 2440.945 
5 2313.028 
5 2605.858 
5 2676.197 
4 2000.150 
5 2288.255 
5 2616.569 
4 2560.092 
5 2559.985 
5 2636.207 
4 2584.116 
5 2992.482 
5 2226.558 
5 3132.369 
5 2546.201 
5 2658.283 
5 2386.424 
4 2490.834 
5 2515.361 
5 1844.413 
5 2838.815 
4 2708.824 
5 2490.797 
5 2924.483 
5 2196.737 
4 2742.647 
5 2724.852 
4 3114.829 
5 2847.086 
5 2900.261 
5 2553.526 
5 2619.488 
5 2235.731 
5 2650.789 
5 2517.072 
5 2520.287 
5 2751.865 
4 2795.062 
5 2456.405 
5 2864.878 
5 1728.510 
5 2568.433 
5 2336.372 
5 2790.985 
5 3050.483 
5 2357.370 
5 2875.061 
5 2542.307 
5 2923.436 
4 2578.517 
5 1945.474 
5 2314.869 
5 2210.043 
5 2704.403 
5 2739.839 
5 2299.917 
5 2929.073 
5 3376.961 
5 2723.520 
5 2769.627 
4 2957.597 
5 3484.529 
5 2403.499 
5 2252.994 
5 2479.460 
5 2759.958 
5 2193.065 
5 2941.259 
4 2996.691 
5 2571.414 
5 2461.536 
5 2960.403 
5 2027.182 
5 3015.615 
5 2249.247 
5 2182.258 
5 2621.016 
5 2189.965 
5 2062.695 
4 2570.447 
5 2469.424 
5 2605.552 
5 1998.133 
5 2190.095 
5 2624.743 
5 2192.592 
5 2379.713 
4 2806.552 
5 2125.523 
5 2209.222 
5 2391.954 
5 2114.734 
5 2708.942 
5 3123.082 
5 2663.876 
5 3132.676 
5 2907.364 
5 2273.007 
5 2210.948 
5 2786.796 
5 3551.471 
5 2621.691 
5 2682.162 
5 3879.071 
5 3601.222 
5 2446.938 
5 3044.073 
5 2479.635 
5 2644.362 
4 2582.729 
5 2787.791 
5 2511.161 
4 2926.341 
5 3518.670 
4 2779.764 
4 1667.164 
5 2735.562 
5 2645.000 
5 2565.945 
5 2550.540 
5 3901.774 
5 2564.824 
5 2911.932 
5 2620.554 
4 2640.689 
5 2461.299 
5 2973.803 
4 2559.124 
5 2523.141 
5 2302.777 
5 2320.829 
5 2505.073 
5 2797.152 
5 2637.294 
5 2798.571 
5 2828.817 
5 2292.665 
5 2985.335 
5 2344.634 
4 2854.300 
5 2959.108 
5 2601.919 
5 2830.479 
5 2644.433 
5 2447.941 
5 2290.889 
5 2976.253 
5 2400.032 
5 2131.488 
5 2438.343 
5 1785.389 
5 2294.463 
5 2534.037 
4 2750.955 
5 2145.935 
5 1943.159 
5 3333.202 
5 2405.627 
5 2713.897 
5 3145.391 
5 2245.920 
5 2728.803 
4 2886.564 
5 2693.936 
5 1944.454 
4 2162.614 
5 2786.562 
5 2792.488 
5 2713.369 
5 2504.596 
4 2415.988 
5 1870.085 
5 2978.696 
5 2924.282 
5 2436.447 
5 3340.009 
4 2559.067 
5 2479.631 
5 1850.378 
5 2729.460 
5 2787.449 
4 3247.100 
5 2250.790 
4 2823.708 
5 2850.058 
5 2596.009 
5 2586.022 
5 2030.104 
5 3650.034 
5 2368.420 
5 2056.559 
5 2707.720 
5 2042.590 
4 1869.299 
5 2463.731 
5 2605.227 
5 2684.823 
4 2879.824 
5 2348.470 
5 2655.546 
5 2535.549 
5 2627.185 
5 2637.261 
5 2498.145 
5 2317.987 
5 2914.945 
4 2158.097 
5 2323.479 
5 2727.896 
5 2277.376 
5 2487.048 
5 2369.541 
4 2275.587 
5 2683.873 
4 2316.853 
5 2552.899 
5 2589.083 
5 2703.091 
4 2403.582 
5 2349.465 
5 2355.863 
5 2591.664 
5 2385.249 
5 2745.438 
5 2391.531 
5 2240.387 
5 2448.550 
4 2631.375 
5 1703.819 
5 2423.699 
5 2914.679 
4 2413.830 
4 2367.140 
5 2535.595 
5 2443.128 
5 2638.809 
5 2112.914 
5 2944.684 
4 2334.575 
5 2177.655 
5 2206.641 
4 2423.384 
5 2584.718 
4 2434.164 
5 1777.485 
5 2603.723 
5 2137.405 
5 2308.856 
5 2848.730 
4 3727.593 
5 1813.383 
5 3412.194 
5 2592.950 
5 2280.890 
4 1767.659 
5 3462.608 
5 2128.643 
5 2773.772 
5 3458.590 
5 3178.904 
4 2539.703 
5 2747.914 
4 2634.729 
5 2825.505 
5 2236.586 
5 2135.756 
5 2518.758 
5 2892.742 
5 2962.822 
5 3174.403 
5 2524.063 
4 2251.014 
5 2721.000 
5 2237.367 
5 3064.874 
5 2558.012 
5 2546.491 
5 1759.254 
5 2610.109 
5 2342.064 
5 2475.614 
5 3312.582 
4 2270.075 
5 2357.506 
5 3064.776 
5 2652.509 
4 1856.177 
5 2791.451 
5 2697.073 
5 2801.143 
5 2649.689 
5 2706.207 
5 2185.317 
5 1773.483 
5 3120.937 
5 2589.015 
5 2803.119 
5 2651.165 
5 2120.110 
5 2751.725 
4 2505.609 
5 2919.273 
4 2614.188 
5 1980.777 
4 3285.509 
5 2210.067 
5 2175.407 
5 2881.846 
5 2359.275 
4 2415.606 
5 2912.337 
5 2779.492 
5 2705.193 
4 2553.273 
5 2810.861 
5 2689.395 
5 2395.061 
5 2516.278 
5 2172.623 
5 3153.200 
5 3024.498 
5 2430.674 
5 2823.531 
5 3016.165 
4 1724.346 
5 2216.229 
5 2572.920 
5 2168.734 
5 2737.124 
5 1854.071 
4 2292.651 
5 2631.837 
4 2205.756 
4 2386.033 
5 2984.774 
5 2468.831 
5 2939.678 
4 2404.789 
5 2519.764 
5 2236.563 
5 2246.345 
5 2739.812 
5 2865.084 
5 2299.754 
5 2452.579 
5 2542.915 
5 2746.299 
5 2417.991 
5 1314.328 
4 2456.736 
5 2557.973 
5 2989.669 
5 1967.470 
5 2360.695 
5 2078.870 
5 2089.184 
5 3354.434 
5 2869.032 
5 2796.442 
5 2237.992 
5 2055.717 
4 2116.642 
5 2512.025 
5 3262.760 
4 2512.018 
5 1786.712 
5 2854.615 
5 2377.488 
5 2813.241 
5 2652.220 
5 2793.928 
5 2315.954 
5 2744.285 
5 2465.547 
4 2600.598 
5 2883.858 
5 2752.135 
5 2183.434 
5 2532.945 
5 1422.696 
5 2228.372 
4 2909.882 
5 3949.008 
5 2677.689 
5 3129.852 
4 2248.117 
5 2326.954 
4 1762.547 
5 2857.019 
5 2433.163 
5 2932.626 
5 2494.097 
5 2493.583 
5 3333.927 
5 3022.704 
5 2905.363 
5 2045.168 
5 2521.705 
5 2894.910 
4 1836.451 
5 2372.953 
5 2758.674 
5 2342.904 
5 1868.118 
5 2795.816 
5 3084.356 
5 2182.668 
5 2901.640 
5 2246.561 
5 2221.251 
5 3324.554 
5 2943.344 
5 1833.376 
5 2633.147 
5 2895.314 
5 2688.881 
5 2474.343 
5 1930.095 
5 3059.936 
5 2962.086 
5 2771.230 
5 2041.395 
4 2474.812 
5 3046.975 
5 2935.334 
5 2821.023 
5 2617.997 
5 2457.045 
5 2324.755 
5 3247.056 
5 2963.042 
5 2454.590 
5 2258.510 
5 2658.940 
5 3565.423 
5 2549.415 
5 2755.380 
5 2725.732 
5 2990.275 
4 2405.505 
5 2383.333 
5 2731.601 
5 2938.431 
5 2040.188 
5 2786.441 
5 3094.577 
5 1939.359 
5 2662.608 
5 2059.015 
5 1840.488 
5 2247.208 
5 2338.340 
5 3240.595 
5 2621.617 
5 3183.593 
4 3055.673 
5 2185.694 
5 2383.654 
5 2242.585 
5 2915.649 
5 2687.219 
5 3095.188 
4 2782.641 
5 1980.115 
4 2815.065 
5 2514.210 
5 2382.508 
5 2419.055 
5 2843.302 
5 2384.876 
5 2234.942 
5 2500.767 
5 2881.591 
4 2169.964 
5 2764.866 
5 2124.509 
5 2308.738 
4 2924.509 
5 2605.671 
5 2224.946 
5 2591.812 
5 2404.446 
5 2124.833 
4 1652.806 
5 2918.242 
5 1902.731 
4 2750.585 
5 2469.778 
4 2061.194 
4 2434.501 
4 2222.145 
5 2383.831 
5 2323.793 
5 3278.867 
5 2425.598 
5 2423.605 
5 2778.034 
5 2767.360 
5 2202.156 
5 2196.713 
5 2647.727 
5 2057.325 
5 3100.039 
5 2717.793 
5 2216.895 
4 2478.218 
5 2396.504 
5 2605.502 
5 2024.964 
5 2864.382 
5 2684.328 
5 2578.806 
5 2437.430 
5 2621.490 
5 3478.381 
5 2981.437 
5 2731.198 
5 3033.797 
4 2836.750 
5 3235.564 
5 2763.582 
5 2696.205 
4 2484.414 
5 2703.632 
5 2735.112 
5 2159.545 
5 2818.635 
5 1670.637 
5 2648.948 
5 2344.725 
5 2261.239 
4 2575.329 
5 2608.070 
4 2392.572 
5 2864.295 
4 2339.232 
5 2924.891 
5 2837.640 
4 2435.999 
5 2748.596 
4 2694.928 
5 2806.926 
5 2105.812 
5 2118.349 
5 2515.254 
5 2257.362 
5 1570.375 
5 2545.811 
5 2216.482 
5 2839.397 
5 2751.253 
4 2398.866 
5 2322.720 
5 2500.648 
5 2009.654 
5 2304.051 
5 2710.600 
5 2478.707 
5 1883.891 
5 2461.270 
5 3134.940 
5 2048.844 
5 2441.771 
5 2623.000 
5 2497.494 
5 2351.795 
4 2837.838 
5 2223.054 
5 2533.719 
5 3323.475 
5 1676.913 
5 3012.810 
5 3198.130 
5 2563.323 
5 3250.368 
5 2144.530 
5 2709.687 
5 2021.308 
5 2706.031 
5 2224.091 
5 2339.031 
4 2392.222 
5 2412.552 
4 2996.798 
5 2580.978 
4 2249.565 
5 2327.549 
5 3496.176 
5 2420.656 
5 2187.493 
5 2681.031 
4 2608.522 
5 3087.824 
5 1756.994 
5 2669.093 
5 2289.865 
5 2009.862 
5 2578.102 
5 2830.023 
5 2771.201 
5 2657.529 
5 2170.331 
5 2243.734 
5 2463.387 
5 2604.049 
5 2401.524 
5 2219.127 
4 3748.854 
5 2834.301 
5 2936.363 
5 2378.031 
5 2413.464 
5 2351.528 
5 3140.794 
4 1931.015 
5 2518.172 
4 1853.258 
4 2584.428 
5 2303.328 
4 2754.596 
5 2839.850 
5 2456.901 
4 2890.884 
5 2035.953 
5 2670.430 
5 2177.711 
4 3653.300 
5 2183.844 
5 2269.941 
5 2679.830 
4 3089.064 
5 2578.496 
5 2189.880 
5 2568.943 
5 2091.969 
5 3308.528 
5 2599.297 
5 2706.150 
5 2496.679 
5 2056.943 
5 2429.466 
5 2885.009 
5 3222.772 
5 2804.988 
5 2795.911 
5 2781.581 
5 2829.915 
5 2081.159 
5 2872.104 
5 2463.430 
5 3042.752 
5 2617.654 
5 1756.588 
5 2224.341 
5 2585.219 
5 2722.427 
5 2614.614 
5 2086.986 
5 3023.159 
5 2692.113 
5 3351.231 
5 2403.714 
5 1883.128 
5 2572.982 
4 2361.448 
5 2151.927 
5 2672.501 
5 2892.963 
5 2516.200 
4 2300.694 
5 2905.452 
5 2354.856 
5 2904.546 
5 2605.525 
5 2942.068 
5 3044.121 
5 2619.393 
5 1471.131 
5 2588.831 
5 1774.239 
5 2396.619 
5 3096.733 
5 2094.549 
5 3091.365 
5 2911.976 
5 2709.976 
5 1907.673 
4 2769.000 
5 2292.099 
5 2528.601 
5 2971.402 
5 2512.887 
5 2624.739 
5 2723.153 
5 1699.283 
5 3385.482 
5 2553.264 
5 2150.329 
5 2832.899 
5 2729.370 
5 2491.704 
4 3063.239 
4 3184.646 
4 2245.171 
5 2375.814 
5 2200.832 
4 2453.993 
5 2671.876 
4 2066.841 
4 2718.153 
5 2789.360 
5 2513.063 
5 2927.999 
5 2127.683 
5 2055.526 
5 2951.959 
5 2868.973 
5 2530.288 
4 2029.065 
5 2826.338 
5 2348.175 
4 2724.552 
5 2945.934 
5 2293.127 
5 3353.857 
5 2923.170 
5 2639.178 
5 2313.729 
5 1892.843 
4 1711.876 
5 2302.923 
5 2452.820 
5 2753.689 
5 2887.800 
5 2166.513 
5 2623.526 
5 2941.577 
4 2409.080 
5 2710.524 
5 2047.085 
5 2855.277 
5 2526.097 
5 3607.654 
5 2658.812 
5 2407.346 
5 1943.096 
5 2314.768 
5 2550.338 
5 2249.291 
5 2511.560 
5 2338.079 
4 1373.837 
5 2342.150 
5 2999.084 
5 2548.473 
5 2488.045 
5 2556.407 
5 2571.072 
5 2362.348 
5 2437.119 
5 3158.904 
4 2318.532 
5 2672.026 
5 2552.412 
5 2611.760 
5 2622.480 
5 2551.063 
5 2452.090 
5 2609.583 
5 2357.158 
4 3087.204 
5 2401.809 
5 2813.212 
4 2717.891 
4 2561.303 
4 2486.029 
5 2312.421 
4 1595.032 
5 2419.796 
5 2388.601 
5 2075.022 
5 1772.465 
5 2769.369 
4 2079.026 
5 2021.573 
5 2472.662 
5 3112.607 
4 2660.437 
5 2219.987 
5 2425.423 
4 3037.922 
5 1831.845 
4 3304.844 
5 2744.568 
5 1772.995 
5 2655.405 
4 2391.455 
5 2443.620 
5 2398.870 
4 2423.436 
5 2568.156 
5 2571.677 
5 2487.538 
5 1766.350 
4 2913.403 
5 2447.386 
5 2288.448 
5 2068.163 
5 2339.592 
5 1951.677 
5 2772.312 
5 2468.905 
5 2699.135 
5 2742.497 
5 2134.960 
5 2754.763 
4 2333.129 
5 2173.206 
5 2447.306 
5 2462.038 
5 2687.434 
5 2284.100 
5 2770.335 
5 2412.864 
5 2776.082 
5 3257.447 
5 2694.952 
5 2496.404 
5 2635.475 
5 2008.256 
4 1719.809 
5 2494.827 
5 2305.686 
5 2306.505 
5 2824.776 
5 2627.313 
5 1678.255 
5 1941.361 
5 2613.474 
5 2577.061 
5 2299.601 
5 2237.126 
5 1802.592 
4 2489.108 
5 2582.933 
5 2429.554 
4 2813.349 
5 2145.807 
5 2623.319 
5 2730.609 
5 3029.850 
5 2137.799 
4 2624.615 
5 2756.845 
5 2000.585 
5 2596.087 
4 2458.622 
5 2818.345 
5 2450.085 
5 2240.463 
5 2778.645 
5 2574.394 
5 2473.540 
5 3162.480 
5 3492.497 
5 2349.086 
5 2679.410 
5 3040.128 
5 2859.800 
5 2388.941 
5 2223.268 
5 2482.296 
5 2382.289 
5 3037.271 
5 2528.667 
5 2703.958 
5 2570.433 
5 3053.168 
5 2324.572 
5 2672.629 
5 1961.236 
5 2549.598 
5 2925.570 
4 2491.944 
5 2494.829 
5 1988.004 
5 2417.871 
5 3088.705 
4 3050.458 
5 2547.131 
5 2950.792 
5 2498.649 
5 2666.072 
5 2762.663 
5 2499.417 
5 2657.131 
4 2402.227 
5 2488.101 
5 3208.720 
5 2880.933 
5 2789.825 
5 2063.901 
5 2735.519 
5 2647.503 
5 2339.675 
5 2159.962 
4 3972.067 
5 2551.676 
5 2700.323 
5 2487.467 
4 2468.678 
5 2335.445 
5 2734.293 
5 2383.981 
5 2412.128 
4 2767.839 
5 2289.778 
5 2611.093 
5 2071.654 
4 1775.083 
5 2779.912 
5 2073.853 
4 2035.168 
4 2857.571 
5 2981.601 
5 1977.026 
5 2625.782 
5 1914.662 
4 2985.010 
5 1449.411 
5 2942.086 
5 2734.457 
5 1518.664 
5 2446.194 
5 3166.112 
5 2613.148 
4 2477.449 
5 2809.011 
5 3476.770 
5 2130.257 
5 2721.358 
4 2619.700 
5 2566.635 
5 2196.130 
5 2885.918 
4 2303.499 
5 2362.483 
5 2470.020 
5 2081.106 
5 2180.875 
5 2377.292 
5 2403.350 
5 3355.025 
5 3116.124 
5 2969.658 
5 2922.460 
5 2582.365 
5 3134.079 
5 2361.781 
5 3224.034 
5 2029.653 
5 2835.730 
5 2628.638 
5 2556.869 
5 2548.114 
5 2735.857 
5 3066.558 
5 2860.037 
5 3027.684 
5 3213.166 
5 2556.948 
5 3406.851 
5 2226.359 
4 2512.010 
5 1956.080 
4 1823.100 
5 2275.075 
4 2908.057 
5 2442.823 
5 2710.709 
5 2424.165 
5 2468.560 
5 2081.273 
5 2638.313 
5 2414.954 
5 2376.220 
5 2717.839 
5 2354.037 
4 2121.014 
5 2938.278 
5 2415.063 
5 2961.696 
4 2464.842 
5 2668.822 
5 2824.409 
5 1931.906 
5 2576.018 
5 2319.220 
4 2509.540 
5 2992.293 
5 2323.596 
4 2198.389 
5 2014.785 
5 2171.723 
5 2915.591 
4 2504.867 
5 2535.835 
5 2508.026 
5 2072.038 
5 2243.796 
5 2477.485 
4 2526.576 
5 2354.922 
4 2806.253 
5 2714.239 
4 3124.033 
5 2095.551 
5 2501.599 
4 2698.406 
5 2407.761 
5 2252.377 
4 3101.342 
5 2706.252 
5 2611.950 
5 2825.680 
5 2740.189 
4 2592.505 
5 2727.365 
5 3332.074 
5 3174.783 
4 2840.786 
5 2742.214 
5 2376.319 
5 2567.646 
4 2276.916 
5 2829.983 
5 2461.872 
5 2734.745 
5 2788.581 
5 2260.913 
5 2125.031 
5 3371.426 
5 2249.716 
4 1707.906 
5 2185.446 
5 2526.018 
4 2252.239 
5 2247.932 
5 1990.547 
5 2356.833 
4 2461.858 
5 2793.763 
5 2392.092 
5 1707.135 
5 2606.572 
5 2762.990 
5 2818.535 
5 2959.429 
5 2630.126 
5 2678.000 
4 2710.046 
4 2700.328 
4 2409.056 
4 2359.661 
5 2869.580 
4 1903.916 
4 2577.178 
5 2903.996 
5 2618.398 
5 2875.665 
5 1854.996 
5 2747.885 
5 2254.254 
5 1984.824 
5 2123.102 
5 1940.795 
5 2498.653 
5 2787.512 
5 2807.383 
5 2774.789 
5 2529.663 
5 3037.486 
5 2486.399 
5 2053.078 
5 2121.998 
5 2833.262 
5 2410.035 
5 3449.613 
5 2769.265 
5 2524.141 
5 2436.292 
5 2490.568 
5 1917.946 
5 2668.416 
5 2392.974 
5 2545.344 
5 2203.995 
5 2022.967 
5 1946.475 
5 1864.541 
5 2686.830 
4 2675.488 
5 2738.421 
4 2044.918 
4 2886.020 
5 2291.035 
5 1694.952 
5 3518.245 
5 1878.186 
5 2928.376 
4 2696.673 
5 2605.893 
5 2517.812 
5 2314.798 
5 2593.741 
5 2389.084 
5 2013.314 
5 2519.547 
5 2953.560 
4 2671.733 
5 2351.991 
5 2182.601 
5 3173.619 
5 2065.657 
5 2471.185 
4 3337.566 
5 2520.574 
5 2339.043 
4 2547.453 
5 2284.597 
5 2664.337 
4 2567.256 
5 2265.316 
5 1844.028 
5 2071.622 
5 2124.162 
5 2531.691 
5 1845.370 
5 3169.464 
5 2316.895 
5 1625.536 
5 2688.451 
5 2882.168 
5 2589.540 
5 2578.715 
5 2315.326 
5 2630.718 
5 3157.340 
5 2827.792 
5 2336.851 
5 2377.266 
4 2197.537 
4 2355.512 
4 2459.295 
5 2019.234 
5 2269.567 
5 3155.556 
5 2780.126 
5 3062.638 
5 2353.947 
5 2601.713 
5 2209.051 
4 2303.568 
5 2369.066 
5 2370.995 
5 2141.278 
5 2734.304 
5 2553.235 
5 2331.876 
5 2080.710 
5 2767.937 
5 2574.048 
5 3297.205 
5 3326.814 
5 2507.540 
5 2855.543 
5 1717.057 
5 2441.464 
5 2425.237 
5 2114.427 
5 3100.051 
5 2954.961 
5 1971.187 
5 2606.885 
5 2871.731 
5 2456.942 
5 2535.523 
5 2407.770 
5 2102.620 
5 2614.784 
5 2448.350 
5 2254.637 
5 2495.874 
5 2742.720 
5 3267.423 
5 2659.356 
5 2234.441 
5 2344.015 
5 2801.822 
5 2125.570 
4 2317.285 
5 2108.834 
4 2376.591 
5 2650.333 
5 2602.935 
5 2629.851 
5 2980.852 
5 2552.182 
5 2600.475 
5 2501.760 
5 2044.669 
5 3022.672 
5 2944.717 
5 2588.213 
4 2644.607 
5 2401.169 
4 2919.996 
5 2827.543 
5 1987.229 
5 2294.461 
5 2646.025 
5 2591.623 
5 1933.955 
5 2146.167 
5 2295.094 
5 3219.946 
5 2361.886 
5 2348.583 
5 2650.473 
5 2075.960 
5 2482.524 
5 2932.781 
5 2781.157 
5 2377.200 
4 3491.604 
5 2427.939 
4 2591.949 
5 2390.107 
5 2520.241 
5 2302.630 
5 1785.656 
5 2156.313 
4 3052.498 
5 2752.661 
5 1924.426 
5 2246.348 
5 2800.759 
5 2640.434 
5 3037.269 
5 3393.407 
5 2742.418 
5 1577.503 
5 2885.521 
5 2442.382 
5 2329.126 
5 2776.786 
5 2474.973 
4 2132.951 
5 2947.791 
5 2277.821 
5 3504.597 
5 2029.619 
5 3205.556 
5 2665.473 
5 2691.172 
5 2402.159 
5 2981.819 
4 2452.790 
5 1924.195 
4 2703.120 
5 2936.943 
5 3090.549 
5 3288.749 
5 3648.186 
5 1971.462 
5 2462.431 
5 1720.642 
5 2467.916 
5 2821.695 
5 2328.307 
5 2625.547 
5 2190.476 
5 2189.837 
5 2738.928 
5 3420.252 
5 2417.522 
5 2411.905 
5 1773.761 
5 2239.204 
5 1804.775 
5 2521.593 
4 1738.286 
5 2907.071 
5 2548.541 
5 2036.344 
5 2679.936 
5 2504.928 
4 2857.343 
5 1901.571 
5 1986.922 
5 2887.291 
5 2076.950 
5 2568.767 
5 2249.027 
5 2791.621 
5 1878.223 
5 2117.523 
5 3338.578 
5 3061.223 
5 2606.848 
5 3197.336 
5 2988.865 
5 2531.271 
5 1895.369 
5 2817.865 
5 2111.233 
5 2050.862 
5 2312.098 
5 2621.020 
5 3407.177 
5 2933.180 
5 2505.022 
5 1815.164 
5 3146.356 
5 2276.983 
5 1600.846 
4 2536.277 
5 2819.031 
5 2719.750 
5 2029.505 
5 2413.367 
5 2776.464 
5 3533.428 
5 2550.874 
4 2365.412 
5 2368.023 
5 2610.878 
4 2177.767 
5 2647.063 
5 1929.281 
5 1885.365 
5 1965.675 
5 2847.166 
5 2682.372 
5 1841.844 
5 2604.613 
5 2330.325 
5 2792.315 
5 2271.729 
5 2211.480 
5 2252.436 
5 2820.969 
5 2783.703 
4 2878.771 
4 2837.126 
5 2470.547 
5 2276.732 
5 2679.142 
4 2107.110 
5 2715.996 
5 2576.984 
5 2486.399 
4 1648.832 
4 2774.414 
5 2570.738 
5 2404.127 
5 2180.715 
4 2213.372 
5 2347.595 
5 2810.779 
5 1908.864 
5 2430.140 
5 3167.251 
5 2656.504 
5 2693.056 
5 2251.796 
5 1920.568 
5 4349.067 
5 3091.075 
4 2278.427 
4 2217.303 
5 2692.395 
5 2228.585 
5 2799.256 
5 2470.943 
5 2498.408 
5 2285.458 
5 2689.662 
5 2607.388 
5 2487.404 
5 2578.429 
5 1870.193 
5 2513.280 
5 2901.890 
4 1892.142 
5 2196.684 
5 2715.154 
5 4364.066 
5 2645.310 
5 2282.475 
4 2600.892 
5 3091.659 
5 2398.066 
5 2605.643 
4 2695.000 
5 2417.129 
4 2822.875 
4 2328.895 
5 2251.207 
5 2585.393 
5 2754.305 
5 1627.234 
5 2980.765 
5 2927.001 
5 2691.318 
5 2607.297 
5 2392.778 
5 2690.564 
5 2000.858 
5 1981.765 
5 2372.589 
5 2853.912 
5 2840.956 
4 2886.299 
4 2594.766 
5 2576.479 
5 2600.983 
5 2484.169 
5 2799.171 
4 2837.180 
5 2646.533 
5 2404.031 
5 1367.403 
5 2468.401 
5 2611.680 
5 2112.188 
5 2675.121 
5 2308.758 
5 2027.313 
5 3237.220 
5 2334.266 
4 2399.551 
5 2583.785 
5 2643.395 
5 2936.840 
5 2938.642 
5 2828.971 
5 2605.016 
5 3379.613 
5 2687.941 
5 2497.563 
5 1960.612 
5 2617.516 
5 2541.540 
5 2318.922 
5 2292.526 
5 2792.411 
4 2496.489 
5 2051.312 
5 2249.278 
4 2756.547 
5 2428.955 
5 3378.563 
5 2353.020 
5 3655.245 
5 2409.382 
5 2588.439 
5 2836.745 
5 2929.902 
5 2544.236 
5 2319.603 
5 2590.969 
5 2681.031 
5 2072.058 
5 3038.929 
5 2619.250 
5 2283.519 
5 2419.221 
4 2883.353 
5 2447.437 
4 2718.761 
5 2721.789 
5 2497.538 
5 2682.572 
5 2767.308 
5 3082.377 
5 2803.269 
5 2556.868 
5 2174.459 
5 2633.002 
5 2825.538 
4 2686.179 
5 2490.290 
5 2575.861 
5 3097.601 
5 2263.499 
5 2471.122 
4 2141.557 
5 2793.178 
5 2497.808 
5 3191.595 
4 2714.229 
5 2482.916 
5 2329.303 
5 3156.103 
5 3508.052 
5 2806.575 
5 2840.981 
5 2503.414 
5 2611.099 
5 2174.442 
5 2439.819 
4 2633.393 
5 2660.266 
4 2472.340 
4 2357.632 
5 2805.429 
5 3009.452 
5 2196.052 
5 2113.672 
5 2801.640 
5 3326.511 
5 2923.050 
5 2334.519 
5 2393.139 
5 2371.398 
5 2128.233 
5 1743.970 
5 2445.219 
5 2242.273 
4 2479.744 
5 2519.809 
5 2670.195 
4 2081.526 
5 2706.091 
5 2813.875 
5 2892.296 
5 2617.943 
5 1833.530 
5 2718.351 
5 2221.170 
5 2762.026 
5 2516.323 
5 2843.106 
5 2489.296 
5 2848.764 
4 2208.576 
5 2418.600 
5 3124.042 
5 2679.516 
5 1943.907 
4 1761.615 
5 2970.732 
5 2583.485 
5 2122.228 
5 2755.726 
5 2820.592 
5 2252.158 
5 2529.903 
5 2080.917 
5 2624.575 
5 2821.882 
5 2571.116 
5 2348.793 
5 2941.752 
5 2690.104 
5 2146.186 
5 2864.519 
5 2773.212 
5 2539.964 
5 1751.274 
5 3058.310 
5 2413.093 
5 2575.554 
5 2223.893 
5 3275.439 
5 2087.476 
4 2706.138 
4 1697.868 
5 2832.591 
5 2683.625 
4 2637.218 
5 3601.024 
5 2571.954 
5 2771.050 
5 1980.982 
5 1897.792 
5 2604.724 
5 2555.764 
5 2751.339 
5 2631.928 
5 2066.995 
5 2675.909 
5 3236.148 
5 2463.921 
5 2096.511 
5 2487.224 
4 2900.542 
5 2698.534 
5 2368.085 
5 3035.724 
5 3005.709 
5 2487.071 
5 2400.787 
5 2083.902 
4 2427.165 
5 3387.314 
5 2332.832 
4 2592.281 
5 2651.915 
5 2384.928 
5 2443.541 
5 2341.962 
5 2401.323 
5 2729.386 
5 2957.431 
5 2446.802 
5 2491.839 
5 2544.886 
5 2640.802 
5 2936.636 
5 2132.222 
5 2545.264 
5 2225.867 
5 2478.898 
5 3299.040 
5 2052.886 
5 2744.955 
5 2449.782 
5 2361.183 
5 2634.325 
5 2962.764 
5 2644.963 
5 2720.230 
5 3108.697 
4 2501.295 
5 2370.907 
5 3030.869 
5 2897.788 
4 1920.399 
5 2428.006 
5 2774.993 
5 2834.131 
5 3130.887 
5 3224.761 
5 2201.967 
5 2426.628 
5 2502.748 
5 2527.066 
5 1920.442 
5 2582.356 
5 2132.952 
5 2652.713 
5 2253.580 
5 3116.163 
4 3079.778 
5 3031.596 
5 2223.509 
5 2573.769 
5 1996.837 
5 2053.380 
5 2646.395 
5 2698.582 
5 2746.383 
5 2648.377 
5 2768.597 
5 2961.515 
5 2858.528 
5 2545.762 
5 2322.220 
5 2581.752 
5 2027.320 
5 2378.879 
4 3028.062 
5 2814.701 
5 2637.421 
5 2828.474 
5 3143.080 
4 2199.799 
5 3111.718 
4 2527.054 
5 2469.391 
5 2888.150 
5 2722.356 
5 2416.424 
5 2594.314 
5 2370.396 
5 2062.421 
5 2495.885 
5 2741.144 
5 2548.603 
5 2283.623 
5 2158.268 
5 2912.484 
5 2529.175 
5 2428.614 
5 2453.856 
5 2626.698 
5 2748.245 
5 2435.329 
5 2577.980 
5 2693.297 
5 1933.635 
5 2296.631 
4 2999.522 
4 2343.153 
5 1753.239 
5 3240.691 
4 2654.002 
5 1978.437 
5 2340.981 
4 2250.601 
5 3612.768 
5 2608.975 
5 3320.920 
5 2504.897 
5 2128.697 
4 2877.854 
5 2946.721 
5 2325.559 
4 2501.301 
5 3027.564 
5 2365.564 
5 2798.559 
5 2555.492 
5 2419.430 
5 2964.388 
5 1566.282 
5 2451.171 
5 2425.197 
5 2448.250 
5 2041.007 
5 3094.531 
5 2764.652 
4 3383.373 
5 2108.324 
5 2793.249 
5 2384.148 
5 2757.965 
5 2904.343 
5 2069.807 
5 1464.677 
5 2518.069 
5 2166.866 
5 2396.689 
5 2079.640 
5 2380.349 
5 2160.259 
5 2009.161 
5 2944.916 
5 3042.311 
5 2583.858 
5 3214.594 
5 2690.249 
4 1420.137 
5 2916.802 
5 2844.091 
5 3205.219 
5 3382.434 
5 2339.409 
5 2315.329 
5 2616.750 
4 2578.610 
4 2798.916 
5 2584.667 
5 2331.422 
5 2751.325 
5 3258.906 
5 3297.482 
5 1937.845 
5 2477.405 
5 2997.962 
5 2578.794 
5 2248.019 
5 2629.140 
5 2667.099 
5 2149.845 
5 2449.542 
5 2591.934 
5 2308.635 
5 2948.433 
4 2487.033 
5 2498.592 
5 2016.444 
5 1490.920 
5 2479.822 
5 3008.576 
5 2155.197 
4 3100.771 
5 2990.009 
5 2175.978 
5 3079.824 
5 2570.848 
5 3513.616 
5 2522.477 
5 1941.805 
5 3207.472 
5 2654.216 
5 3105.609 
5 2867.686 
4 3339.249 
5 2392.621 
5 2560.613 
5 2559.382 
4 2167.912 
4 2347.484 
5 3445.660 
5 2684.865 
5 1724.267 
5 2462.889 
4 2170.594 
5 2394.327 
5 2630.409 
5 2768.494 
5 2925.364 
4 2404.092 
5 2405.288 
5 2734.394 
5 2437.292 
5 2415.505 
4 2623.945 
5 2523.399 
5 2844.516 
4 2622.860 
5 2321.301 
5 2481.242 
5 2408.281 
5 3256.192 
4 3275.775 
5 1929.707 
5 3096.094 
5 2353.248 
4 2235.251 
5 3050.361 
5 2608.545 
5 3344.645 
5 2715.358 
5 2736.722 
5 2590.267 
5 1973.924 
5 3220.710 
4 2544.227 
5 2350.459 
5 1707.099 
5 2270.472 
5 2341.162 
4 3111.625 
5 2945.503 
5 2308.717 
5 2369.265 
5 3017.769 
5 2075.921 
5 2691.368 
4 2473.122 
4 2761.196 
5 2021.850 
5 3272.199 
4 3062.759 
5 2691.054 
5 2555.173 
5 2101.646 
5 2690.924 
5 2350.490 
5 2348.753 
5 2344.718 
5 1922.568 
5 2054.020 
4 2384.365 
5 2820.387 
5 3062.886 
5 2454.203 
5 2680.347 
5 3287.098 
5 2686.312 
5 2531.548 
5 2517.825 
5 2832.750 
5 2476.800 
5 3153.969 
5 2882.411 
4 2544.260 
5 2770.307 
5 2175.090 
5 1930.277 
5 1938.980 
5 3080.331 
4 2283.417 
5 1922.215 
5 2731.454 
5 2663.249 
5 3054.778 
5 2818.779 
5 2300.202 
5 2400.424 
5 2674.461 
5 2511.882 
5 2518.265 
5 2350.243 
5 3051.492 
5 2290.837 
4 1560.014 
5 2538.440 
4 2012.629 
5 2909.372 
4 2563.965 
5 2330.347 
5 2274.735 
5 2649.217 
5 2807.594 
5 2846.432 
5 2909.891 
5 2879.348 
5 2513.175 
5 3010.189 
5 2262.471 
5 2680.951 
5 2348.635 
5 2285.041 
5 2433.453 
4 3293.049 
4 2870.589 
5 3215.058 
5 2683.607 
5 2496.680 
5 2368.273 
5 2700.089 
5 2320.086 
5 2711.391 
5 3560.260 
5 2492.064 
5 2077.011 
4 1877.315 
5 1930.490 
5 2467.846 
5 2113.101 
4 2266.298 
5 2791.038 
4 2512.655 
5 2846.746 
5 2321.057 
5 2303.813 
5 2906.581 
5 3011.434 
5 2120.089 
5 2596.966 
4 2394.850 
5 2284.826 
5 2090.992 
4 2159.219 
4 2287.210 
5 2278.163 
5 2635.115 
5 2352.647 
4 2488.455 
5 2421.616 
5 2844.388 
5 2455.393 
5 2193.389 
5 2823.940 
5 2939.142 
5 2943.345 
5 2100.517 
5 2362.089 
5 2038.263 
5 2722.247 
5 2848.209 
4 2698.098 
5 2356.812 
5 2278.560 
5 3354.588 
5 1633.607 
5 2431.038 
5 2784.459 
4 2809.366 
4 2381.897 
5 2171.624 
5 2989.953 
5 2666.135 
4 2079.719 
5 2675.712 
5 3030.131 
5 2942.116 
5 3135.557 
5 2275.012 
5 3816.293 
4 2960.860 
4 2370.480 
5 2917.836 
5 2647.107 
5 2169.786 
5 3068.322 
4 2337.041 
5 2470.879 
5 2241.243 
5 3037.871 
5 2464.146 
5 1945.621 
5 2147.395 
5 2948.732 
5 2557.273 
5 1957.236 
4 2701.089 
4 2836.341 
5 2533.097 
5 2970.125 
5 2718.868 
5 2403.409 
5 2419.474 
5 2077.292 
5 2469.674 
5 2286.029 
5 2831.816 
5 2400.666 
4 2567.881 
5 3298.352 
4 1976.510 
4 2600.553 
5 2321.481 
5 2095.648 
5 2669.983 
5 1839.806 
5 2695.331 
5 1969.709 
5 2315.570 
5 3375.138 
5 1798.586 
5 2265.468 
5 2318.204 
4 2966.545 
5 2830.800 
5 2188.708 
5 3687.211 
4 2174.012 
5 2760.163 
4 2206.533 
5 2027.859 
5 2526.915 
5 2707.853 
5 2821.838 
5 2176.664 
5 2770.369 
5 2423.910 
5 2230.997 
5 2002.499 
5 3350.996 
5 2131.196 
5 2567.569 
5 2443.408 
5 3348.528 
5 2331.659 
5 3206.052 
4 2250.331 
5 1950.023 
5 1983.531 
5 2253.260 
5 2631.605 
5 3167.356 
4 3714.792 
5 2811.428 
5 2807.719 
5 2356.910 
5 2595.747 
5 2555.129 
5 3053.022 
5 1874.212 
4 3670.088 
4 2133.381 
5 2964.290 
5 2177.177 
4 2751.156 
5 2566.821 
4 2345.161 
5 2319.527 
4 2735.017 
5 3375.436 
5 4022.114 
4 2068.107 
5 2027.273 
5 2266.534 
5 2896.906 
5 2393.292 
5 2903.366 
5 2472.005 
4 2868.028 
5 2325.123 
5 1940.735 
5 2586.962 
5 2663.460 
5 2314.562 
4 2257.065 
5 2849.195 
5 3093.961 
5 3617.376 
5 2772.609 
5 1806.462 
5 2830.144 
5 2759.313 
5 2871.091 
5 2198.911 
4 1911.249 
5 2977.732 
5 2401.086 
4 2428.465 
5 3130.215 
4 3112.751 
5 2052.729 
5 3018.443 
5 2330.155 
5 2663.130 
5 2642.875 
5 2025.938 
5 2526.901 
5 2643.327 
5 2660.924 
5 2068.204 
5 2764.744 
5 2714.792 
5 2248.108 
5 2661.759 
4 3099.088 
5 2200.466 
5 3226.623 
4 2089.206 
5 2478.547 
5 2439.035 
5 2085.595 
5 2804.586 
4 3043.316 
5 2406.238 
4 1648.834 
5 2805.496 
5 2917.000 
5 2628.873 
5 2503.829 
5 2828.078 
5 2804.457 
5 2699.391 
5 2551.046 
4 2630.615 
5 2702.309 
5 3335.850 
4 2459.758 
5 2705.369 
4 2059.108 
5 2531.414 
4 2997.644 
5 2183.075 
5 1941.922 
5 2707.905 
5 2618.744 
5 2572.712 
5 2788.062 
5 1843.092 
4 2867.554 
5 2872.320 
5 1355.964 
5 2663.030 
4 2386.488 
5 2947.365 
5 2254.748 
5 2741.039 
5 2405.131 
5 2506.857 
5 3098.646 
5 2281.663 
5 2321.892 
5 1808.898 
4 2511.132 
4 1492.290 
5 2355.991 
4 2347.732 
5 2349.303 
5 2315.190 
4 1887.968 
5 2190.682 
5 2354.523 
4 2473.014 
5 2371.136 
5 2127.304 
5 2148.311 
5 2784.537 
4 3015.636 
4 2568.779 
5 3111.234 
5 2375.750 
5 2642.208 
5 2877.649 
5 2905.631 
5 2547.370 
5 2141.959 
5 2815.780 
4 3069.373 
5 2114.450 
4 2453.593 
5 2321.283 
5 2731.628 
4 3357.501 
5 2336.709 
5 2260.878 
5 3319.815 
5 2259.497 
5 2691.970 
5 3238.428 
5 3178.619 
5 2717.826 
5 2508.442 
4 2588.292 
5 2252.276 
5 2292.926 
5 2644.202 
5 3312.635 
5 2720.589 
5 2122.312 
5 2354.293 
5 1732.185 
5 2601.425 
5 2768.695 
4 3530.780 
5 2224.564 
5 1645.118 
5 2303.134 
5 2253.477 
5 2347.935 
5 2493.162 
4 1739.343 
5 2496.575 
5 1810.007 
5 1999.319 
5 2484.032 
5 2619.785 
5 2888.852 
5 2304.639 
5 2815.132 
5 2261.036 
5 2937.595 
5 2795.763 
5 2590.353 
5 2398.035 
4 2731.862 
5 2864.253 
5 1897.842 
4 2535.605 
5 2689.175 
5 2620.544 
5 2828.082 
5 2407.547 
4 2021.521 
5 2486.223 
5 2968.557 
5 2631.912 
5 2449.356 
5 2563.943 
5 2492.510 
5 2619.602 
5 2871.584 
5 2498.042 
5 2414.914 
5 2309.402 
5 2555.385 
5 2440.447 
5 2042.928 
4 1904.090 
5 2600.144 
5 2781.736 
5 2825.244 
5 2514.738 
4 2518.813 
5 2177.537 
5 3055.849 
5 3243.387 
5 4636.825 
5 2202.807 
5 2566.486 
4 3150.711 
5 2499.901 
5 2439.861 
5 3293.672 
4 2515.233 
5 2302.209 
5 2598.730 
5 2010.469 
5 2703.194 
5 2562.385 
5 2601.243 
5 2073.273 
5 2663.883 
5 2369.494 
4 2531.186 
5 3099.819 
5 1959.101 
4 2903.286 
5 2750.031 
5 2825.250 
5 2546.097 
5 2145.985 
5 2943.237 
5 1971.172 
5 2617.616 
5 2208.306 
4 2702.557 
5 2714.231 
4 2584.476 
5 2961.394 
4 2571.025 
5 2476.597 
5 2197.938 
5 2140.628 
5 2218.311 
5 2638.354 
5 2584.152 
4 1840.334 
5 2361.599 
5 2833.042 
5 2713.262 
5 2529.329 
5 3482.551 
5 2762.490 
5 2606.088 
5 1870.392 
5 2196.111 
5 2963.970 
5 2749.717 
5 2045.311 
5 2042.844 
5 2803.376 
5 3093.365 
5 2029.288 
5 2172.665 
5 2505.038 
5 2596.554 
5 2715.714 
5 2558.355 
5 2762.474 
5 2674.734 
5 2610.485 
5 2605.427 
5 3641.522 
4 2309.056 
5 2562.859 
5 2325.312 
5 1883.209 
5 2911.438 
5 2874.477 
4 2862.760 
5 2797.566 
5 2471.454 
5 3300.580 
5 2792.693 
5 3408.795 
4 2958.984 
4 1763.476 
5 2497.166 
5 2766.687 
5 2890.739 
5 2853.962 
5 2570.942 
5 2476.902 
4 2399.202 
5 2149.966 
5 2450.381 
4 2586.914 
5 2424.356 
5 2354.114 
5 2405.523 
5 2453.487 
5 3002.660 
5 3327.167 
5 2156.218 
5 2450.631 
4 2651.727 
5 2664.149 
4 2950.376 
5 2377.520 
5 2213.724 
5 2652.565 
5 1885.875 
5 2034.641 
5 2746.486 
5 2702.452 
5 2022.062 
5 2519.795 
5 2794.862 
5 2497.515 
5 2996.496 
5 3462.076 
5 3350.457 
4 3244.940 
5 2710.806 
5 1998.564 
5 2222.118 
5 2381.542 
4 1467.861 
5 2361.040 
5 1435.015 
5 2851.678 
5 2127.587 
5 2361.767 
5 1831.395 
5 2592.098 
4 2922.377 
5 2304.775 
5 2253.124 
5 2834.351 
4 2602.801 
5 2503.101 
5 2496.813 
4 2442.933 
5 3407.997 
5 2174.417 
5 2368.192 
4 2497.208 
5 2564.898 
5 2154.462 
5 2512.912 
5 2821.124 
5 2714.785 
5 2638.325 
5 2717.446 
4 2320.529 
5 2800.206 
5 2550.969 
5 2468.917 
5 2350.579 
5 2660.029 
5 1899.144 
5 2685.313 
5 2341.012 
5 2539.559 
4 2432.895 
4 2673.335 
5 3062.644 
5 2539.577 
4 2001.045 
5 2253.442 
5 3386.061 
5 1847.212 
4 2428.128 
5 1997.537 
4 2575.610 
5 2625.460 
5 2409.222 
5 3242.838 
5 2814.881 
5 2973.796 
5 2167.916 
5 2582.568 
5 3522.696 
5 2903.171 
5 2579.585 
5 2782.626 
5 2924.205 
5 2616.199 
5 2136.336 
4 2545.002 
5 1934.846 
5 2738.136 
5 2942.344 
5 2300.667 
4 1645.233 
5 2141.606 
5 2729.392 
5 2477.642 
4 2190.872 
5 2072.391 
5 2548.254 
5 1907.518 
4 2374.167 
5 2842.247 
5 2487.799 
4 2690.091 
5 2907.841 
5 2281.155 
5 2465.434 
5 2646.899 
5 2066.325 
5 2735.905 
5 2798.476 
5 2217.386 
5 2295.683 
4 1508.011 
4 2624.826 
5 2258.193 
5 2062.752 
5 1802.479 
5 2518.387 
5 3038.355 
5 2160.896 
5 2711.158 
5 2819.259 
5 2781.906 
5 2389.536 
5 2701.148 
5 2456.126 
5 2349.617 
5 2576.901 
5 2308.443 
5 1733.956 
5 2168.533 
5 2466.357 
5 2631.148 
5 2455.898 
5 1899.358 
5 2970.723 
5 2282.757 
4 1561.576 
5 2951.240 
5 2679.675 
4 2399.695 
5 2290.500 
5 2028.285 
5 2345.020 
5 2297.541 
5 2339.914 
5 1911.615 
4 2440.779 
5 2500.625 
5 2931.296 
5 3390.371 
4 2864.274 
5 3112.433 
4 2324.397 
5 2377.338 
5 2701.955 
5 2171.161 
4 2232.497 
4 2566.666 
5 2835.301 
5 2695.209 
4 3909.383 
5 2869.976 
5 2483.243 
5 3152.135 
5 1868.394 
5 2556.417 
5 2896.105 
5 1827.870 
5 2829.425 
5 2112.542 
5 2572.312 
5 2506.954 
5 2529.621 
5 2446.147 
5 2502.748 
5 2454.227 
5 2188.862 
5 2713.468 
5 3483.179 
5 2183.536 
5 2473.250 
5 2842.069 
5 1941.647 
5 2526.162 
4 2184.424 
5 2430.464 
5 3016.914 
5 2405.640 
5 2950.498 
5 1741.554 
4 1401.403 
4 2004.232 
5 2520.373 
5 2798.848 
5 2588.681 
5 2624.103 
5 3023.276 
5 1598.054 
5 2061.099 
5 2475.255 
4 3131.839 
4 2470.232 
5 2029.710 
5 1846.353 
5 3088.567 
5 3019.649 
5 2679.841 
5 2838.467 
5 1835.913 
4 2897.675 
5 2616.864 
5 2313.933 
4 3061.962 
5 2834.705 
5 2651.950 
5 2755.972 
4 2840.616 
5 2814.136 
4 2367.886 
5 2659.717 
5 2782.224 
4 2730.906 
5 3058.961 
5 2799.934 
5 2769.409 
5 2901.576 
4 2810.236 
5 2836.575 
5 2161.260 
5 2133.751 
5 2387.951 
5 2075.403 
5 2199.304 
5 2270.504 
5 3064.416 
5 2934.955 
5 2378.231 
5 2828.304 
5 2376.833 
5 2710.938 
4 2168.353 
5 2434.706 
5 2076.041 
4 2728.500 
5 3284.624 
5 2372.376 
5 2013.610 
5 2505.376 
5 2558.267 
5 2844.923 
5 2948.808 
5 2589.102 
5 2642.993 
5 2215.242 
5 2565.535 
5 2553.544 
5 2595.666 
5 2019.674 
5 2093.303 
5 2408.219 
5 2587.792 
5 2586.501 
5 2368.065 
5 2777.507 
5 2506.114 
5 2931.558 
5 3417.213 
5 2424.750 
5 2789.989 
5 3241.023 
5 2785.308 
5 2876.820 
5 2322.295 
5 3084.477 
5 2465.488 
5 3199.311 
5 2756.660 
5 2763.480 
5 2890.186 
4 3202.033 
5 2845.391 
5 3073.259 
5 2441.246 
5 2410.646 
5 1741.400 
5 3175.371 
5 2282.736 
5 2496.516 
5 2788.976 
5 3134.700 
5 2395.166 
5 2353.165 
5 2364.811 
5 1668.837 
5 2824.379 
5 2671.804 
4 2827.968 
5 2958.005 
5 2343.448 
5 2745.680 
5 2436.521 
4 1995.815 
4 1890.656 
5 2242.896 
5 2587.343 
5 2730.009 
5 2613.968 
5 2009.300 
5 2244.122 
5 2548.909 
5 2687.556 
4 2678.960 
5 2972.087 
5 2844.855 
5 2659.230 
4 2966.572 
5 2221.901 
5 2871.958 
5 2718.423 
5 2400.015 
5 2116.470 
5 2628.437 
4 2259.385 
5 2223.486 
5 2686.095 
5 2380.562 
5 1905.345 
5 2823.358 
5 3346.568 
5 2349.948 
4 1753.120 
5 2047.848 
4 1355.015 
5 1923.105 
5 2328.795 
5 2966.699 
5 2216.293 
5 2646.906 
5 2693.714 
5 2436.336 
5 2280.383 
5 3060.772 
5 2228.730 
5 2683.924 
5 2624.173 
4 2282.791 
5 2157.990 
5 2270.294 
5 1980.892 
5 2648.368 
4 2151.453 
5 2653.121 
5 2309.155 
5 2022.688 
5 2768.871 
5 2524.729 
5 2510.720 
5 2985.152 
5 2235.704 
5 2210.400 
5 2387.340 
5 2498.213 
5 2449.142 
5 1846.741 
5 2507.129 
5 2742.767 
5 2491.494 
5 2249.475 
5 2814.668 
5 2302.970 
5 2840.431 
4 2122.230 
5 2386.503 
5 2660.109 
5 2786.927 
5 2383.873 
5 2546.290 
4 2563.221 
5 2150.010 
4 3092.051 
5 2737.964 
5 2915.942 
4 3374.518 
4 2413.037 
5 2972.742 
4 1530.649 
5 3529.273 
4 2449.528 
5 2357.120 
5 2645.427 
4 3073.528 
4 3168.105 
5 3019.594 
5 3432.886 
5 2516.136 
5 2774.244 
4 2627.024 
5 2070.138 
5 2063.007 
5 2081.749 
5 2255.589 
5 2351.893 
4 2584.818 
5 2969.184 
5 2678.112 
4 3056.660 
4 2788.465 
5 2284.925 
5 1841.755 
5 3037.310 
5 2755.184 
5 2695.844 
5 2319.314 
4 2073.730 
5 2550.891 
4 2745.597 
5 2350.336 
5 3132.673 
5 2684.461 
5 3016.397 
5 2835.201 
5 2665.319 
5 2416.713 
5 2671.677 
5 2863.500 
5 3580.419 
5 2747.186 
5 2809.288 
5 2330.620 
5 2787.578 
5 2763.935 
5 3004.451 
5 2317.043 
5 2503.999 
5 2887.752 
5 2464.246 
5 2996.122 
5 2672.650 
5 2650.983 
5 2906.923 
5 2153.756 
5 2083.439 
5 2818.614 
5 2698.152 
5 2457.670 
5 2585.827 
5 2550.412 
5 1858.089 
5 1896.987 
5 2685.860 
5 2356.953 
4 2317.270 
5 2747.011 
5 2705.372 
5 2000.874 
5 2391.360 
4 1854.153 
4 2688.316 
5 2711.059 
5 2913.182 
4 2704.428 
5 1618.182 
5 2721.525 
5 2733.908 
5 2673.083 
4 2632.752 
5 2999.176 
5 2336.551 
5 2586.936 
5 2611.104 
5 1894.064 
5 2791.957 
5 2640.821 
5 2706.021 
5 2500.126 
5 2042.175 
4 2320.909 
4 2201.261 
4 2260.153 
5 2877.294 
5 2011.896 
5 2884.368 
5 2902.625 
4 2328.756 
5 2858.802 
5 1883.840 
5 2231.692 
5 3134.913 
5 2125.969 
5 3340.260 
5 2458.756 
5 2718.173 
5 2604.240 
5 2619.322 
4 2303.316 
5 2669.977 
5 2700.348 
5 2849.162 
4 3169.527 
5 3650.232 
5 2898.323 
5 2883.127 
5 2267.905 
4 2543.495 
5 2156.924 
5 2207.002 
5 2891.721 
5 2369.976 
5 3225.515 
5 1804.692 
5 2560.149 
5 3027.564 
5 2578.005 
5 2865.754 
5 2185.653 
5 3345.646 
5 2382.510 
5 2952.962 
5 2350.540 
5 2629.862 
5 2248.307 
5 2625.825 
5 2119.293 
5 3027.650 
5 3299.338 
5 2829.823 
5 2810.280 
5 2615.437 
5 2827.179 
5 2423.234 
5 2802.768 
4 3042.134 
5 2415.851 
4 2093.936 
5 2640.893 
5 2793.625 
5 2695.695 
5 3229.821 
5 2626.566 
5 2435.106 
5 2774.892 
5 2764.326 
5 2154.767 
5 2313.372 
5 2195.905 
5 2091.097 
5 2704.095 
5 2752.408 
5 2044.406 
5 2189.277 
5 2133.169 
5 2537.130 
5 2754.971 
5 2678.911 
4 2608.072 
5 2808.406 
4 2885.841 
5 2552.616 
5 2632.997 
5 2425.723 
5 2751.700 
5 2513.806 
5 2868.398 
5 3015.990 
4 2807.776 
5 2427.909 
5 2782.197 
5 2187.380 
4 1966.264 
5 2707.793 
5 2251.068 
5 2311.842 
5 2251.101 
5 2917.026 
5 2686.400 
5 2396.502 
5 2696.123 
4 2418.869 
5 2260.266 
5 2558.525 
5 1967.978 
5 3099.244 
5 2995.587 
5 2433.189 
5 2556.386 
5 2399.682 
5 3135.107 
5 2934.912 
5 2612.033 
4 2243.308 
5 3647.498 
5 2338.890 
5 2316.442 
5 3200.448 
5 2559.483 
5 1836.100 
4 2899.092 
5 2566.835 
5 2595.801 
5 3118.995 
5 2524.304 
5 2538.502 
4 1997.002 
5 3229.362 
5 2482.033 
5 2563.474 
5 2344.463 
5 2505.627 
5 2731.070 
5 2347.371 
5 2875.424 
5 1922.005 
5 3348.408 
4 2069.349 
5 1972.918 
5 2652.292 
5 2577.948 
5 2655.280 
5 2488.435 
5 2008.875 
5 2513.398 
5 1973.293 
4 2406.360 
5 2769.058 
5 2483.261 
4 3508.372 
5 2483.847 
4 2593.605 
5 2165.306 
5 2716.668 
5 2837.485 
5 2736.367 
5 2701.519 
5 2562.400 
5 2564.518 
4 1913.410 
5 1986.476 
5 2453.181 
4 2886.240 
5 2577.994 
5 2299.852 
5 2167.508 
5 2845.085 
5 1955.008 
5 2509.012 
5 2556.534 
5 3006.178 
5 2172.410 
5 3014.967 
5 2685.430 
5 2738.963 
5 2806.412 
5 2540.027 
4 2826.262 
5 2634.875 
5 2581.247 
5 2762.517 
5 2406.592 
5 2335.593 
5 2806.926 
5 2753.305 
5 2392.348 
5 2472.318 
5 2642.660 
4 2328.715 
5 2695.387 
5 2894.817 
5 2578.737 
4 2578.522 
5 2485.378 
5 2536.988 
5 2201.537 
5 2505.869 
5 2352.175 
5 2975.216 
5 2581.653 
5 2458.653 
4 2425.157 
5 1890.429 
5 2957.568 
5 2509.646 
4 2538.063 
5 2526.056 
5 2047.641 
5 2397.843 
5 2231.572 
5 2510.300 
5 2796.028 
5 1935.472 
5 2331.864 
5 2243.295 
5 2310.343 
5 2235.325 
5 2375.384 
5 2586.789 
5 2393.597 
4 2724.567 
5 2645.094 
5 2177.644 
5 1895.898 
5 2494.781 
4 1730.938 
5 2401.073 
5 2116.379 
5 2515.421 
5 2610.039 
4 2453.672 
4 2377.295 
5 2198.193 
5 2746.300 
5 2339.742 
5 2247.001 
5 2811.429 
5 2934.467 
5 1959.577 
5 2399.612 
5 2250.444 
4 2434.865 
5 2373.305 
5 2401.025 
5 2510.764 
4 2212.280 
5 2098.293 
5 2635.358 
5 2470.038 
5 2293.115 
5 2412.936 
4 2641.431 
5 2544.452 
5 2621.891 
5 2184.417 
5 2258.949 
5 2466.330 
5 2328.198 
4 3351.186 
5 2198.835 
5 1578.585 
5 2591.173 
5 2266.549 
5 2394.042 
5 2341.003 
5 2244.670 
5 2502.740 
5 2445.487 
5 1973.585 
5 2489.389 
5 2442.785 
5 2184.504 
5 2859.219 
5 2340.646 
5 3216.464 
5 2546.922 
5 3003.470 
5 1946.184 
4 2742.431 
5 2333.969 
5 2236.105 
5 2529.541 
5 3774.190 
5 2716.449 
5 2250.557 
5 2947.576 
5 2248.090 
5 2840.986 
5 2712.423 
5 2310.320 
5 2899.387 
5 2554.094 
5 2340.563 
5 2563.021 
5 2568.003 
5 2246.697 
4 2603.453 
4 3322.832 
5 2360.438 
5 2967.395 
5 1729.831 
5 2772.312 
5 2488.255 
5 2305.116 
5 2915.157 
5 2469.670 
5 2714.150 
5 2917.750 
4 1952.630 
5 2846.235 
5 2258.943 
5 2292.668 
5 2377.451 
5 2644.860 
5 2175.984 
5 3093.172 
4 2430.242 
5 2362.495 
5 2579.098 
5 2179.047 
5 2218.304 
5 2497.297 
5 2330.323 
5 2582.234 
4 2765.518 
5 2160.289 
5 2330.293 
5 3218.445 
4 2436.636 
5 2913.358 
5 2600.459 
5 2449.484 
5 2985.658 
5 2578.197 
5 2510.240 
5 4377.861 
5 1996.486 
5 2575.414 
4 2548.282 
5 3128.923 
5 2718.097 
5 2370.528 
5 2480.857 
4 2475.853 
4 2562.377 
5 2897.221 
5 2508.221 
5 2782.824 
5 2719.029 
5 2726.853 
5 2793.022 
5 2486.121 
5 2364.126 
5 2477.601 
5 3169.802 
5 2160.535 
5 1881.267 
4 2871.408 
4 2708.306 
4 1856.660 
5 2244.822 
5 2926.396 
5 2189.437 
5 2688.977 
5 2963.304 
4 2429.312 
5 2470.758 
5 2689.909 
5 3558.693 
5 2331.624 
5 2740.406 
5 2559.715 
5 2187.172 
5 2661.453 
5 2767.093 
5 2737.828 
5 2142.064 
5 2950.326 
5 2890.129 
5 2145.344 
5 2216.118 
5 2723.516 
4 2361.262 
4 2547.632 
5 2367.020 
5 2460.746 
5 2396.327 
4 2113.356 
5 2679.722 
5 2182.567 
5 2334.377 
4 2293.845 
5 2697.288 
5 2526.253 
5 2317.059 
5 2925.151 
4 1973.861 
5 2532.198 
5 2635.596 
5 1967.706 
5 2510.851 
5 2517.688 
5 1932.360 
4 2289.309 
5 2860.276 
5 2703.756 
5 2464.435 
5 3432.832 
5 1761.617 
5 2023.223 
5 2733.426 
5 3259.906 
5 2774.562 
4 2396.335 
5 2708.925 
5 2755.043 
5 2730.619 
5 2725.621 
4 2662.993 
5 2679.315 
5 2751.069 
5 3181.221 
5 2575.419 
5 3850.132 
5 2664.924 
4 3345.829 
5 2518.796 
4 3201.125 
5 2673.320 
5 2814.310 
5 2812.943 
4 2353.051 
5 2555.917 
5 2657.719 
5 1694.357 
5 2834.803 
