5 2520.382 
4 2438.550 
5 2301.493 
5 2822.242 
5 2304.374 
4 3220.962 
5 2434.040 
5 2978.561 
5 2687.548 
5 3071.521 
5 1904.286 
5 2480.059 
5 1821.637 
5 2152.872 
5 2672.200 
5 2369.060 
5 3375.095 
5 2514.978 
4 2822.649 
5 2421.033 
5 2803.961 
5 2337.726 
5 3026.407 
5 3107.078 
5 2811.618 
5 2394.319 
4 2615.524 
5 3023.005 
5 2703.707 
5 2763.067 
5 2394.261 
5 3114.416 
5 2568.039 
5 2084.979 
4 2634.898 
5 3063.491 
5 2555.765 
5 3131.653 
5 2566.167 
4 2575.368 
5 2269.607 
5 2704.101 
5 2461.420 
5 2891.766 
5 2769.702 
5 3326.215 
5 2887.928 
5 2345.677 
5 2315.968 
5 2899.791 
5 2064.135 
4 2718.915 
5 2549.492 
5 2629.525 
5 2411.113 
5 2301.307 
5 3055.514 
5 2600.601 
5 2989.529 
5 2794.167 
5 2797.850 
5 2651.575 
5 2386.354 
5 2735.993 
5 2739.931 
5 2404.478 
5 2390.584 
5 2205.130 
4 3050.609 
5 2893.399 
4 2927.513 
5 2474.751 
5 2655.916 
5 2263.560 
5 3065.235 
5 2763.954 
5 2717.192 
5 2398.173 
5 2258.571 
5 2389.672 
5 2750.680 
5 2609.813 
5 3092.344 
5 1973.133 
5 1966.203 
5 2478.731 
5 3540.846 
5 2826.567 
5 2952.681 
5 2775.334 
5 2919.740 
5 2818.061 
5 3052.788 
5 3111.953 
5 2675.735 
5 2447.876 
5 3888.594 
5 2472.289 
5 2842.055 
5 2641.204 
5 2600.182 
5 2969.982 
5 2959.943 
5 2965.073 
5 2816.222 
5 3690.124 
5 2771.381 
5 3592.523 
5 2964.238 
5 2787.297 
5 3203.648 
5 2300.588 
5 2961.788 
5 2629.709 
4 2541.603 
5 3033.723 
5 2729.882 
4 2784.147 
5 2259.810 
5 2632.271 
5 2923.537 
5 3096.284 
5 2536.397 
5 2834.579 
5 2686.814 
5 2264.211 
5 2699.103 
5 2354.475 
5 2053.451 
4 1840.401 
5 2662.842 
5 2539.487 
5 2718.512 
5 2936.653 
5 2343.066 
5 2733.497 
5 2249.078 
5 2122.923 
5 2537.975 
5 2611.691 
5 2675.958 
5 2864.200 
5 2813.398 
5 2837.556 
5 2206.198 
5 2897.477 
5 2689.682 
5 2233.815 
5 2911.250 
5 2687.162 
5 2238.827 
5 1978.320 
5 3262.092 
5 2112.000 
5 2822.889 
5 2329.554 
5 3457.844 
5 2360.453 
5 1990.524 
5 2822.075 
4 1787.327 
5 2738.336 
5 1943.816 
5 3088.007 
5 2216.321 
5 2632.601 
5 1901.674 
5 3710.291 
5 2715.794 
5 2245.082 
5 2758.200 
5 2300.242 
5 3157.184 
5 2333.954 
4 1839.565 
5 2997.971 
5 2129.583 
5 2894.683 
5 3022.774 
5 2398.534 
4 2566.116 
5 2540.684 
5 2901.514 
5 1719.425 
5 4035.102 
5 2907.783 
5 2507.762 
5 2387.693 
5 2154.079 
5 2311.131 
5 2225.493 
5 3565.402 
5 2253.109 
4 1453.725 
5 2130.489 
5 2165.366 
5 2746.355 
5 2296.760 
5 2540.070 
5 2821.792 
5 2315.468 
5 2931.841 
5 2757.621 
5 2514.746 
5 2770.343 
5 2979.817 
5 3037.954 
5 2765.727 
5 2393.672 
5 2428.856 
5 3320.865 
5 2532.908 
5 2232.015 
5 2562.831 
5 2667.032 
5 2528.086 
5 2887.625 
4 2610.224 
5 2806.873 
5 2974.090 
5 2582.424 
5 2444.857 
5 2022.419 
5 2978.222 
5 2641.595 
5 2299.349 
5 2422.293 
5 2549.680 
5 2496.741 
5 3000.253 
5 2593.132 
5 2803.020 
5 2188.078 
5 2721.663 
5 2803.097 
5 3174.524 
4 2908.832 
5 2162.292 
4 2563.240 
5 2508.395 
5 2228.672 
5 2695.535 
5 2360.335 
4 2051.697 
4 2401.272 
5 2127.154 
5 2992.850 
5 2572.901 
5 2246.244 
5 2649.116 
5 2404.498 
5 2995.582 
5 2719.768 
4 2526.168 
4 3422.034 
5 2916.967 
5 2988.965 
5 2318.926 
5 2591.624 
5 2405.949 
5 2049.970 
5 2623.365 
5 2632.271 
5 2409.341 
5 1891.939 
5 2479.889 
5 2102.699 
5 2204.746 
5 2074.436 
5 2447.236 
5 2428.289 
5 2828.058 
5 2952.655 
5 2663.027 
4 2370.638 
5 2972.640 
5 2774.067 
5 2282.104 
5 2594.897 
5 1845.343 
5 2883.667 
5 2792.526 
5 1801.868 
4 1686.240 
5 3496.571 
5 2533.002 
5 2540.208 
5 1948.891 
5 2486.761 
5 2189.335 
5 2632.761 
4 2661.999 
5 2705.415 
5 2508.021 
5 2838.314 
5 2490.605 
5 2155.073 
5 2749.450 
5 2934.854 
5 2613.209 
4 2326.968 
5 2712.755 
4 2297.403 
5 2578.907 
5 3322.601 
5 2066.679 
5 2467.703 
5 2477.602 
5 2610.825 
5 2397.983 
4 2720.584 
5 1739.875 
4 2968.843 
5 3285.572 
5 3454.744 
4 2625.692 
5 2771.900 
5 3135.889 
5 3603.013 
5 2458.887 
5 2754.265 
5 2999.282 
5 2992.221 
5 3396.913 
4 2207.713 
5 2537.001 
5 2969.754 
4 3232.797 
5 3197.653 
5 2434.925 
5 2824.336 
5 2641.154 
5 2406.075 
5 3036.285 
5 2651.994 
5 3486.290 
5 2501.036 
5 2317.008 
5 2894.290 
5 3080.441 
5 2248.342 
5 2704.356 
5 3221.490 
5 2304.090 
5 3087.182 
5 2597.982 
5 2663.021 
5 2788.311 
5 2800.677 
5 2572.093 
4 2426.900 
5 3268.495 
5 2816.464 
4 3101.690 
5 2597.522 
5 3327.181 
5 2404.867 
5 2747.054 
5 2145.541 
5 2547.448 
5 2994.325 
5 3203.512 
5 2342.967 
5 2333.827 
5 2918.165 
5 2960.831 
5 3077.449 
5 2780.021 
4 3039.069 
5 2998.764 
5 3024.737 
5 2460.046 
5 3015.747 
4 2480.341 
5 3516.087 
5 1422.909 
5 2580.895 
5 2639.549 
5 2682.134 
5 2586.113 
5 2959.330 
5 1935.639 
5 2510.409 
5 2277.982 
5 2056.285 
5 2906.500 
5 2566.312 
5 2278.432 
5 2641.540 
5 2517.166 
5 2385.581 
5 2911.503 
5 2228.117 
5 2238.095 
5 2542.409 
5 2772.943 
5 3436.386 
5 1828.780 
5 2481.085 
5 2899.893 
5 2293.218 
5 2737.985 
5 3662.124 
5 2029.758 
5 2728.078 
4 3265.821 
5 2702.196 
5 2511.706 
4 3333.350 
5 3228.558 
5 2179.938 
4 3101.863 
5 2851.615 
5 3209.203 
5 2631.930 
5 2840.401 
5 2971.185 
5 2509.056 
5 2505.500 
5 2879.292 
5 2176.370 
5 2427.677 
5 3304.752 
5 2326.736 
4 3142.987 
5 2929.948 
5 2371.837 
5 2494.334 
4 2886.719 
5 3347.279 
5 2663.300 
5 2401.379 
5 2315.568 
4 2763.267 
4 2740.390 
5 2655.333 
5 2378.052 
5 3072.530 
5 2419.539 
5 2454.916 
5 2747.862 
4 2145.306 
5 3397.078 
5 3609.821 
5 2463.387 
5 3260.950 
4 1926.042 
5 1841.120 
5 3570.660 
5 3057.417 
5 2494.284 
5 2669.985 
5 2365.505 
5 2177.476 
4 2171.270 
4 2691.570 
5 2643.404 
5 2523.768 
5 3403.881 
5 2494.110 
4 2446.476 
5 2398.477 
5 2325.534 
5 2600.273 
5 2743.005 
4 2589.695 
5 2647.387 
5 2954.424 
5 3455.818 
5 2954.561 
5 2367.760 
5 2749.216 
5 2230.550 
5 2691.475 
5 3203.760 
5 2112.348 
4 2728.683 
5 2599.366 
5 2916.744 
5 2731.196 
5 2971.476 
5 3040.584 
5 2535.980 
5 3089.978 
5 3035.994 
5 2991.195 
5 2611.495 
5 1933.032 
5 3198.014 
5 2817.955 
5 2552.448 
5 2466.816 
5 3057.361 
5 2242.098 
5 3124.097 
5 2461.440 
5 2401.138 
4 2671.866 
5 2230.304 
5 2734.905 
4 2322.894 
5 2871.205 
5 2827.879 
5 3080.724 
4 2837.433 
5 2282.974 
5 2657.801 
5 1895.639 
5 2298.331 
5 2191.715 
5 2947.814 
5 1692.429 
5 2102.427 
5 2867.454 
4 2377.514 
5 2665.329 
5 3112.049 
5 2447.775 
5 2732.909 
5 2181.665 
5 2746.753 
5 2596.928 
5 2681.066 
5 2911.575 
5 1794.812 
5 2895.237 
5 1573.342 
4 2937.028 
5 2422.568 
5 2689.026 
5 2255.495 
5 2748.752 
4 2783.031 
5 2586.233 
5 1869.123 
5 2683.222 
5 3001.700 
5 2830.943 
5 2168.331 
5 2026.236 
5 2358.501 
4 2297.185 
5 2754.412 
4 2971.558 
5 2332.308 
5 3447.642 
5 2262.240 
5 2875.436 
5 2587.525 
5 2406.517 
5 3043.698 
5 3248.229 
5 2687.106 
5 3517.155 
5 2971.383 
5 2662.108 
5 3147.481 
5 2504.480 
4 1990.267 
5 2286.692 
4 2616.359 
5 2930.919 
5 2368.026 
5 2571.412 
5 2572.862 
5 3023.648 
5 2769.298 
5 2445.706 
5 2222.116 
5 2391.054 
5 2132.112 
4 2247.759 
5 2456.827 
5 2629.729 
5 3177.400 
5 3041.544 
5 2670.363 
5 2843.498 
4 2486.536 
5 2153.639 
4 2129.089 
5 2837.113 
4 2232.954 
5 2354.371 
5 2195.129 
5 2391.025 
5 2517.303 
5 2885.997 
5 2775.138 
5 2169.314 
4 2138.432 
5 2875.885 
5 2641.095 
5 2297.508 
5 3052.576 
5 3584.980 
5 2406.183 
5 3411.411 
5 2894.273 
5 2336.086 
5 2777.269 
5 3338.929 
5 2691.809 
5 2830.605 
5 2709.970 
5 2328.865 
5 2529.289 
5 2434.429 
5 3156.953 
5 2612.715 
5 2953.364 
5 3009.720 
5 2661.020 
5 2683.052 
5 2656.467 
5 2371.258 
5 2592.039 
5 2503.527 
5 2575.088 
5 2783.469 
5 3135.667 
5 3556.549 
5 2162.057 
4 2580.274 
5 2546.019 
4 2505.877 
4 2794.646 
5 2658.189 
5 2803.258 
5 2018.777 
5 2423.453 
5 2483.670 
5 1727.504 
5 2646.891 
5 2271.974 
5 2634.801 
5 1934.734 
5 2042.887 
5 2570.843 
5 2813.084 
4 2594.591 
5 2621.257 
4 2976.836 
5 2516.971 
5 3422.843 
5 2688.576 
4 2496.657 
5 2931.673 
4 3162.885 
4 2610.315 
5 2480.098 
5 2819.384 
5 2540.378 
5 2689.406 
5 2734.465 
5 2494.218 
5 2372.602 
5 2802.432 
5 2852.602 
5 2914.552 
4 2752.251 
5 2207.380 
5 1931.656 
5 2990.394 
5 2895.960 
5 2975.732 
5 2800.474 
5 2888.317 
5 2202.896 
4 2332.433 
5 2901.326 
5 2529.277 
5 2906.631 
5 2021.235 
5 1947.383 
5 2976.231 
5 2493.959 
5 2409.345 
5 2735.571 
4 2642.990 
5 2495.552 
5 2691.476 
4 1903.481 
5 3604.217 
5 2921.742 
5 2686.571 
5 3134.485 
5 2158.744 
5 2530.678 
5 2188.862 
4 2953.017 
5 2857.897 
5 2476.703 
5 2739.166 
5 2781.322 
5 2488.118 
4 2652.394 
5 2729.639 
5 2670.550 
5 2491.454 
5 1868.362 
5 3679.293 
5 2840.590 
5 2176.574 
5 2484.024 
4 3575.022 
5 2469.956 
5 2934.919 
5 1883.993 
5 2430.195 
5 3166.463 
5 2779.050 
5 3295.356 
5 1956.162 
5 2582.278 
5 2271.712 
5 2973.146 
5 2584.919 
5 2845.404 
5 3013.828 
5 2795.235 
5 2130.287 
5 2690.522 
5 2275.703 
5 2735.613 
5 2629.728 
5 2665.921 
5 2922.788 
5 2550.734 
5 2891.424 
5 3085.484 
4 2030.367 
5 2151.534 
5 3076.183 
5 2539.106 
5 2616.412 
4 2616.234 
5 2499.535 
5 2697.622 
5 2626.672 
4 2897.348 
5 2188.469 
5 2254.632 
5 2616.209 
5 2554.558 
5 2555.221 
5 2734.978 
5 2656.038 
5 3078.695 
5 2650.751 
5 2675.223 
5 2333.333 
5 2486.350 
5 2784.110 
5 3199.697 
4 2919.468 
5 2878.223 
4 2411.312 
4 2920.060 
5 3134.837 
5 3576.878 
5 2384.722 
5 2909.990 
5 2170.992 
5 2717.540 
5 2372.998 
5 2400.609 
5 2357.238 
4 1882.476 
5 2163.125 
5 2839.079 
5 3173.646 
5 2236.547 
5 2718.282 
5 2599.854 
5 1982.307 
4 3060.681 
5 3161.860 
5 1850.223 
5 2479.264 
5 2513.299 
5 3065.359 
5 3461.378 
4 2800.688 
5 2325.295 
5 2694.784 
4 2922.413 
4 2944.413 
5 2851.781 
4 2858.665 
5 3004.802 
5 3030.647 
5 2468.083 
5 3014.403 
5 2517.412 
5 2595.391 
4 2094.558 
5 2581.651 
4 2793.986 
4 2398.305 
5 3400.202 
5 2878.048 
5 2869.394 
5 2930.335 
5 2542.614 
5 2344.788 
5 2992.874 
5 2948.786 
4 2294.454 
5 2367.636 
5 3171.493 
5 2374.853 
5 2270.709 
4 2610.085 
5 2597.684 
5 2658.955 
5 2339.975 
5 2656.395 
5 3110.627 
4 2789.461 
4 2792.170 
5 2557.198 
5 2204.407 
4 2054.214 
5 2263.359 
5 3183.721 
5 1967.881 
5 2927.550 
5 2753.538 
4 2568.786 
5 2606.793 
4 2739.772 
5 2467.776 
5 1856.201 
5 3282.963 
5 3129.601 
5 2574.241 
5 2685.504 
5 2233.327 
5 1897.583 
5 2591.397 
5 2583.824 
5 2810.003 
5 2671.532 
5 2761.963 
5 2616.875 
5 2713.096 
5 2091.193 
4 2756.502 
5 2160.051 
5 2653.720 
5 2673.524 
5 2379.583 
5 2694.522 
5 2826.440 
5 3011.693 
5 2214.439 
5 2597.282 
5 3048.852 
5 2652.463 
5 3063.595 
5 2019.752 
5 2789.935 
5 2864.614 
5 3116.585 
4 3263.878 
5 2955.183 
5 2664.877 
5 2380.331 
5 2155.676 
5 2421.434 
5 2955.263 
5 2700.719 
5 2547.162 
4 2711.540 
5 2736.484 
4 2523.082 
5 2569.748 
5 1656.439 
5 2796.736 
5 2378.147 
4 2226.496 
5 2379.681 
5 2184.764 
5 2734.987 
5 2726.257 
5 2462.977 
5 2451.926 
4 2887.364 
5 2623.049 
5 3372.472 
5 2577.551 
5 2617.645 
5 3050.198 
5 3106.615 
4 2183.800 
4 2818.137 
5 2387.746 
5 2793.621 
5 2371.760 
5 3909.222 
4 1949.459 
5 2506.223 
4 2893.592 
5 2772.919 
5 2979.477 
5 3040.167 
5 2645.333 
5 2579.042 
5 2946.594 
5 2607.587 
5 2710.030 
5 2866.175 
5 2372.293 
5 2565.677 
5 2764.018 
5 3003.264 
4 3788.075 
5 2579.663 
4 1282.835 
5 3432.841 
5 2572.547 
5 2788.224 
5 2401.437 
5 2959.769 
5 2509.624 
4 2952.339 
5 2915.351 
5 3157.979 
4 2451.641 
5 2374.131 
5 3108.285 
5 3003.319 
5 2776.135 
5 2096.199 
5 2439.067 
5 2858.297 
5 2740.967 
4 2864.300 
4 2283.550 
5 2855.385 
5 2388.250 
5 2396.047 
5 2737.936 
5 3069.773 
5 2480.907 
5 2798.981 
5 3215.275 
5 2826.222 
5 2813.143 
4 2040.866 
5 2596.256 
5 2104.269 
4 2481.177 
5 2490.703 
5 2703.005 
5 2270.006 
5 2749.706 
5 2527.407 
5 2390.526 
5 2649.614 
5 2783.995 
5 2479.499 
4 2839.562 
5 2528.646 
5 2384.888 
5 3283.715 
5 2993.819 
5 2763.330 
5 2746.691 
5 3087.381 
5 2629.901 
5 2843.604 
5 2487.679 
4 2366.526 
5 1966.695 
5 3276.138 
5 2537.392 
4 2355.492 
5 2937.494 
5 2626.010 
5 3294.232 
5 2773.994 
5 2792.056 
5 2053.445 
5 2449.590 
5 2399.302 
5 2429.243 
5 2517.121 
5 1734.480 
5 2156.057 
5 2114.312 
5 2459.656 
4 2407.424 
5 2707.077 
5 2646.415 
5 3086.074 
5 3135.818 
5 3110.958 
5 2869.541 
5 2095.267 
5 2928.562 
5 4014.736 
5 2569.759 
5 2725.928 
5 2624.791 
5 2688.619 
5 2802.696 
5 2747.198 
5 2494.846 
5 2321.175 
5 3481.890 
5 2473.078 
4 3640.531 
5 3744.943 
4 2118.213 
5 3103.868 
4 2305.420 
5 2595.981 
5 2932.451 
5 2689.450 
5 2212.330 
4 1987.496 
5 2739.036 
4 2856.067 
5 2711.902 
4 2198.568 
5 3322.927 
5 3365.301 
5 2984.839 
5 3020.434 
5 3461.874 
5 2204.565 
5 3270.071 
5 3057.632 
5 1892.289 
5 1798.540 
5 3375.779 
5 2579.052 
5 2145.089 
5 2482.713 
4 2747.240 
5 2391.984 
4 2127.871 
5 2999.056 
5 2873.144 
5 2300.116 
5 2610.548 
5 3382.145 
5 2803.103 
5 2359.775 
5 2264.201 
5 2337.743 
5 2296.041 
5 1606.703 
5 2748.238 
5 2663.159 
5 2749.651 
4 2981.040 
5 2473.354 
5 2577.522 
5 2725.108 
5 2772.195 
5 2629.140 
5 2677.652 
5 2913.523 
5 2372.228 
5 2663.740 
4 2838.276 
5 2849.707 
5 2437.984 
5 3252.839 
5 2383.751 
5 2872.592 
5 3152.625 
4 2654.249 
5 2983.472 
5 2777.328 
5 2421.208 
5 2267.475 
5 3015.459 
5 2053.570 
5 3283.936 
5 2409.919 
4 2356.947 
4 2667.728 
5 3311.694 
4 2940.874 
5 2485.290 
4 2949.318 
5 2625.829 
5 3331.261 
5 2297.802 
5 3031.387 
5 2252.084 
5 3605.613 
5 2288.926 
5 2533.115 
5 2574.359 
5 2814.234 
5 3226.808 
5 2001.643 
5 2963.715 
5 2917.470 
5 2341.281 
5 2830.458 
4 3222.201 
5 2202.681 
5 3236.314 
5 2825.333 
5 2828.385 
5 2262.807 
5 2200.540 
5 2394.031 
5 2702.371 
5 2597.066 
5 2319.272 
5 2722.469 
5 2564.190 
5 2849.266 
5 2680.144 
5 2804.399 
5 2697.110 
5 2587.417 
5 2635.754 
5 3245.317 
5 3371.222 
4 2050.517 
5 1998.463 
5 2236.211 
5 2913.185 
5 2403.986 
5 2808.884 
5 2851.578 
5 2832.492 
5 3198.464 
4 2322.944 
5 2604.491 
5 2557.883 
5 2750.107 
5 2166.297 
5 2411.875 
5 2337.488 
5 2880.829 
5 2309.503 
4 2221.871 
4 2811.025 
5 2740.889 
5 2432.943 
5 2804.328 
5 2678.834 
5 3123.762 
5 3359.718 
5 2467.540 
5 2756.003 
5 2304.631 
5 2595.889 
5 2042.556 
5 3345.702 
4 2918.982 
5 2541.011 
5 3064.178 
5 2597.724 
5 2743.677 
4 2791.920 
5 2392.534 
5 2843.888 
5 2252.900 
5 2686.960 
5 2972.580 
4 3514.375 
5 2602.792 
5 2857.756 
5 2444.549 
5 2553.619 
4 2937.929 
5 2092.922 
5 2633.088 
5 2686.219 
5 1887.930 
5 2927.859 
5 2467.164 
4 2327.034 
5 2398.061 
5 2709.233 
5 2111.105 
5 2515.070 
5 1674.233 
4 2565.110 
5 1975.533 
5 2217.149 
5 2510.097 
4 2925.483 
4 2478.008 
5 2946.073 
5 3315.018 
5 2801.810 
5 2035.455 
4 3797.651 
5 2729.132 
5 2509.289 
5 2578.795 
5 2060.488 
5 2095.171 
5 2654.676 
5 2451.827 
5 2317.874 
5 3092.518 
5 2480.869 
5 2690.486 
5 2487.294 
5 2529.190 
5 2723.045 
5 2243.997 
5 2835.158 
4 2584.334 
5 2974.597 
5 1848.993 
5 1726.094 
5 2657.827 
4 2631.369 
5 2891.344 
5 2552.876 
5 2895.461 
5 2482.773 
5 2605.129 
5 3231.347 
4 2654.613 
4 1974.896 
5 2324.740 
5 2945.671 
4 2340.352 
5 2694.062 
5 2277.781 
4 2799.259 
4 2563.439 
5 2014.035 
5 2652.894 
5 2736.264 
5 2191.951 
5 2800.883 
5 2486.037 
5 2747.694 
5 2924.444 
5 2523.636 
5 2695.674 
5 3651.593 
5 2018.307 
5 2791.949 
5 2375.893 
5 2425.242 
5 2871.857 
5 2834.757 
5 2279.455 
5 2283.323 
5 2450.845 
5 2733.485 
4 3207.279 
5 2342.085 
5 3518.471 
5 2734.509 
5 2883.291 
5 2071.307 
5 2836.995 
5 3051.604 
4 2726.356 
5 2706.452 
5 1929.635 
5 2234.350 
5 2522.640 
5 2589.422 
5 2454.429 
5 2635.199 
5 2659.672 
5 2746.485 
5 2657.945 
5 2508.931 
5 2496.167 
5 2631.758 
5 2947.224 
5 2325.222 
5 2543.546 
5 2426.502 
5 3421.664 
5 2686.547 
5 2862.109 
5 1924.169 
5 3225.520 
5 2960.856 
5 1853.896 
5 2384.806 
4 2222.119 
5 1854.189 
5 2319.781 
4 2706.084 
5 3043.936 
5 2167.251 
5 2573.365 
5 3558.711 
5 2912.166 
5 2884.256 
5 2595.341 
5 2639.691 
5 2082.565 
5 2590.345 
5 2703.309 
5 3387.394 
5 1822.322 
5 2670.324 
5 2598.882 
5 2796.999 
5 2648.333 
5 2330.092 
5 2645.396 
5 2701.564 
5 2967.692 
5 2801.023 
5 2185.753 
5 3180.058 
5 2786.737 
5 2760.529 
5 3175.898 
5 2436.459 
4 2990.114 
5 2174.386 
5 2555.503 
5 2930.811 
4 2810.322 
5 2804.476 
5 2640.777 
5 2631.513 
5 2769.552 
5 1767.639 
5 2570.693 
5 2259.797 
5 2790.424 
5 1941.386 
5 1862.795 
5 2803.328 
5 2350.158 
4 3068.945 
5 3381.964 
5 2827.135 
5 2484.377 
5 2951.876 
5 2226.793 
5 2857.163 
5 2868.283 
5 2669.838 
5 2508.133 
5 3260.303 
5 2678.137 
5 2882.143 
5 3645.289 
5 2534.411 
5 2377.862 
5 3148.401 
5 1955.769 
5 2301.003 
4 2276.198 
5 2155.299 
4 2223.680 
5 2396.990 
4 1762.625 
5 2629.305 
5 2378.302 
5 2791.442 
5 2110.718 
5 2604.258 
5 2816.979 
5 2999.359 
5 2830.455 
4 2354.346 
5 2941.804 
4 2016.476 
5 2890.865 
4 2277.394 
5 3108.615 
5 2664.478 
5 2714.413 
4 2974.716 
5 3104.315 
5 2561.762 
5 2890.941 
5 2451.819 
4 2947.144 
5 2435.288 
5 2421.142 
5 2442.568 
5 2668.317 
5 3147.570 
5 3100.979 
5 2476.015 
5 2517.864 
5 3028.120 
5 2501.023 
5 1937.846 
5 2506.652 
5 3334.082 
5 2998.617 
4 2735.977 
5 1931.803 
5 2457.094 
5 3020.949 
5 2477.155 
4 3061.118 
5 2872.246 
4 3065.162 
5 2992.894 
5 2975.063 
5 2335.990 
5 2281.989 
4 2244.294 
5 2448.512 
5 2987.853 
4 2866.639 
5 2300.212 
5 2627.271 
5 2517.165 
4 3181.589 
5 2997.440 
4 2188.988 
5 2505.448 
5 3156.915 
5 2921.840 
5 2727.562 
5 2846.743 
5 2903.591 
5 2807.379 
5 2477.675 
5 2513.938 
5 3068.302 
5 3044.503 
5 1940.069 
5 2264.366 
4 2767.700 
5 2741.648 
4 2917.995 
5 3312.568 
4 2415.937 
5 2722.796 
5 2408.490 
5 2622.050 
5 2584.177 
5 2364.908 
5 2601.807 
5 2599.921 
5 2522.877 
5 2429.410 
5 3282.286 
4 2165.130 
4 2078.835 
4 2909.908 
5 2855.659 
5 2452.336 
5 2978.527 
5 2727.083 
5 2136.642 
5 2808.250 
5 3482.894 
5 2542.145 
5 3052.713 
5 2857.618 
5 2573.194 
5 2470.220 
5 2951.376 
5 2510.623 
4 2857.074 
5 2554.891 
5 2579.716 
5 3310.742 
5 2778.398 
5 2104.174 
4 2651.452 
5 2932.765 
5 2455.899 
4 2031.502 
5 2741.997 
5 2193.539 
4 2146.074 
5 2100.904 
5 2764.917 
5 2952.887 
5 2504.835 
5 2510.501 
5 2754.849 
5 2675.687 
4 2579.259 
5 2516.638 
5 3038.378 
4 2723.773 
5 1981.773 
5 3098.937 
5 3717.158 
5 2744.952 
5 2733.853 
5 2120.833 
5 2270.815 
5 2892.219 
5 2808.308 
5 2835.375 
5 2686.280 
5 2712.767 
5 2960.943 
4 2938.792 
5 2317.106 
4 2759.836 
5 2575.222 
5 2553.315 
4 3175.792 
5 2513.420 
5 2372.106 
5 2565.847 
5 2704.528 
5 2766.262 
5 2654.639 
5 2018.880 
5 2884.750 
5 2771.835 
5 2490.162 
5 1897.570 
5 2451.000 
5 2900.360 
5 2886.570 
5 2197.811 
5 2257.863 
4 2305.773 
5 2904.012 
5 2618.404 
5 1871.968 
5 2873.325 
5 1860.233 
5 2841.857 
5 2845.923 
5 2123.194 
5 3316.739 
5 2683.927 
5 2749.884 
5 2765.960 
5 2034.272 
5 2252.881 
5 2747.446 
5 2115.634 
5 2727.113 
5 2346.240 
5 2684.016 
5 2955.584 
5 2856.853 
5 2179.964 
5 2661.057 
5 2711.671 
5 2810.541 
5 2367.533 
5 2333.172 
5 2439.175 
5 3778.733 
5 2760.136 
5 2359.537 
5 2743.639 
5 2477.362 
5 3188.878 
5 2820.348 
5 3141.365 
5 2619.814 
5 2096.744 
5 2380.680 
5 2339.894 
5 2601.076 
5 2888.500 
5 2786.584 
5 1944.228 
5 2396.328 
4 2401.081 
4 2562.670 
4 3180.596 
5 2830.020 
5 2424.793 
5 2824.363 
5 2459.897 
4 2192.176 
5 1578.521 
5 2316.869 
4 2327.608 
5 2351.165 
4 2510.197 
5 2658.305 
5 2731.128 
5 2363.962 
5 2953.646 
5 3149.380 
4 2541.631 
5 2410.243 
5 2342.246 
5 2250.904 
5 2117.610 
5 2876.238 
5 2324.128 
5 2610.895 
5 2540.222 
5 2476.338 
5 1715.041 
5 2346.713 
5 2156.263 
5 2976.587 
5 2060.457 
5 3140.806 
5 2431.868 
5 2650.414 
5 3009.565 
5 2963.869 
5 2634.868 
5 3102.061 
5 2314.904 
5 2581.850 
5 3314.574 
5 2861.042 
4 2622.703 
4 2094.790 
5 1634.458 
5 2385.598 
5 2116.244 
5 2667.953 
5 2331.114 
5 3076.881 
5 2977.352 
5 2586.755 
5 3018.192 
5 2549.629 
5 2127.927 
5 2783.240 
4 2126.765 
5 2694.848 
5 2627.874 
5 2234.800 
4 2248.954 
4 3192.755 
5 2663.857 
5 2427.792 
5 2241.136 
5 2595.255 
5 2683.058 
5 2519.599 
5 2320.000 
5 2673.095 
4 2951.111 
5 2633.338 
5 3101.729 
5 2396.961 
5 2379.901 
5 2782.786 
4 2305.816 
4 2621.710 
4 2194.217 
4 2445.808 
5 2312.525 
5 2325.971 
5 2480.564 
5 1829.609 
5 2483.214 
4 1839.579 
5 1979.951 
5 2007.646 
5 3164.580 
4 2584.825 
5 2216.053 
5 2709.742 
5 3035.927 
5 2629.482 
5 2838.896 
5 2525.100 
5 2859.167 
4 3099.498 
5 3060.160 
5 2306.370 
5 3031.178 
5 3119.158 
4 2041.518 
5 2455.558 
5 2673.955 
5 2369.111 
4 2207.686 
5 2644.397 
5 3160.222 
5 2828.139 
5 2657.775 
5 2007.434 
4 2432.539 
5 2572.139 
5 3015.532 
5 3300.232 
5 2604.324 
5 2623.368 
5 2113.008 
4 2473.828 
5 3228.595 
5 2449.097 
4 3392.109 
4 3068.083 
5 3092.366 
5 3228.739 
5 3145.001 
5 3523.577 
5 2748.858 
5 2235.804 
5 3267.253 
5 2783.558 
5 2812.508 
5 2286.934 
5 3126.161 
5 3097.181 
5 2104.103 
5 2820.208 
5 3018.899 
5 2637.637 
5 2225.676 
5 2851.853 
5 3329.473 
5 1515.316 
4 2420.742 
5 2736.098 
5 3160.940 
5 2958.974 
5 2865.094 
5 2923.683 
5 2939.999 
5 2963.009 
5 2614.605 
5 2413.470 
5 2846.614 
4 2220.362 
5 2473.985 
5 2419.970 
4 2759.811 
5 2750.753 
5 3031.567 
5 2457.073 
5 2681.363 
4 1720.980 
5 2355.207 
5 2492.243 
5 3198.943 
5 2533.880 
5 2279.766 
5 2842.568 
5 2213.825 
4 3252.441 
5 2648.562 
5 2781.505 
5 2418.830 
5 3122.981 
5 2690.954 
5 3517.342 
5 2866.504 
5 3260.190 
5 3366.120 
5 2434.174 
5 1970.965 
5 2662.233 
5 2699.676 
4 2908.441 
5 2750.187 
5 2676.564 
5 2240.982 
5 3294.511 
5 2240.604 
5 2936.461 
5 2621.503 
4 1758.657 
5 2920.615 
5 2497.951 
4 2931.648 
5 3276.583 
5 2588.383 
5 2914.437 
5 2831.657 
5 2380.918 
5 2606.298 
5 1953.161 
5 2504.606 
5 2696.927 
5 2979.027 
5 2827.311 
4 3428.148 
4 2974.179 
5 2842.422 
5 2588.693 
5 2100.929 
5 2618.849 
5 2457.009 
5 2928.066 
5 2692.204 
4 1911.929 
5 3012.503 
5 2704.405 
5 3266.944 
5 2849.229 
5 2205.001 
5 1892.837 
5 2890.738 
5 3497.423 
5 2587.947 
5 2529.320 
4 3078.328 
5 2687.011 
5 3057.711 
5 2919.666 
5 2286.802 
5 3092.504 
5 2810.083 
5 2413.507 
5 3155.399 
5 3339.916 
4 2853.139 
5 2424.081 
4 3243.660 
5 2593.419 
5 2266.534 
5 2406.919 
5 2919.725 
5 2568.261 
5 2802.310 
5 2785.594 
5 2935.076 
5 2992.930 
5 2578.391 
5 3304.351 
5 2597.316 
5 3131.387 
5 3079.081 
5 2432.258 
5 2525.125 
5 2235.137 
5 2828.333 
5 2414.084 
5 2209.282 
5 2558.790 
5 3019.605 
5 2442.542 
4 2742.295 
5 1971.059 
5 3109.740 
4 2817.793 
5 2570.409 
4 2938.536 
5 2754.616 
5 2355.085 
5 3188.588 
5 2798.774 
4 3122.298 
5 3133.628 
4 2658.372 
5 2598.869 
5 2582.460 
4 2310.279 
5 2786.168 
5 2304.540 
5 2266.864 
4 1940.522 
5 2246.344 
5 2107.218 
5 2862.569 
4 3076.971 
5 3090.932 
5 3163.947 
5 3370.381 
5 2364.625 
5 3029.167 
5 2758.686 
5 3320.797 
5 3232.711 
5 2231.021 
5 2853.983 
5 2897.701 
5 2657.764 
5 2614.237 
5 2970.998 
5 2555.019 
5 2852.111 
5 2481.946 
5 2855.676 
5 2136.310 
5 3036.502 
5 2875.535 
5 2444.354 
4 1993.386 
5 2765.065 
5 2409.667 
5 2367.989 
5 2638.331 
5 2982.252 
5 2569.992 
5 2245.041 
5 2310.760 
5 2353.268 
5 3493.594 
4 2901.045 
5 2655.442 
5 2714.746 
5 2658.031 
5 2493.480 
4 2886.211 
5 3086.715 
5 2384.592 
5 2904.057 
5 2788.568 
5 2380.365 
5 2882.983 
5 2317.304 
5 2758.630 
5 2677.229 
5 3207.445 
5 2348.048 
5 1741.135 
5 3181.262 
5 2693.864 
5 2269.857 
5 2281.883 
4 1892.993 
5 2732.715 
5 2653.599 
4 3252.827 
5 3036.923 
5 2350.939 
5 2511.300 
5 2608.230 
5 2808.643 
4 2961.240 
5 2569.260 
4 2409.119 
5 2142.198 
5 2576.265 
4 2511.915 
5 2826.315 
5 2813.357 
5 2493.117 
4 2567.948 
5 3066.910 
5 2792.371 
5 2446.088 
5 2388.345 
5 3341.003 
5 2225.154 
5 2435.011 
5 3021.141 
5 2760.413 
5 3063.905 
5 3037.604 
5 2568.437 
5 2704.460 
5 2999.057 
5 2607.490 
5 2191.791 
5 2786.031 
5 2949.750 
5 2235.605 
5 2088.869 
5 2412.991 
5 2591.973 
4 2468.164 
5 2606.633 
5 2623.865 
5 3269.052 
5 2364.565 
5 3055.874 
5 2477.627 
5 2407.406 
5 2409.166 
5 2758.297 
5 2793.643 
4 2526.967 
5 2377.960 
4 2857.490 
5 3060.535 
4 2589.042 
5 2631.180 
5 2768.148 
5 2510.074 
5 2448.665 
5 2674.198 
5 2220.351 
5 2640.062 
5 2453.915 
5 2692.248 
5 2208.262 
5 2288.629 
5 2432.167 
5 2272.616 
5 2476.443 
5 2592.804 
5 2605.729 
4 2633.310 
5 2445.592 
5 2930.336 
5 2969.204 
4 2747.084 
5 2232.643 
5 2844.851 
5 2619.953 
5 2578.981 
5 3588.534 
4 3120.114 
5 3135.099 
5 2714.589 
5 2610.264 
4 2951.404 
5 2375.132 
5 2415.319 
5 2519.734 
5 2841.080 
5 2860.392 
5 2902.839 
4 2466.498 
5 3090.101 
5 2433.508 
4 2233.525 
5 2865.966 
5 2738.348 
5 2917.585 
5 2439.093 
5 2791.702 
5 3204.990 
5 3329.381 
5 2074.321 
5 2735.569 
5 2172.625 
5 2488.023 
5 2791.655 
5 1980.709 
5 2092.869 
5 3021.838 
5 3134.161 
5 2822.179 
5 2812.875 
5 2307.843 
5 2842.503 
5 2458.082 
5 2406.328 
5 2277.294 
5 2810.223 
4 3349.737 
5 2800.018 
5 2701.005 
5 2748.857 
5 2621.624 
5 2989.104 
5 2397.542 
5 2809.123 
5 2291.250 
4 2516.000 
4 2783.474 
5 2875.407 
5 2482.800 
5 2427.087 
5 2897.086 
4 3006.231 
5 2606.173 
4 2430.468 
5 1936.288 
5 2754.637 
5 2249.577 
5 2255.799 
5 2974.297 
4 2706.338 
5 2645.243 
5 2513.306 
5 2693.734 
5 2937.671 
5 2336.162 
5 2688.719 
5 2469.495 
5 3238.591 
5 3135.384 
5 2279.315 
5 2910.576 
5 2895.921 
4 2369.678 
5 2420.845 
5 2796.646 
5 2790.273 
5 2447.932 
5 2196.944 
5 3081.837 
5 2871.973 
5 2644.147 
5 2221.024 
5 2656.774 
4 2703.223 
5 3273.415 
5 2223.321 
5 3307.059 
5 2816.318 
5 2825.455 
5 2818.029 
5 3140.291 
5 2809.765 
5 2388.048 
4 2800.905 
4 2547.251 
5 2914.334 
5 2687.580 
5 3230.382 
4 2203.225 
5 1974.201 
5 2499.271 
5 2244.615 
5 1534.434 
5 2744.841 
5 3361.913 
5 2196.118 
5 1419.923 
5 1936.796 
5 2482.291 
4 2057.428 
5 2112.405 
4 3242.362 
5 2175.797 
5 2785.776 
5 2052.253 
5 2773.150 
5 2250.185 
5 2868.527 
5 2528.382 
5 2909.789 
5 1876.265 
5 3115.562 
5 3043.107 
5 2552.058 
5 2969.932 
5 2570.297 
5 2609.662 
5 2838.172 
5 2979.970 
5 2459.486 
5 2992.261 
5 2763.946 
5 3717.297 
5 2967.269 
5 2781.416 
5 2942.125 
5 2053.152 
5 3996.298 
5 2808.104 
5 2576.800 
5 2111.168 
5 2544.375 
5 1964.119 
5 3059.179 
4 2724.881 
5 2102.466 
4 3562.879 
5 3036.540 
5 2554.909 
4 2959.619 
5 2423.779 
5 3005.251 
5 2605.344 
5 2727.536 
5 2520.590 
5 2486.024 
5 2792.486 
5 2623.868 
5 2834.381 
5 3339.213 
4 2619.599 
5 3173.617 
5 3176.111 
4 2569.874 
5 2548.762 
5 2434.880 
4 1698.091 
4 2564.735 
5 3242.107 
5 3047.326 
5 2677.829 
5 2921.196 
5 2840.144 
5 2819.046 
5 3157.149 
5 3443.533 
5 3068.130 
4 2538.225 
5 2725.474 
5 3195.195 
5 2732.655 
5 2878.782 
5 974.101 
5 3916.888 
5 3790.326 
5 3014.741 
4 2111.432 
5 2528.982 
5 2820.421 
5 2490.716 
5 2730.699 
5 3251.378 
5 2464.000 
5 2346.722 
5 2090.801 
5 2887.613 
5 2383.398 
4 2567.383 
5 2171.305 
5 1925.370 
4 2548.991 
5 2207.630 
4 3451.700 
5 2640.463 
5 2376.934 
4 3294.022 
4 2636.726 
4 2964.981 
5 2435.840 
5 3273.185 
4 1642.543 
5 2638.493 
5 1747.053 
4 2607.747 
5 2318.547 
5 2335.362 
5 2469.972 
5 2369.768 
5 2001.244 
4 1704.275 
5 2980.058 
5 2436.441 
4 2469.457 
5 2211.726 
5 2818.928 
5 2894.689 
5 2476.232 
5 2929.495 
5 2914.515 
5 2942.893 
5 2541.755 
5 2570.796 
5 2339.419 
5 2530.085 
5 2264.343 
5 2621.104 
5 2731.657 
5 2998.849 
5 2668.961 
5 2376.442 
5 2554.104 
5 2170.770 
4 3092.484 
5 2820.146 
5 3127.275 
5 2241.758 
5 2799.087 
5 2643.294 
5 2965.264 
5 2879.357 
5 3455.934 
5 3293.568 
5 1926.547 
5 3642.783 
5 3023.687 
5 2164.824 
5 3035.738 
5 3002.419 
5 1720.041 
5 2569.273 
4 3492.494 
5 2045.206 
5 2472.009 
5 2740.385 
5 1604.046 
4 2455.136 
5 2022.681 
5 2627.209 
5 2376.678 
5 3066.319 
5 2507.006 
5 2893.962 
5 3219.361 
5 2228.486 
5 2305.299 
5 2566.605 
5 2277.333 
5 2542.955 
5 2455.143 
5 3033.127 
4 2375.712 
5 1851.402 
5 3459.058 
4 2868.805 
5 2800.256 
5 2630.217 
5 3032.820 
5 3071.323 
5 2511.690 
5 2880.027 
4 2456.495 
5 2596.453 
5 2314.964 
5 2684.417 
5 2324.712 
5 2621.197 
5 2448.957 
4 2991.908 
5 2647.652 
5 2738.629 
5 3146.076 
5 2216.827 
5 2943.408 
5 3068.875 
5 2464.489 
5 2161.302 
5 2569.975 
5 2744.781 
5 2286.828 
5 2700.186 
5 3009.791 
4 3021.057 
5 2181.294 
5 2962.970 
5 2803.322 
5 2687.601 
5 2287.371 
5 2647.485 
4 2673.596 
5 2416.061 
5 2792.581 
5 2542.464 
5 3084.719 
5 2553.811 
5 2690.886 
5 2755.594 
5 2634.475 
4 2288.542 
5 2342.678 
5 2074.569 
5 2979.961 
5 2793.654 
5 2693.922 
5 1681.585 
5 2521.460 
5 2064.867 
5 2544.565 
4 2427.798 
5 3031.488 
5 3053.397 
5 2839.167 
4 1844.264 
5 2829.294 
5 2966.059 
5 1979.319 
5 2268.633 
5 2329.481 
4 2812.075 
5 2242.182 
4 2331.164 
5 2608.061 
5 2515.335 
5 2401.048 
5 2416.685 
5 2106.469 
5 1983.266 
5 2540.125 
4 2814.627 
5 3401.077 
5 2712.655 
5 2246.949 
5 3145.790 
5 2548.719 
5 2404.515 
5 2727.792 
5 2233.311 
5 2258.296 
5 2562.857 
5 3046.899 
5 3219.664 
4 2661.350 
5 2719.854 
5 2252.204 
5 2857.304 
5 2796.339 
5 2845.043 
5 2918.000 
5 2955.995 
5 3025.427 
4 3136.780 
5 2850.824 
5 1734.064 
4 2307.757 
4 1191.377 
5 2699.298 
5 3445.092 
5 2894.332 
5 2872.637 
5 2574.594 
5 2568.528 
5 2310.127 
5 2512.076 
5 2035.676 
5 2188.846 
5 2148.298 
4 2966.156 
5 2152.845 
5 2935.327 
5 3059.167 
5 2635.665 
5 2192.131 
5 2452.849 
5 2658.537 
5 2965.705 
5 2298.274 
4 3250.893 
5 2947.210 
5 2991.385 
5 2617.258 
5 2899.005 
5 2716.811 
5 3670.000 
5 2407.264 
5 2950.960 
5 1866.067 
5 3100.627 
5 2952.464 
4 2529.341 
4 2675.963 
5 2204.128 
5 2756.837 
5 3066.337 
5 2486.307 
5 2629.442 
4 2022.420 
5 3423.305 
5 2105.473 
5 2649.672 
4 2436.818 
5 2150.897 
4 2958.328 
5 2645.222 
4 2069.655 
5 2336.876 
5 2887.832 
5 2188.094 
5 2423.803 
5 2426.029 
5 2553.093 
5 2619.047 
5 2441.484 
5 3227.237 
5 2754.539 
5 2636.474 
5 2711.623 
5 2643.027 
5 3266.379 
5 2870.076 
5 2738.772 
4 3438.767 
5 2989.906 
5 2959.910 
5 2520.546 
5 2569.663 
5 3038.168 
5 2450.990 
5 2145.299 
5 2569.044 
5 3868.133 
5 3014.179 
5 2373.198 
5 2061.415 
5 2353.221 
5 2611.796 
5 2544.977 
5 2900.984 
5 3798.479 
5 2929.533 
5 2603.983 
5 2936.599 
5 2553.725 
5 3017.141 
5 2726.479 
5 2222.566 
5 2294.386 
5 1773.529 
5 2555.921 
5 2949.294 
4 2690.966 
5 2989.190 
4 2523.880 
5 3251.167 
5 2566.388 
5 2784.555 
5 2994.875 
5 2774.475 
5 1863.655 
5 2662.344 
5 3442.552 
5 3139.863 
5 3692.136 
4 2785.036 
5 2758.577 
5 3410.677 
5 2859.268 
5 2314.381 
5 3201.523 
5 2110.280 
5 3476.784 
5 2716.666 
4 2834.023 
5 2751.997 
5 2480.790 
5 2843.255 
4 2052.868 
5 1997.855 
5 3085.927 
5 2549.439 
5 2333.955 
5 2503.366 
5 2756.905 
4 2887.772 
5 2674.078 
5 2515.880 
5 2601.638 
5 3065.808 
4 2496.332 
5 2924.250 
5 2505.063 
5 3274.853 
5 2614.349 
5 2838.503 
5 3138.695 
5 2312.320 
5 1987.420 
5 2697.755 
5 2528.719 
5 2472.632 
5 3106.680 
4 3490.444 
4 2669.623 
5 2701.922 
5 1388.692 
5 2253.743 
4 2763.539 
5 3046.825 
5 3354.263 
5 2624.915 
4 2459.617 
5 2720.631 
5 2854.865 
5 2845.783 
5 2480.599 
5 2660.868 
5 3040.292 
5 2842.886 
5 2618.243 
5 2443.254 
5 3297.543 
5 2850.793 
5 2736.595 
5 2338.640 
5 2532.163 
4 3015.102 
5 2664.562 
5 2559.174 
5 3003.967 
5 2694.287 
5 2194.684 
4 3264.272 
5 2648.458 
5 3244.582 
5 2175.199 
5 2140.385 
5 3083.255 
5 2856.407 
4 2544.554 
4 2621.128 
5 1772.674 
5 2790.253 
5 3098.367 
5 2742.391 
5 2719.111 
5 2690.386 
5 2938.617 
5 2762.494 
5 3489.220 
5 2660.890 
5 2127.510 
5 2950.882 
5 3196.083 
5 3569.477 
5 2371.006 
5 2886.118 
5 2569.018 
4 2740.452 
5 2749.106 
5 2861.039 
5 2801.711 
5 2564.247 
5 2769.277 
5 2062.034 
5 2741.361 
5 2906.527 
5 2485.232 
4 2805.914 
5 2446.644 
4 2976.586 
4 3277.750 
5 2832.179 
5 2588.480 
4 2736.625 
5 3302.828 
4 2414.684 
5 2309.401 
5 2979.995 
5 3359.756 
5 2381.013 
5 2402.454 
5 2990.529 
5 2844.114 
5 2523.790 
5 3481.850 
5 2525.013 
5 1965.445 
5 2632.833 
5 3004.647 
5 2500.494 
5 2704.425 
4 1874.845 
4 2592.755 
5 3076.999 
5 2899.748 
5 2763.149 
4 2852.147 
4 2781.719 
5 2669.311 
5 2129.945 
5 2848.579 
5 2714.511 
5 2456.602 
4 2663.884 
5 2917.790 
5 2832.977 
5 3042.886 
5 3024.075 
4 2706.652 
5 4055.044 
4 2799.505 
5 3397.136 
5 1740.609 
5 2690.295 
4 3135.084 
5 2359.617 
5 2545.022 
5 2658.529 
5 2565.347 
5 3068.414 
5 2256.900 
5 2923.596 
5 2704.426 
4 2779.856 
5 2218.750 
5 2786.130 
5 3122.738 
5 2408.668 
5 2777.552 
5 2552.482 
5 2702.377 
5 2838.937 
5 2899.778 
5 2791.253 
4 2825.857 
5 2819.867 
5 2318.477 
4 2664.777 
5 2751.328 
5 3151.850 
4 2474.054 
5 3243.885 
5 3568.329 
5 2883.985 
4 2257.777 
5 2715.519 
4 2382.792 
5 2725.199 
5 2362.685 
4 2647.687 
5 2011.141 
5 2959.546 
5 2239.697 
4 1690.637 
5 3038.759 
4 2794.460 
5 2855.205 
5 2734.615 
4 3294.601 
5 2572.183 
5 2292.720 
5 2877.688 
4 2675.154 
5 3313.177 
5 2293.315 
5 2978.272 
5 2332.357 
5 2880.201 
5 2477.420 
4 2592.584 
4 2945.056 
5 2099.548 
5 2524.281 
5 2741.136 
4 2374.455 
5 2577.784 
5 2720.186 
4 3139.848 
4 2811.480 
5 2960.907 
4 2873.913 
5 2927.844 
5 2331.716 
5 2369.718 
5 2831.390 
5 2422.465 
5 2374.501 
5 2820.951 
5 2761.001 
5 3479.002 
5 2317.971 
5 2391.167 
4 2758.556 
5 2352.125 
5 2831.251 
5 2903.339 
5 2181.486 
5 3482.076 
5 2503.598 
5 2063.602 
4 2189.751 
5 2866.715 
5 2642.831 
5 2265.708 
5 2951.120 
5 3033.446 
5 2298.992 
4 2824.478 
5 2117.498 
5 2879.843 
4 2346.152 
5 2125.150 
5 2523.907 
4 1996.987 
5 3401.998 
5 2852.241 
5 3324.995 
4 3053.020 
4 3178.011 
5 3354.446 
5 2722.014 
5 2744.639 
4 2306.050 
5 2188.188 
5 2119.581 
5 2652.676 
5 2526.583 
5 2883.490 
5 2894.062 
4 1677.818 
5 2366.934 
5 2656.389 
5 2871.799 
5 3112.386 
5 2648.342 
5 2285.332 
5 2461.039 
4 2834.378 
5 2856.567 
5 2367.570 
5 2169.263 
5 2698.802 
5 2183.405 
4 2901.380 
5 2647.738 
5 2336.917 
5 2579.839 
5 2102.631 
5 2824.845 
4 2967.576 
5 2320.339 
5 2417.687 
5 2974.287 
5 2775.572 
4 2436.338 
5 2303.057 
4 2270.628 
5 4235.713 
5 2635.428 
5 3307.277 
5 2392.851 
5 3022.481 
5 2568.844 
5 3114.952 
5 2680.128 
5 2966.191 
5 2792.502 
5 2353.647 
4 3013.758 
5 2242.595 
5 2804.224 
5 2780.108 
5 2613.318 
5 2990.983 
5 2682.472 
5 1972.850 
4 2720.931 
5 2588.545 
5 2901.304 
5 2199.707 
5 3011.414 
5 2324.354 
5 2504.725 
5 2537.074 
5 2488.798 
5 3093.412 
5 2732.309 
4 2739.275 
5 2601.105 
4 2688.341 
5 2616.770 
5 2815.152 
5 3035.402 
5 3212.565 
5 2207.859 
5 2842.947 
5 3465.875 
5 3018.636 
5 2633.557 
5 3624.597 
5 2090.918 
5 2741.723 
5 2795.842 
5 2941.867 
5 2074.940 
5 3149.765 
5 2783.347 
4 3582.362 
5 2333.365 
5 3009.136 
5 2576.753 
5 2617.954 
5 2941.531 
5 2922.547 
5 2827.188 
5 2511.863 
5 2612.627 
5 1978.569 
5 2527.691 
5 2773.742 
4 3171.416 
5 2724.495 
5 2683.373 
5 1828.971 
5 2736.367 
4 2730.182 
4 2539.552 
5 2846.268 
4 2881.937 
5 2582.279 
5 2880.097 
5 3246.786 
5 2453.931 
4 3053.139 
5 2689.426 
5 2657.120 
4 3080.130 
5 2882.767 
5 2690.433 
5 2252.445 
5 2643.654 
5 2433.406 
5 2153.636 
5 2352.405 
5 2125.113 
4 1907.073 
4 2336.468 
5 3041.983 
5 2488.488 
5 2366.577 
5 2802.853 
5 2292.712 
4 2949.179 
5 2979.543 
5 3056.388 
4 3057.525 
4 3011.530 
5 3282.233 
5 2844.196 
5 2457.186 
5 2854.338 
5 2925.511 
5 2088.988 
4 1445.416 
5 3174.739 
5 2368.896 
5 2976.031 
5 3109.376 
5 2252.561 
5 2394.164 
5 2762.222 
5 3027.060 
5 2765.770 
5 2957.905 
4 2554.880 
5 2346.138 
4 2618.889 
5 2993.064 
4 2283.136 
5 2349.294 
5 2873.094 
5 2879.242 
5 2608.165 
5 2733.500 
5 2695.041 
4 3093.234 
5 3306.924 
5 3144.054 
5 3048.004 
4 2801.827 
5 2886.520 
5 3166.503 
5 2555.531 
5 2276.544 
5 2189.995 
5 2570.092 
5 2204.730 
5 2474.741 
5 2788.499 
5 2633.205 
5 2968.159 
5 1773.995 
5 3159.970 
5 2246.268 
5 2952.845 
5 2177.126 
5 2690.021 
4 2899.267 
4 1947.394 
5 3846.328 
5 2344.198 
5 2674.259 
5 2251.434 
4 2208.780 
5 2298.250 
5 2251.876 
5 2157.231 
5 3183.006 
5 2570.333 
5 2384.984 
5 1864.362 
5 2559.075 
5 3505.314 
5 2701.957 
4 2964.328 
5 3074.167 
5 3047.927 
5 3147.850 
5 2278.781 
5 2531.251 
5 2592.367 
4 2950.344 
5 3723.813 
5 2148.705 
5 3082.109 
4 2505.171 
5 2432.207 
5 2564.358 
5 2441.989 
5 2548.296 
5 2309.179 
5 3120.132 
5 2426.989 
5 3102.824 
5 3135.622 
5 3112.393 
5 2483.717 
5 2950.339 
4 2365.513 
5 3299.491 
5 2964.802 
5 2171.064 
5 3121.075 
5 2912.632 
5 2881.203 
5 2590.641 
5 2363.765 
5 2549.396 
5 2285.091 
5 2789.159 
5 2781.792 
5 2178.001 
5 3489.708 
5 2543.225 
5 2966.856 
5 2509.019 
5 3440.448 
4 2568.170 
5 2672.838 
5 2589.418 
5 2749.641 
5 2576.536 
5 2769.473 
5 2940.059 
5 3049.337 
5 3177.794 
5 3267.700 
5 3068.479 
5 2251.123 
5 3110.221 
5 2549.850 
5 2374.346 
4 2737.374 
5 3070.320 
5 2696.396 
5 2806.157 
5 2702.420 
5 2401.219 
5 2423.099 
5 3055.877 
5 2665.101 
5 3090.994 
5 2726.703 
5 2847.045 
5 2250.277 
5 1899.308 
5 2394.838 
4 2081.076 
5 2529.986 
5 2767.727 
4 2805.646 
5 3398.495 
5 2535.472 
5 2101.649 
5 2601.405 
5 2643.573 
5 2858.670 
5 2073.041 
5 2846.481 
5 3121.043 
5 2647.578 
4 2687.111 
5 3262.232 
5 2552.725 
5 2567.545 
4 2822.559 
4 3064.483 
5 2199.262 
5 2627.893 
5 3084.704 
5 2126.016 
5 2157.969 
5 2507.794 
4 2841.493 
5 2583.617 
5 3789.934 
5 2578.630 
5 3225.315 
5 3830.115 
5 2353.310 
5 2361.978 
4 2273.456 
5 2758.325 
5 3332.198 
5 3143.446 
5 2848.279 
5 2763.068 
5 2319.815 
5 2289.672 
5 2662.339 
5 1566.801 
5 3329.761 
5 3148.845 
5 1994.334 
5 2835.777 
5 2714.509 
4 2938.190 
5 2655.436 
5 3102.177 
5 2874.581 
4 2961.909 
4 2801.454 
4 2160.527 
5 2346.070 
5 2247.974 
5 2747.156 
5 2817.703 
5 2827.981 
4 2596.245 
5 2500.164 
5 2704.729 
5 2410.325 
4 3032.463 
5 2376.027 
4 3252.853 
5 2334.780 
5 3020.925 
5 2545.594 
5 3186.028 
5 2939.094 
4 1653.625 
4 2988.911 
5 2798.649 
5 2638.898 
5 2238.055 
5 2639.408 
5 3144.513 
5 2682.369 
4 2579.159 
4 2631.384 
5 2205.349 
5 2736.467 
5 3294.608 
5 2723.875 
5 2433.402 
5 2081.654 
5 2201.749 
5 2448.422 
5 2095.462 
5 2632.150 
4 2356.137 
5 2856.275 
5 2792.014 
5 2644.954 
4 2291.812 
5 2294.087 
4 2519.754 
4 2169.666 
4 2681.586 
5 2887.591 
5 2747.012 
4 2028.154 
5 3100.282 
4 2889.248 
5 2623.594 
5 3423.926 
4 2142.257 
5 2220.004 
5 3016.130 
5 2517.515 
5 2454.400 
5 2935.783 
5 2323.926 
4 2687.778 
5 2379.825 
5 1967.271 
5 3169.229 
5 2488.296 
4 2195.131 
5 2167.609 
5 3040.192 
5 2442.575 
5 2052.594 
5 2962.758 
5 3231.182 
5 2834.323 
5 2650.061 
5 3588.693 
5 3332.826 
5 2484.936 
5 2610.809 
5 2050.916 
5 2353.388 
5 2609.300 
5 2959.097 
5 2900.002 
5 2905.939 
4 1709.373 
5 2421.601 
4 2320.873 
5 2971.301 
5 2553.020 
5 3094.513 
5 2843.956 
5 2896.563 
5 2949.912 
5 2785.957 
5 2606.161 
5 3023.646 
5 1982.524 
5 2625.966 
5 3023.846 
5 3446.341 
5 2869.850 
5 2611.298 
5 2733.341 
4 3259.400 
5 3138.143 
5 2419.838 
5 2100.321 
5 3183.379 
5 2264.634 
5 2461.156 
5 2394.907 
5 2218.113 
5 2689.411 
5 2795.882 
5 2714.730 
5 2812.111 
4 2967.604 
5 2878.854 
5 2608.254 
5 2825.460 
5 2924.403 
5 2953.672 
4 3596.462 
5 2809.658 
5 3221.146 
5 2510.469 
5 2261.757 
5 2529.713 
5 2920.074 
5 2365.153 
5 3090.802 
4 2455.144 
5 2450.590 
5 2501.050 
5 1899.120 
5 2486.385 
5 2513.421 
4 3670.729 
5 2315.007 
5 2560.253 
5 2859.315 
5 1831.565 
4 3161.289 
5 3022.121 
5 2556.384 
5 2376.712 
5 3072.953 
5 2438.215 
5 2587.558 
5 2485.297 
5 2489.833 
5 2952.897 
5 2694.067 
5 2625.101 
5 2539.172 
5 2760.493 
5 2686.115 
5 3160.273 
5 2680.254 
5 2557.144 
5 2609.437 
5 2836.582 
5 2361.054 
5 2823.144 
5 1881.673 
5 2408.946 
5 2680.268 
5 2901.662 
5 2529.022 
5 2430.921 
5 2746.368 
5 2543.447 
5 3342.756 
5 3220.550 
5 3093.133 
5 2896.390 
5 2843.071 
5 2229.318 
5 2827.202 
5 2925.875 
5 3097.907 
5 3192.708 
5 1866.744 
5 3417.472 
5 2737.930 
5 2783.436 
5 3163.784 
5 2478.178 
5 2746.542 
5 2486.012 
5 3028.159 
5 1823.599 
5 2274.383 
5 2881.493 
4 2862.157 
5 2811.423 
5 2651.686 
4 3003.331 
5 2139.584 
5 2316.537 
5 3467.478 
5 2461.147 
5 2916.240 
5 2482.329 
5 2407.572 
5 2103.747 
5 2673.280 
5 2974.506 
4 3027.947 
5 2688.947 
5 2301.530 
5 1973.995 
5 2671.253 
4 2295.713 
5 2176.173 
4 2618.403 
5 2135.910 
5 2139.516 
5 2142.447 
5 2626.718 
4 3740.728 
5 2527.133 
5 2110.023 
5 2861.576 
5 2583.901 
5 2689.898 
5 2729.995 
5 2956.208 
4 1842.130 
5 2871.240 
5 3168.567 
5 2229.686 
5 3111.327 
5 3012.594 
5 2359.603 
5 2443.270 
5 1990.526 
5 2529.378 
5 2738.311 
5 2546.892 
5 2740.668 
5 2866.155 
5 2837.616 
5 2383.962 
4 2655.318 
5 2755.170 
5 2809.010 
5 3210.997 
5 3020.573 
5 3448.573 
4 2841.263 
5 2835.192 
5 2031.633 
5 3234.370 
5 2565.234 
4 1985.009 
5 2605.658 
5 2800.382 
5 3010.423 
5 3271.974 
5 2353.749 
5 2863.537 
5 2573.195 
5 2176.552 
5 2562.082 
5 2828.323 
5 3601.556 
5 2634.629 
5 3677.384 
5 3114.812 
4 2510.445 
5 2392.798 
4 3463.669 
5 2317.704 
5 3048.553 
5 2835.042 
5 2902.764 
5 2196.426 
5 1863.105 
5 2625.792 
5 2503.785 
5 2321.595 
4 2049.725 
5 2899.504 
5 3084.929 
5 2260.940 
4 2631.105 
5 2338.588 
5 2074.548 
5 2361.973 
5 1766.342 
5 2791.197 
5 2779.510 
5 2968.421 
5 2327.703 
5 2115.670 
5 2567.001 
5 2983.406 
5 2921.944 
5 2997.305 
5 2641.411 
5 1851.472 
5 2647.561 
5 2968.595 
5 2385.048 
4 3614.927 
4 2209.359 
4 2769.482 
5 2896.897 
4 4067.751 
4 2831.685 
4 3143.386 
5 2528.478 
5 2564.239 
5 3187.575 
5 3128.522 
5 2554.615 
5 3504.712 
5 3219.391 
5 3753.567 
5 2179.384 
5 2371.844 
5 2697.385 
5 2475.968 
5 2806.992 
5 2769.164 
5 3092.877 
5 2558.863 
4 1914.771 
4 2692.948 
5 2442.262 
5 2363.571 
5 2472.287 
4 2534.633 
4 2105.073 
5 2587.737 
5 3091.670 
4 2531.115 
5 2959.636 
5 1984.568 
5 2637.893 
5 2384.108 
5 2453.639 
5 3857.315 
5 2033.147 
5 2729.566 
4 1983.156 
5 2923.862 
5 3183.529 
5 3148.729 
5 2257.740 
5 2853.065 
5 3200.405 
5 3029.951 
5 2601.563 
5 1376.213 
5 2683.779 
5 2448.438 
5 2797.841 
5 2248.335 
5 2909.430 
5 2969.089 
5 2050.882 
5 2542.119 
5 2694.203 
5 2376.524 
5 2609.229 
5 2481.906 
5 3044.534 
5 4285.616 
4 2313.481 
5 2414.314 
5 2277.662 
5 2288.368 
5 2583.462 
5 3485.520 
5 2645.108 
5 2933.292 
4 2098.953 
5 2901.677 
5 3054.695 
5 2736.391 
5 2540.858 
5 3664.200 
5 2632.161 
5 2383.409 
4 2494.087 
5 2998.398 
5 2619.019 
5 2640.774 
5 2323.778 
5 2747.104 
4 2656.336 
5 1595.622 
5 2790.547 
5 2974.612 
5 2193.063 
5 1963.391 
5 1871.429 
5 2543.742 
5 2727.645 
5 3454.591 
5 3054.117 
4 2694.555 
5 2673.164 
5 3524.192 
5 2810.636 
5 2910.942 
5 2841.763 
5 2521.258 
5 2508.334 
5 2866.184 
4 2800.898 
5 2440.062 
5 3123.606 
4 2419.253 
5 2838.731 
5 2611.834 
5 2238.462 
5 3515.494 
5 2500.482 
5 2451.530 
5 2843.035 
5 2920.424 
5 2776.276 
5 2696.584 
4 2809.213 
5 2604.634 
5 2272.244 
5 2288.917 
5 2823.907 
5 2946.823 
5 2807.483 
5 2640.424 
5 2990.236 
5 3536.216 
5 2875.382 
5 2916.901 
4 3059.446 
5 2568.996 
5 1911.916 
5 2528.219 
5 2312.371 
5 2939.428 
4 2974.129 
4 2685.667 
5 2905.832 
5 2745.850 
5 2760.692 
5 2752.905 
4 2732.967 
4 3154.659 
5 2668.721 
5 2653.958 
5 2424.752 
5 2434.351 
5 2909.596 
5 4066.855 
4 3093.446 
5 3054.764 
5 2728.540 
5 2347.641 
5 2748.262 
4 3029.526 
5 2507.704 
5 2320.745 
5 2630.501 
4 1533.383 
5 2509.172 
5 2262.014 
5 2245.973 
5 3355.624 
4 3077.959 
5 2966.616 
5 2941.592 
5 2504.376 
4 2587.300 
4 2779.593 
5 2898.281 
5 2170.819 
5 2508.812 
5 4110.094 
5 2867.719 
5 3739.725 
5 2548.827 
5 2689.279 
5 3219.612 
5 1985.509 
5 2868.040 
5 3450.235 
5 2467.220 
4 2966.215 
5 2340.933 
5 2514.218 
5 3493.943 
5 3370.804 
5 2969.545 
4 2582.676 
5 2760.073 
4 2556.618 
5 3228.360 
5 2383.753 
5 3152.563 
5 2579.956 
5 2522.425 
5 2824.439 
5 3266.750 
5 2392.379 
5 2288.799 
5 2750.442 
4 2642.109 
5 2702.909 
5 2923.354 
5 2270.684 
5 3009.790 
4 3068.896 
5 2643.969 
5 2562.583 
5 2559.806 
5 2519.892 
5 2314.496 
5 3764.787 
5 2677.819 
5 2806.612 
5 2893.377 
5 2574.481 
5 2799.406 
5 2511.133 
5 3078.056 
5 3452.951 
5 2574.309 
5 2422.854 
5 3195.169 
5 2113.465 
5 1286.938 
5 3038.750 
5 2155.636 
5 1801.429 
4 2754.601 
4 2411.990 
4 2734.605 
5 3265.133 
5 3436.030 
5 2683.767 
5 1794.159 
5 2763.149 
5 1905.862 
5 2310.645 
5 2595.538 
5 2883.828 
5 2585.854 
5 2827.001 
5 2175.739 
5 2759.646 
5 2365.681 
4 3129.873 
5 2054.601 
4 2060.385 
5 3283.591 
5 2626.843 
5 2488.536 
5 2805.038 
5 2939.746 
5 2990.814 
5 2627.778 
4 2894.196 
5 2429.704 
5 2548.721 
4 3876.010 
5 2330.265 
5 2474.088 
5 2622.536 
4 2505.400 
5 2161.582 
5 3046.939 
5 2810.658 
5 2585.424 
5 3005.860 
5 2520.942 
5 1947.635 
5 2760.141 
5 2984.569 
4 2979.764 
5 3024.200 
4 3053.650 
5 2613.888 
5 3088.151 
5 3268.522 
5 3547.330 
5 2406.069 
4 2349.486 
5 2289.695 
5 3139.943 
5 2128.671 
5 2932.205 
4 2968.799 
4 2298.377 
5 2635.646 
5 1724.646 
5 2736.905 
5 2703.551 
5 3136.757 
5 2006.695 
5 2458.128 
5 2452.881 
5 2970.324 
5 2402.379 
5 2236.469 
5 2473.288 
4 2705.901 
5 2647.247 
5 2198.747 
5 2476.673 
5 3046.179 
5 2567.053 
4 2074.133 
5 3069.764 
5 2600.780 
5 2853.689 
5 2509.553 
5 2660.124 
5 2363.392 
5 2305.452 
5 2406.645 
5 2603.062 
5 2914.034 
5 2058.643 
4 2546.684 
5 2210.098 
5 2680.511 
5 2111.962 
5 2595.884 
5 2833.116 
4 2255.601 
5 2530.151 
5 2730.618 
5 2636.220 
4 1983.172 
5 2784.735 
4 2311.313 
5 2382.628 
5 3407.060 
5 2185.737 
5 2613.068 
4 3217.009 
5 2748.102 
4 3008.986 
5 2892.548 
4 2578.856 
5 2709.205 
5 3517.096 
5 2133.657 
5 2427.596 
5 2711.470 
5 2414.090 
5 3068.609 
5 3170.892 
5 3609.349 
5 2460.116 
5 3066.487 
5 3000.608 
4 2347.864 
4 2901.845 
4 3096.840 
5 2761.840 
4 2943.941 
5 2881.119 
4 2613.294 
5 2585.999 
5 2700.815 
5 3490.845 
5 2360.849 
5 2314.567 
4 2897.011 
5 3308.194 
5 2803.467 
5 3053.405 
5 3167.685 
5 2454.566 
5 2050.777 
5 2278.209 
5 2708.922 
5 2815.308 
5 2903.929 
5 2540.931 
5 2622.130 
5 3406.380 
5 2649.657 
5 2930.508 
5 2206.252 
5 2679.488 
5 2663.002 
5 2954.259 
5 2795.459 
4 2716.415 
5 2967.793 
5 2503.326 
5 2318.342 
5 2655.411 
5 2531.054 
5 3108.574 
5 2288.437 
5 2814.267 
5 3521.992 
5 3021.409 
5 2544.471 
5 2920.514 
5 3087.043 
5 2234.210 
5 2649.961 
5 2378.293 
5 2621.362 
5 2453.218 
5 3195.929 
5 2599.473 
4 2195.895 
4 3027.471 
5 3182.279 
5 2326.850 
5 2930.535 
5 3117.585 
4 2649.001 
5 2133.062 
5 2399.012 
5 2492.396 
5 3072.281 
4 2540.889 
5 2317.201 
5 2224.134 
5 2593.818 
5 2715.729 
5 2839.775 
5 2790.343 
5 2837.489 
5 1911.772 
5 2557.552 
5 2466.176 
5 2593.374 
5 1870.261 
5 3053.127 
5 2578.038 
5 1911.746 
5 2840.684 
5 3148.374 
5 2714.041 
5 2962.439 
5 3150.002 
5 2986.882 
4 2789.326 
5 1993.682 
5 2560.364 
5 2301.022 
4 3587.892 
5 2643.677 
5 2739.137 
5 2181.822 
4 3021.337 
5 3201.867 
5 2706.097 
5 2456.864 
5 2192.345 
5 2818.035 
5 2428.877 
5 2414.326 
4 2526.044 
5 3461.196 
5 3062.257 
5 2277.784 
4 2417.313 
5 2551.227 
5 1869.004 
4 2331.594 
5 2545.757 
5 2553.511 
5 2672.463 
5 2843.166 
5 2770.230 
5 2151.750 
5 2349.605 
5 2950.336 
5 2485.887 
5 2145.617 
4 2841.859 
5 2247.014 
5 2815.005 
5 3118.894 
5 2596.929 
5 2475.277 
5 2298.389 
5 2516.283 
5 2410.255 
5 2983.923 
4 2577.531 
5 2452.202 
5 3124.368 
5 2677.176 
4 2668.758 
5 2789.093 
5 2868.898 
5 2680.955 
4 4005.073 
5 2979.024 
5 3009.054 
5 3107.226 
5 2760.354 
5 2758.968 
5 2552.642 
5 3556.745 
5 1646.739 
5 3656.624 
5 2839.455 
5 3185.146 
5 2827.197 
5 2246.775 
4 1762.456 
5 2638.429 
5 2900.098 
4 1867.591 
5 2909.160 
5 2223.057 
5 2520.743 
5 2580.565 
4 2871.845 
5 2026.611 
5 2720.123 
5 2845.319 
5 3159.790 
5 2763.292 
5 3267.015 
5 2633.065 
5 2930.925 
4 1913.643 
5 2583.806 
4 2094.807 
4 2548.878 
5 2889.886 
5 2623.817 
5 2273.782 
5 2525.142 
5 2811.460 
5 2682.692 
5 3179.858 
4 2725.564 
4 2801.422 
4 2830.198 
5 2565.618 
5 2420.298 
5 3285.946 
5 2668.615 
5 2952.149 
5 2902.740 
5 2858.350 
5 2050.788 
5 2442.639 
5 2974.668 
5 2459.119 
5 3240.943 
5 2414.095 
5 2385.153 
5 2915.538 
5 2933.674 
4 3221.587 
5 2029.391 
5 2789.382 
5 2550.922 
5 2798.277 
5 2931.926 
5 2182.868 
5 2963.436 
5 2683.549 
5 2670.128 
5 2486.713 
4 2599.107 
5 2699.754 
5 3237.033 
5 2388.621 
4 2325.966 
5 2697.691 
5 2563.640 
5 2323.695 
5 2934.893 
5 2505.597 
5 2956.520 
5 2606.619 
5 3388.473 
5 2555.643 
5 2529.636 
5 3344.185 
5 3056.309 
5 2735.648 
5 2634.922 
5 2741.471 
4 2687.474 
5 2647.290 
4 2516.892 
5 2970.651 
5 2958.899 
5 2723.098 
5 2730.236 
4 1659.959 
5 2496.627 
5 2111.284 
5 2082.796 
5 3399.743 
4 2683.688 
5 2894.900 
5 3113.224 
5 2944.301 
5 2880.808 
5 3167.348 
5 3068.756 
5 2897.616 
5 2346.347 
5 2376.501 
5 1654.191 
5 2349.756 
5 2807.407 
5 3216.153 
4 2522.987 
5 2508.617 
4 2998.917 
5 2346.366 
5 2314.867 
5 2508.443 
5 2573.819 
5 2893.421 
5 2548.586 
5 2836.155 
5 2765.836 
5 3046.262 
5 2143.738 
5 2232.277 
5 2216.247 
5 3194.628 
5 3352.215 
4 2716.215 
5 2578.866 
4 2930.434 
5 2451.334 
5 2253.602 
5 2885.321 
5 3223.494 
5 2432.125 
4 3091.774 
5 2658.052 
5 2377.980 
5 2824.694 
5 2478.557 
5 3815.811 
5 2347.226 
5 2810.779 
4 1974.800 
5 2369.515 
4 3050.253 
5 2316.894 
5 2259.183 
4 2816.189 
5 1974.836 
5 3109.540 
5 2311.033 
5 2595.423 
5 2603.316 
5 2232.687 
5 2950.184 
5 2917.799 
5 2781.163 
4 2616.106 
5 3025.830 
5 2879.856 
5 2935.388 
5 2299.438 
4 2366.096 
5 2770.305 
5 2642.334 
5 2395.385 
5 3192.272 
4 2434.170 
4 2573.879 
4 2953.548 
5 2789.527 
5 2328.394 
5 2301.959 
5 3063.560 
4 2432.219 
5 4047.950 
5 2910.083 
5 2478.902 
5 3111.978 
4 3168.435 
5 2645.526 
5 2848.750 
5 2899.468 
4 1764.285 
5 3060.334 
5 2735.391 
5 2895.663 
5 2686.267 
5 2313.985 
5 2743.674 
4 3178.399 
5 2363.547 
5 2592.262 
4 1901.221 
5 2660.294 
5 2551.076 
5 2370.276 
4 3304.391 
5 1998.953 
5 3120.110 
4 2748.792 
5 2511.554 
5 4094.729 
5 3967.824 
5 3425.163 
5 3192.704 
5 2561.600 
5 2231.797 
5 2545.511 
5 2169.581 
5 2848.246 
5 2207.872 
5 2463.974 
4 2876.542 
4 2481.143 
5 2723.103 
4 2802.160 
5 2130.561 
5 3330.670 
5 2620.261 
5 2493.531 
5 2452.301 
5 2130.817 
5 2985.355 
5 2981.654 
5 3201.383 
5 2679.813 
5 2647.316 
5 2044.488 
5 2120.545 
5 2586.724 
5 2343.123 
5 2257.547 
5 2392.825 
5 2524.495 
5 2471.228 
5 3032.557 
5 2642.702 
4 2556.201 
5 2330.239 
