5 3015.903 
5 4148.061 
5 3300.311 
5 2704.358 
5 2750.599 
5 2690.697 
5 3073.136 
5 2889.972 
5 2936.872 
5 2788.174 
5 2659.308 
5 2047.890 
5 2767.333 
5 3011.464 
5 2221.295 
5 2476.811 
5 3432.199 
5 2501.695 
5 3108.117 
5 2252.211 
5 2926.979 
5 3130.048 
5 1970.150 
5 2427.482 
5 2993.052 
5 2389.958 
5 2320.566 
5 3464.447 
5 2772.516 
5 2796.333 
5 2812.364 
5 2943.997 
5 2290.180 
5 1461.595 
5 2958.674 
5 3461.931 
5 2386.938 
5 2826.002 
5 2518.105 
5 2979.566 
5 2782.184 
5 1779.414 
4 2453.772 
5 2398.937 
5 2464.577 
5 2337.410 
5 2512.352 
5 2581.366 
5 2769.011 
5 3290.328 
5 2906.503 
5 2020.362 
5 3251.236 
5 3094.190 
5 2586.464 
5 2716.009 
5 2642.322 
5 2762.295 
5 2681.402 
5 1968.655 
5 2335.636 
5 2849.206 
5 2745.442 
5 3088.679 
5 3192.238 
5 2572.262 
5 2405.232 
5 2217.237 
5 2788.531 
5 2201.356 
4 1678.979 
5 2953.760 
5 3227.302 
5 3004.753 
5 2891.154 
5 3125.745 
5 2976.405 
5 3369.123 
5 3049.130 
5 3336.432 
4 1361.322 
5 3126.090 
5 2479.321 
4 2376.346 
5 2671.860 
5 2589.954 
5 3082.674 
5 2406.117 
5 3273.666 
5 2865.194 
5 3108.097 
5 2798.153 
5 2546.962 
5 2153.916 
5 3467.388 
5 2844.958 
5 2875.638 
5 2849.810 
5 2500.998 
4 3184.056 
5 2698.698 
5 2346.454 
5 3019.816 
5 2762.773 
5 2412.656 
5 2372.045 
5 3004.560 
5 2332.350 
5 3062.052 
5 2223.627 
5 2634.088 
5 3253.127 
5 3063.189 
5 2738.280 
5 2760.611 
5 2852.865 
5 1963.444 
5 2804.467 
5 2847.812 
5 2459.053 
5 2674.804 
5 2428.353 
5 3107.461 
5 2913.348 
5 3096.640 
5 3166.230 
5 2447.179 
5 2737.634 
5 2764.273 
5 2455.587 
5 2330.025 
5 2888.170 
5 3190.096 
5 2542.897 
5 3105.709 
5 2683.150 
5 2223.695 
5 2765.615 
5 2750.351 
5 2895.610 
5 2981.464 
5 2635.394 
5 2912.785 
5 2997.165 
5 3072.937 
5 2108.149 
5 2860.872 
5 2139.937 
5 3074.772 
5 2660.993 
5 2703.875 
5 3395.655 
5 2470.423 
5 2599.723 
4 2625.781 
5 2640.123 
5 2753.082 
5 2395.137 
5 3007.745 
5 2477.676 
5 2894.854 
5 2104.406 
5 2499.657 
5 2182.288 
5 2414.103 
5 1490.237 
5 3009.557 
5 2952.605 
5 2480.762 
5 2552.470 
5 3062.566 
5 2528.998 
5 2795.324 
5 2515.013 
5 3415.823 
5 2345.524 
5 2529.378 
5 2185.863 
5 1966.711 
5 2670.478 
5 2583.230 
5 2621.368 
5 2879.315 
5 3036.430 
5 2595.645 
5 2920.844 
5 3288.448 
5 2914.517 
5 3121.821 
5 2952.927 
5 2530.375 
5 1942.889 
5 2464.043 
5 2580.178 
5 2296.713 
5 2466.262 
5 4009.027 
5 3274.262 
5 2438.984 
5 2881.905 
5 2755.753 
5 2716.265 
5 2926.825 
5 2588.723 
5 2849.262 
5 2441.604 
5 1949.910 
5 3172.375 
5 3582.126 
5 2940.194 
5 2529.608 
5 3219.207 
5 2346.908 
5 2302.272 
5 2756.080 
5 2897.182 
5 2812.320 
5 3075.461 
5 2768.879 
5 3214.449 
5 2561.786 
5 2551.042 
5 3273.191 
5 2360.748 
5 2308.116 
5 3117.371 
5 2856.001 
5 3064.025 
5 2260.917 
5 1326.969 
5 2737.241 
5 2197.906 
5 2754.659 
5 3009.238 
5 3268.360 
5 3259.721 
5 2054.510 
5 2851.390 
5 3104.868 
5 3134.660 
5 2609.174 
5 2729.228 
5 2329.311 
5 2547.542 
5 2587.733 
5 3099.446 
5 2247.845 
5 3064.193 
5 3026.280 
5 3243.863 
5 3805.973 
5 3100.066 
5 3027.479 
5 2300.597 
5 2732.747 
5 2976.360 
5 2685.705 
5 3033.782 
5 2915.592 
5 2528.281 
5 2044.333 
5 2808.712 
5 2333.872 
5 3430.496 
5 2157.846 
5 2837.145 
5 3085.355 
5 3040.840 
5 2980.486 
5 3102.998 
5 2672.692 
5 2624.028 
5 2526.333 
5 3229.844 
5 2276.164 
5 3240.931 
5 2755.905 
5 2486.244 
5 2314.603 
5 2570.026 
5 2310.256 
5 2679.585 
5 2526.199 
5 2239.884 
5 2785.753 
5 2784.570 
5 2838.141 
5 2057.326 
5 2559.709 
5 3015.039 
5 2929.479 
5 2655.384 
5 2451.900 
5 2451.548 
5 2527.803 
5 2458.006 
5 3036.329 
5 3302.908 
5 2816.994 
5 2142.707 
5 2848.991 
5 2406.719 
5 2816.227 
5 2662.507 
5 3353.567 
5 3452.542 
5 3235.318 
5 3050.041 
5 2778.990 
5 3309.751 
5 2856.355 
5 2707.979 
5 3122.098 
5 2513.241 
5 2807.027 
5 2412.716 
5 2521.111 
5 2770.213 
5 2258.510 
5 3069.045 
5 3102.142 
5 2844.376 
5 2846.305 
5 2871.696 
5 3051.313 
5 2940.675 
5 3112.450 
5 3013.611 
5 2486.942 
5 3009.100 
5 2532.021 
5 2283.831 
5 2951.716 
5 3774.993 
5 2773.205 
5 3148.409 
5 3747.043 
5 2477.778 
5 2536.821 
5 2896.569 
5 2106.779 
5 2702.402 
5 3139.738 
5 3115.620 
5 3002.696 
5 2754.347 
4 3416.235 
5 2641.712 
5 2924.768 
5 2269.135 
5 3014.570 
5 1925.448 
5 3340.201 
5 2934.757 
5 2942.048 
5 2797.846 
5 4526.763 
5 2932.901 
5 2951.918 
5 2642.150 
5 2513.261 
5 2651.404 
5 2784.166 
5 2845.608 
5 2717.646 
5 3427.826 
5 2736.787 
5 2694.632 
5 3266.734 
5 3451.992 
5 2821.442 
5 2703.747 
5 2702.673 
5 3313.241 
5 2475.321 
5 2813.694 
5 2592.207 
5 2907.211 
5 2763.097 
5 3019.477 
5 2638.778 
5 1251.200 
5 3091.539 
5 2436.624 
5 3109.791 
5 3035.495 
5 2325.905 
5 2979.856 
5 3620.633 
5 2532.602 
5 2837.364 
5 3290.069 
5 2437.233 
5 2046.154 
5 2792.665 
5 3169.248 
5 3034.186 
5 2722.004 
5 2781.240 
5 2598.617 
5 3244.750 
5 2540.648 
5 3493.147 
5 2629.388 
5 2982.338 
5 2590.122 
5 2977.529 
5 3110.145 
5 3139.825 
5 3220.024 
5 2961.112 
5 2482.367 
5 2095.789 
5 2592.724 
5 2456.104 
5 2695.647 
5 3206.208 
5 3032.479 
5 3707.774 
5 2456.274 
5 2500.256 
5 2398.295 
5 2875.274 
5 2748.273 
5 2468.937 
5 3700.372 
5 2272.764 
5 2820.664 
5 2326.554 
5 2738.252 
5 2715.471 
5 2368.581 
5 3134.569 
5 2954.995 
5 2299.943 
5 3057.907 
5 2678.096 
5 2470.510 
5 2343.312 
5 2499.630 
5 3022.589 
5 2848.478 
5 2733.850 
5 2740.899 
5 2892.083 
5 2232.712 
5 2911.875 
5 3221.933 
5 3548.834 
5 2969.891 
5 3217.775 
5 2225.768 
5 2565.325 
5 2765.463 
5 2439.492 
5 2548.909 
5 2441.032 
5 2836.158 
5 2037.575 
5 2010.433 
5 2057.161 
5 3106.554 
4 2059.836 
5 3202.167 
5 2774.829 
5 2800.522 
5 2932.309 
5 2883.309 
5 3042.749 
5 2440.278 
5 2793.620 
5 2603.101 
5 3090.510 
5 2414.185 
5 2163.913 
5 2947.427 
5 2387.761 
5 2276.141 
5 2722.055 
5 2640.673 
5 2344.770 
5 2468.077 
5 3048.375 
5 2551.330 
5 2459.053 
5 1824.997 
5 2655.783 
5 2900.325 
5 2416.327 
5 2344.628 
5 3712.310 
5 4250.480 
5 2779.729 
5 2582.774 
5 2629.238 
5 2759.472 
5 3076.754 
5 3491.177 
5 2975.082 
5 2793.907 
5 2783.794 
5 3173.001 
5 3021.158 
5 3040.208 
5 2499.573 
5 2949.415 
5 2525.021 
5 2806.222 
5 3015.073 
5 2726.318 
5 3643.648 
5 2842.318 
5 2747.965 
5 2406.044 
5 1955.452 
5 2801.526 
5 2729.689 
5 2322.283 
5 2930.552 
5 2888.857 
5 2473.022 
5 2973.241 
5 2942.111 
5 2869.399 
5 2802.855 
5 2646.771 
5 2724.136 
5 2511.053 
5 2776.874 
5 3065.535 
5 2496.565 
5 2104.785 
5 2630.264 
5 2692.913 
5 3310.180 
5 2930.902 
5 3181.843 
5 2345.677 
5 2857.943 
5 2967.639 
5 3156.005 
5 2545.915 
5 2589.908 
5 3468.592 
5 2173.322 
5 2730.047 
5 2406.873 
5 2043.293 
5 2414.605 
5 2534.694 
5 3125.254 
5 3550.690 
5 2775.485 
5 2993.846 
5 2619.064 
5 2871.292 
5 2894.802 
5 2454.260 
5 3469.543 
5 2532.099 
5 2549.441 
5 2790.607 
5 3417.346 
5 2554.885 
5 2547.510 
5 2573.106 
5 2426.060 
5 2007.274 
5 2317.491 
5 2712.700 
5 3070.487 
5 2672.397 
5 2567.781 
5 2450.017 
5 3302.973 
5 3264.916 
5 3327.983 
5 2963.222 
5 3124.897 
5 2981.210 
5 2883.931 
5 2723.640 
5 3291.588 
5 3165.029 
5 2966.642 
5 3129.444 
5 2702.096 
5 2414.011 
5 2249.174 
5 2782.444 
5 3458.380 
5 3206.617 
5 2325.703 
5 2440.710 
5 3362.120 
5 2345.861 
5 2908.270 
5 2496.531 
5 2478.198 
5 3006.545 
5 2748.439 
5 3059.935 
5 2798.090 
5 2855.654 
5 3347.760 
5 3937.182 
5 3339.667 
5 2724.588 
5 2183.644 
5 2339.876 
5 2638.163 
5 2520.117 
5 2907.488 
5 2930.438 
5 2296.931 
5 1961.154 
5 2498.710 
5 2765.153 
5 2902.742 
5 2641.474 
5 2448.803 
5 2614.590 
5 3236.105 
5 2926.598 
5 1782.831 
5 3435.210 
5 1925.754 
5 2354.015 
5 2777.864 
4 2304.292 
5 3126.317 
5 2899.630 
5 2750.416 
5 2981.750 
5 2375.019 
5 1481.452 
5 1947.011 
5 2108.779 
5 2812.258 
5 2866.107 
5 2690.374 
5 2731.336 
5 3089.899 
5 2354.580 
5 2571.090 
5 3155.661 
5 3267.945 
5 2658.875 
5 2375.078 
5 2919.110 
5 3050.837 
5 2468.530 
5 2637.923 
5 2157.973 
5 2546.180 
5 2553.400 
5 2360.342 
5 2941.984 
5 2678.744 
5 2894.769 
5 2800.460 
5 3207.169 
5 2727.142 
5 2910.384 
5 2190.878 
5 2788.547 
5 2696.010 
5 2536.342 
5 2796.829 
5 2559.669 
5 4160.970 
5 2828.047 
5 3332.045 
5 2705.854 
5 2031.659 
5 2920.913 
5 2612.170 
5 3031.726 
5 2770.280 
5 2891.594 
5 2556.293 
5 2869.715 
5 2372.844 
5 3161.336 
5 2407.059 
5 2544.759 
5 2916.512 
5 2236.286 
5 2590.836 
5 2438.214 
5 2745.904 
5 2524.454 
5 2110.089 
5 2022.947 
5 2442.078 
5 2532.531 
5 3131.082 
5 2727.792 
5 3151.837 
5 2713.710 
5 2746.718 
5 2577.316 
5 2675.943 
5 2189.509 
5 3323.576 
5 3040.391 
5 2812.460 
5 2696.125 
5 2802.635 
5 2489.931 
5 3206.732 
5 2781.547 
5 3090.536 
5 2751.838 
5 2376.341 
5 2774.335 
5 3084.399 
5 2129.047 
5 3108.413 
5 2262.729 
5 2760.779 
5 2907.099 
5 3041.047 
5 2542.779 
5 2519.296 
5 2412.574 
5 2271.433 
5 2701.960 
5 2868.621 
5 2229.066 
5 3723.430 
5 3107.499 
5 2438.690 
5 2572.241 
5 2164.355 
5 2784.370 
5 2878.733 
5 2940.450 
5 2966.724 
5 2734.916 
5 2448.351 
5 3135.836 
5 1852.174 
5 2253.678 
5 2815.800 
5 2640.965 
5 2853.913 
5 3339.262 
5 2716.111 
5 3093.347 
5 2810.928 
5 2365.639 
5 2660.538 
5 2721.164 
5 3558.454 
5 2330.550 
5 2145.124 
5 2947.019 
5 2919.954 
5 3749.365 
5 2407.081 
5 2237.674 
5 2649.159 
5 2566.698 
5 2611.521 
5 3703.529 
5 2982.495 
4 3832.146 
5 2149.059 
5 2528.900 
5 2742.561 
5 2739.623 
5 2960.332 
5 2442.271 
5 2609.752 
5 2570.860 
5 3726.570 
5 3010.913 
5 2870.069 
5 2591.064 
5 2895.106 
5 2600.525 
5 3176.708 
5 2307.812 
5 2565.382 
5 2150.386 
5 3444.999 
5 2968.616 
5 3632.214 
5 2799.343 
5 2470.112 
4 2708.956 
5 1924.633 
5 3232.822 
5 2746.441 
5 2370.536 
4 2445.075 
5 2650.463 
5 1746.060 
5 2148.798 
5 1736.318 
5 3263.117 
5 1711.450 
5 2430.040 
4 2896.457 
5 2880.245 
5 2467.513 
5 2754.879 
5 3142.412 
5 2461.071 
5 2824.463 
5 3179.428 
4 2236.437 
5 2789.816 
5 3138.812 
5 1984.257 
5 2691.356 
5 2880.289 
5 2539.201 
5 2637.522 
5 2336.333 
5 2258.201 
5 2579.123 
5 3145.566 
5 2975.208 
5 2751.996 
5 2527.029 
5 2509.564 
5 2423.462 
5 2048.730 
5 2211.629 
5 2994.007 
5 2352.324 
5 2607.006 
5 2975.963 
5 3133.921 
5 1824.139 
5 2085.786 
5 2798.283 
5 2014.808 
5 2816.136 
5 2560.831 
5 2086.521 
5 2950.504 
5 2214.631 
5 2647.775 
5 3163.765 
5 3019.943 
5 2577.814 
5 2243.625 
5 2774.103 
5 2426.311 
5 2474.334 
5 2770.428 
5 2642.789 
5 2249.103 
5 2994.893 
5 2977.620 
5 2429.517 
5 2522.360 
5 3492.719 
5 3525.848 
5 2732.771 
5 2662.297 
5 3031.479 
5 3030.958 
5 2494.053 
5 2730.272 
5 1987.439 
5 3103.262 
5 3118.342 
5 2171.412 
5 2053.439 
5 3109.417 
5 2473.000 
5 2973.098 
5 2198.842 
5 3245.470 
5 2289.782 
5 2927.334 
5 3043.377 
5 2504.458 
5 2791.033 
5 1600.137 
5 2722.282 
5 3146.746 
5 2769.885 
5 2429.295 
5 2505.263 
5 2298.833 
5 2238.665 
5 2819.615 
4 2446.901 
5 2943.994 
5 3273.944 
5 2327.852 
5 2645.658 
5 2956.722 
5 2620.013 
4 2057.402 
5 2822.395 
5 2215.932 
5 2510.049 
5 3085.075 
5 2278.043 
5 2739.271 
5 2928.730 
5 2239.562 
5 3361.285 
5 2901.520 
5 2805.931 
5 3055.881 
5 2739.881 
5 3653.420 
5 3254.581 
5 2422.020 
5 2857.013 
5 2766.544 
5 2763.108 
5 2828.771 
4 1922.302 
5 2641.474 
5 3131.232 
5 3033.116 
5 2297.619 
5 2047.832 
5 3439.674 
5 2126.062 
5 2586.872 
5 1515.642 
5 2187.707 
5 2567.325 
5 2179.202 
5 2906.384 
5 2989.806 
5 2783.284 
5 3479.647 
5 2691.959 
5 2713.428 
5 2487.412 
5 3298.875 
5 2385.166 
5 2549.909 
5 2677.552 
5 3101.412 
5 2326.802 
5 3174.437 
5 2715.740 
5 2520.280 
5 2534.132 
5 2692.408 
5 2985.995 
5 2730.210 
5 2679.490 
5 2773.063 
5 3279.332 
5 2633.460 
5 2830.397 
5 2798.529 
5 2996.026 
5 3129.666 
5 2485.861 
5 3470.613 
5 2633.275 
5 2779.432 
5 3085.399 
5 2951.679 
5 2546.526 
4 3137.540 
5 2644.737 
5 3086.904 
5 3057.631 
5 2015.989 
5 2349.191 
5 3432.234 
5 2791.159 
5 3077.129 
5 2454.807 
5 2354.766 
5 3364.597 
5 3004.752 
5 2920.125 
5 2442.861 
5 2602.368 
5 3466.393 
5 2741.201 
5 2527.882 
5 3037.085 
5 2924.386 
5 3208.385 
5 2540.965 
5 2912.875 
5 2363.928 
5 3064.191 
5 3193.836 
5 2945.335 
5 2873.979 
5 2524.878 
5 2461.500 
5 1990.972 
5 2646.365 
5 3115.314 
5 2298.241 
5 3013.721 
5 3203.666 
5 2635.023 
5 2171.378 
5 3125.853 
5 2438.302 
5 2957.016 
5 2866.560 
5 3028.369 
5 2071.471 
5 2727.015 
5 2578.528 
5 2999.041 
5 2774.291 
5 3347.679 
4 2677.448 
5 2962.002 
5 2695.574 
5 2544.517 
5 2655.083 
5 2591.329 
5 2859.248 
5 2944.106 
5 2322.497 
5 2547.898 
5 2716.373 
5 2279.982 
5 2711.412 
5 3065.121 
5 2741.680 
5 3325.535 
5 2997.085 
5 2561.212 
5 2606.131 
5 2427.557 
5 2536.088 
5 2552.500 
5 2695.688 
5 3317.577 
5 2454.997 
5 2977.748 
4 3303.090 
5 2028.208 
5 3315.250 
5 3057.257 
5 2404.538 
5 2610.794 
5 2340.341 
5 2502.228 
5 3250.791 
5 2900.982 
5 3853.470 
5 2635.363 
5 2221.675 
5 2239.070 
5 3316.764 
5 2343.245 
5 2337.741 
5 2144.218 
5 2357.220 
5 2576.615 
5 2689.877 
5 2646.883 
5 2452.390 
5 2589.428 
5 3065.163 
5 2837.280 
5 2633.773 
5 2685.209 
5 3742.746 
5 3224.834 
5 3414.693 
5 3062.669 
5 2787.229 
5 2664.287 
5 2367.604 
5 3155.573 
5 2502.863 
5 3067.630 
5 2334.472 
5 2564.907 
5 2652.660 
5 2849.596 
5 2652.312 
5 2235.909 
5 2852.056 
5 3063.042 
5 3166.437 
5 2320.509 
4 2492.453 
5 2540.027 
5 3257.407 
5 2748.067 
5 2326.802 
5 1841.888 
5 2979.001 
5 2824.540 
5 2800.661 
4 2782.712 
5 2812.303 
5 2470.831 
5 2984.138 
5 2352.183 
5 3054.943 
5 3261.884 
5 2481.056 
5 2206.411 
5 3031.207 
5 2372.644 
5 2826.148 
5 2351.076 
5 2801.403 
5 2679.506 
5 2345.631 
5 3625.177 
5 3065.385 
5 2705.139 
5 2920.915 
5 1930.893 
5 3133.172 
4 2993.748 
5 3030.366 
5 2688.080 
5 3132.905 
5 2341.428 
5 2988.760 
5 2766.011 
5 3553.555 
5 2512.243 
5 2494.600 
5 2706.850 
5 2381.624 
5 2670.345 
5 2645.121 
4 2087.423 
5 2843.091 
5 3224.411 
5 3206.173 
5 2345.170 
5 2690.649 
5 2826.635 
5 2902.107 
5 2784.224 
5 2843.108 
5 2592.562 
5 3055.283 
5 2470.993 
5 2943.346 
5 2682.648 
5 2460.534 
5 2627.699 
5 2551.495 
5 2688.070 
5 3122.760 
5 2916.407 
5 2821.331 
5 1769.745 
5 2075.163 
5 2656.215 
5 2386.604 
5 2889.860 
5 3313.087 
5 2248.379 
5 2366.894 
5 2308.422 
5 2306.274 
5 2586.319 
5 2177.439 
5 2566.269 
5 2491.011 
5 2267.068 
5 2215.670 
5 2574.771 
5 2006.729 
5 2431.287 
5 2736.932 
5 2737.308 
5 2646.478 
5 2640.561 
5 2728.226 
5 2461.836 
5 2842.898 
5 1985.770 
5 3190.282 
5 3106.056 
5 1878.963 
5 2512.832 
5 2635.830 
5 1864.187 
5 2564.657 
5 2494.513 
5 3245.084 
5 2506.846 
5 2922.954 
5 2407.907 
5 2660.606 
4 2734.031 
5 2825.028 
5 2691.890 
5 2569.425 
5 3032.020 
5 3014.171 
5 2038.973 
5 2509.730 
5 3039.646 
5 2624.751 
5 2607.712 
5 2271.800 
5 2582.200 
5 2724.378 
5 2417.398 
5 2623.921 
5 2745.102 
5 2767.085 
5 3232.495 
5 2298.003 
5 2432.042 
4 2313.149 
5 2784.264 
5 3083.918 
5 2570.101 
5 2445.423 
5 2381.952 
5 2575.404 
5 2421.591 
5 2803.217 
5 3033.467 
5 3202.456 
5 2921.628 
5 2867.397 
5 3390.700 
5 2765.377 
5 2849.589 
5 2670.753 
5 2517.546 
5 3047.405 
5 2536.471 
5 2953.177 
5 3505.829 
5 3111.922 
5 2715.463 
5 3031.960 
5 2744.525 
5 2561.715 
5 3396.710 
5 2196.407 
5 2560.343 
5 3114.350 
5 3969.125 
5 2531.167 
5 2580.147 
5 2480.445 
5 2911.914 
5 2883.829 
5 2928.497 
5 2697.422 
5 2647.297 
5 3113.550 
5 2293.497 
5 2648.383 
5 2672.934 
5 2501.824 
5 2467.408 
5 1677.017 
5 2185.043 
5 2871.054 
5 2315.707 
5 3213.177 
5 2659.988 
5 2791.274 
5 2553.875 
5 2734.420 
5 2580.416 
5 3001.286 
5 2471.246 
5 2425.021 
5 3057.542 
5 2653.441 
5 2145.292 
5 2725.208 
5 1936.158 
5 2674.936 
5 3126.936 
5 2776.218 
5 2894.610 
5 2531.221 
5 2850.176 
5 2651.160 
5 3102.417 
5 2301.097 
5 2569.258 
5 2355.474 
5 3611.337 
5 2709.511 
5 2462.862 
5 1982.894 
5 3044.059 
5 3188.178 
5 2319.708 
5 2777.446 
5 2276.348 
5 2633.240 
5 2986.590 
5 2923.158 
5 2360.146 
5 2289.816 
4 3676.729 
5 2737.104 
5 2772.771 
5 3204.495 
5 2955.093 
5 2924.525 
5 2440.198 
5 2781.560 
5 2652.281 
5 2915.320 
5 2266.165 
5 3584.167 
5 2737.097 
5 3355.486 
5 3655.759 
5 2346.061 
5 2773.876 
5 2519.656 
5 3015.222 
5 2793.004 
5 2097.870 
4 2659.621 
5 2983.131 
5 2029.418 
4 2628.090 
5 2483.371 
5 2723.839 
5 3334.312 
5 2499.552 
5 3267.348 
5 2688.375 
5 3058.285 
5 2296.828 
5 2577.266 
5 2754.124 
5 2639.462 
5 2470.580 
5 2164.718 
5 3636.910 
5 2957.730 
5 2761.410 
5 2728.643 
5 2206.115 
5 2925.966 
4 2924.244 
5 2438.196 
5 3094.642 
5 2718.827 
5 2848.060 
5 3131.764 
5 2974.278 
5 1979.284 
5 2665.869 
5 3141.809 
5 3096.602 
5 2662.011 
5 3153.638 
5 1903.422 
5 2735.179 
4 3836.441 
5 2557.668 
5 3061.850 
5 2812.583 
5 2672.465 
5 3244.705 
5 2834.022 
5 2888.694 
5 2431.070 
5 3072.823 
5 2227.434 
5 2469.605 
5 3040.573 
5 2233.364 
5 2490.519 
5 3571.073 
5 2696.520 
5 2802.523 
5 2562.325 
5 3905.625 
5 3070.069 
5 2702.306 
5 2727.149 
5 2990.797 
5 3151.412 
5 3345.766 
5 2790.770 
5 2124.686 
5 2711.772 
5 2559.383 
5 2227.973 
5 2524.826 
5 2432.783 
5 3241.373 
5 2560.041 
5 2344.554 
5 2694.183 
5 1947.324 
4 2229.252 
5 3130.720 
5 3370.858 
5 2787.665 
5 3264.337 
5 2419.599 
5 3165.976 
5 2765.861 
4 1570.734 
5 3307.939 
5 2066.263 
5 3136.423 
5 2726.221 
5 2378.344 
5 2832.577 
5 2795.652 
5 2421.843 
5 2741.279 
5 3051.387 
5 2987.314 
4 2919.135 
5 3181.987 
5 2413.696 
5 3704.450 
5 2744.858 
5 2451.787 
5 2590.655 
5 2429.912 
5 2831.095 
5 2338.905 
5 3557.651 
5 2981.313 
5 1911.897 
5 3189.421 
5 2935.458 
5 2597.275 
5 2858.644 
5 3209.030 
5 3262.020 
5 2194.462 
5 2688.719 
5 2518.010 
5 2630.478 
4 3087.448 
5 2544.995 
5 2829.397 
5 2880.654 
5 3008.318 
5 3075.574 
5 2788.439 
5 2545.287 
5 2814.746 
5 2469.595 
5 3230.856 
5 2698.163 
5 3199.598 
5 2876.940 
5 2753.926 
5 2798.457 
5 2690.152 
5 2821.418 
5 3163.951 
5 2664.264 
5 2833.736 
5 2654.067 
5 2705.251 
5 3262.696 
5 2938.822 
5 2438.381 
5 2727.832 
5 3454.092 
5 3214.702 
5 2725.134 
5 2643.958 
5 2811.408 
5 3147.554 
5 2798.003 
5 2825.871 
5 2499.400 
5 2167.785 
5 1591.334 
5 2475.015 
5 2516.205 
5 3107.483 
5 2498.009 
5 2878.301 
5 2376.766 
5 2734.906 
5 2379.367 
5 3272.198 
5 2757.886 
5 2347.183 
5 2975.073 
5 2883.009 
5 2007.453 
5 2852.958 
5 2654.984 
5 2922.112 
5 2892.565 
5 3114.749 
5 2839.260 
5 2930.694 
5 2805.926 
5 2803.095 
5 2278.308 
5 3125.661 
5 3105.830 
5 2557.625 
5 2415.324 
5 2741.855 
5 2682.320 
5 2739.772 
5 2673.870 
5 3244.925 
5 2720.448 
5 2454.905 
5 2875.082 
5 2344.694 
5 3119.595 
5 2526.614 
5 3082.152 
5 2777.055 
5 2759.906 
5 2765.168 
5 2698.019 
5 2770.099 
5 2570.259 
5 3141.687 
5 2388.925 
5 2900.751 
5 2355.712 
4 2191.388 
5 2768.635 
5 2858.163 
5 2894.951 
5 3241.230 
5 2577.934 
5 2972.510 
5 2829.578 
5 2527.186 
5 3918.175 
5 2541.700 
5 2799.827 
5 2792.160 
5 2447.889 
5 2807.219 
5 3248.561 
5 2565.888 
5 2927.048 
5 3035.145 
5 2806.932 
5 3262.798 
5 2379.750 
4 2342.678 
5 2645.186 
5 2900.836 
5 2241.198 
5 2453.023 
5 2700.229 
5 3326.345 
5 2704.980 
5 2812.739 
5 2753.035 
5 1842.585 
5 2591.481 
5 3086.954 
5 2933.361 
5 2489.436 
5 2885.097 
4 2436.693 
5 2786.255 
5 2356.954 
4 2761.334 
5 2790.372 
5 2736.813 
5 2880.500 
5 3007.821 
5 2264.084 
5 2712.505 
5 2902.180 
5 2742.940 
5 3076.447 
5 2643.795 
5 1777.689 
5 2563.809 
5 2873.465 
5 3493.804 
5 2295.948 
5 2203.335 
5 3065.138 
5 2758.751 
5 2691.303 
5 2666.977 
5 2632.469 
5 3184.875 
5 2477.929 
5 3466.059 
5 2219.018 
5 3388.950 
4 2425.367 
5 2186.213 
5 2670.361 
5 2576.187 
5 2844.852 
5 3114.872 
5 2582.327 
4 2663.494 
5 2184.366 
5 2920.918 
5 2876.072 
5 2824.376 
5 2376.221 
5 2669.127 
5 2545.781 
5 3700.228 
5 2288.752 
5 3133.676 
5 2859.569 
5 3019.409 
4 3230.124 
5 2971.111 
5 2891.233 
5 3261.606 
5 3413.003 
5 2683.795 
5 2308.649 
5 3447.044 
5 2991.676 
5 2310.630 
5 2132.660 
5 3233.985 
5 3200.399 
5 2583.283 
5 2777.687 
5 3054.273 
5 2548.894 
5 2261.090 
5 2093.406 
5 2677.885 
5 2680.878 
5 2677.449 
5 2818.027 
5 2059.237 
4 2958.256 
5 2952.216 
5 3026.699 
5 3368.427 
5 2669.554 
5 2317.494 
5 2722.492 
5 2400.170 
5 3127.838 
5 3163.788 
5 2757.126 
5 2765.895 
5 2433.797 
5 2661.536 
5 2947.419 
5 2791.915 
5 2897.129 
5 2435.732 
5 3097.435 
5 2688.786 
5 3056.048 
5 3106.331 
5 2775.225 
5 3198.823 
5 2271.490 
5 2809.140 
5 3039.550 
5 2832.637 
5 2274.210 
5 2817.042 
5 2854.874 
5 3281.883 
5 3289.795 
4 2775.236 
5 4146.075 
5 2833.516 
5 2179.032 
5 2529.661 
5 2678.334 
5 2077.491 
5 3091.770 
5 2910.195 
5 2556.427 
5 3408.770 
5 2497.424 
5 2527.698 
5 2373.928 
5 2564.328 
5 3491.367 
5 2617.380 
5 2828.138 
5 2743.414 
5 2835.401 
5 2953.181 
5 2367.425 
5 3161.627 
5 3256.464 
5 3196.318 
5 3098.752 
5 3169.568 
5 2799.585 
5 2561.927 
5 1933.101 
5 2839.250 
5 3013.519 
5 2532.699 
5 3297.471 
5 2887.142 
5 1946.162 
5 3016.053 
5 2725.167 
5 2996.681 
5 2364.579 
5 3309.143 
5 2781.393 
5 2812.145 
5 2406.880 
5 2751.718 
5 2740.687 
5 2666.438 
5 2985.755 
5 2880.310 
5 2256.550 
5 2300.605 
5 2344.547 
5 3430.911 
5 2813.554 
5 2859.876 
5 2750.286 
5 3157.074 
5 2531.496 
5 2593.812 
5 3362.483 
5 3324.875 
5 2915.447 
5 2343.740 
5 2493.972 
5 2337.657 
5 2977.147 
5 2481.039 
5 2527.897 
5 2864.630 
5 2724.207 
5 3672.373 
5 2938.581 
5 2754.966 
5 3224.258 
5 2198.298 
5 2868.281 
5 3208.480 
5 2481.230 
5 2927.465 
5 3297.367 
5 2576.624 
5 3024.378 
5 2487.425 
5 2874.293 
5 3034.149 
5 2451.629 
5 2067.101 
5 2463.645 
5 2783.102 
5 2874.369 
5 3255.855 
5 3366.012 
5 3010.846 
5 2535.926 
5 2933.966 
5 2035.622 
5 2548.290 
5 3058.344 
5 2183.088 
5 3059.837 
5 3040.240 
5 1872.546 
5 2773.111 
5 2686.295 
5 2105.417 
5 2078.236 
5 2947.739 
5 3311.036 
5 2657.981 
5 3137.007 
5 1787.901 
5 2702.396 
5 2676.145 
5 2796.862 
5 2909.303 
5 3464.662 
5 2202.874 
5 2330.521 
5 2642.344 
5 2176.790 
5 2391.430 
5 2477.704 
5 2484.470 
5 3230.873 
5 2576.370 
5 2890.698 
5 2786.687 
5 2256.741 
5 2412.963 
5 2325.275 
5 2594.154 
5 3035.105 
5 3271.451 
5 2648.871 
5 2252.521 
5 3342.719 
4 2200.563 
5 3067.531 
5 3083.926 
5 3153.504 
5 2495.411 
5 3161.581 
5 2588.133 
5 2662.117 
5 2763.974 
5 2738.593 
5 3032.966 
5 2979.485 
5 3114.784 
5 2889.952 
5 2531.444 
5 2790.069 
5 2676.255 
5 2557.079 
5 2905.959 
5 2802.084 
5 2965.909 
5 2393.545 
5 3080.606 
4 2955.376 
5 2904.930 
5 2995.883 
5 3304.659 
5 3013.992 
5 2898.946 
5 3302.753 
5 2670.713 
5 2424.931 
5 3371.819 
5 2036.292 
5 2793.292 
5 2151.513 
5 2686.367 
5 2431.593 
5 3109.025 
5 2905.588 
5 3196.693 
5 3113.853 
5 1894.148 
5 3372.685 
5 3211.724 
5 2354.782 
5 2376.419 
5 1924.156 
5 2996.233 
5 2587.820 
5 2611.073 
5 2444.586 
5 3240.285 
5 2238.376 
5 2572.887 
5 2481.949 
5 2580.808 
5 3194.358 
5 2829.427 
5 2857.354 
5 2800.600 
5 2541.901 
5 2447.585 
5 2434.252 
5 2755.962 
5 2635.132 
5 2398.285 
5 3022.648 
5 2104.782 
5 2411.408 
5 2782.157 
5 2962.941 
5 2817.215 
5 1712.065 
5 1828.642 
5 2613.917 
5 2919.387 
5 2264.346 
5 3207.823 
4 3771.792 
5 2645.521 
5 2689.160 
5 2886.946 
5 2659.017 
5 2929.830 
5 3288.914 
5 2277.524 
5 2539.830 
5 2794.532 
5 2698.060 
4 1881.004 
5 2765.221 
5 2627.894 
5 2702.196 
5 2890.990 
5 3182.469 
5 2660.475 
5 2217.388 
5 3269.628 
5 2488.305 
5 2361.321 
5 2728.688 
5 3147.780 
5 2231.927 
5 2423.489 
5 2503.962 
5 2884.953 
5 3359.172 
4 2852.643 
5 3362.391 
5 3201.331 
5 2224.588 
5 3253.267 
5 2661.174 
5 2758.966 
5 3035.927 
5 3378.238 
5 2808.340 
5 2576.260 
5 2697.602 
5 2833.194 
5 2828.185 
5 2147.394 
5 2662.455 
5 3014.024 
4 2862.602 
5 2818.380 
5 2633.607 
5 2795.677 
5 3131.072 
5 2725.924 
5 2312.231 
5 3023.181 
5 3305.252 
5 2760.349 
5 2371.446 
5 1859.790 
5 3002.553 
5 2785.633 
5 2440.476 
5 2926.229 
5 2924.436 
4 2046.488 
5 2559.045 
5 2463.069 
5 2873.455 
5 3035.284 
5 2738.474 
5 2913.936 
5 2544.122 
4 2658.674 
5 2825.695 
5 3382.202 
5 2242.695 
5 2234.268 
5 3270.288 
5 2723.579 
5 2328.528 
5 2213.842 
5 2901.816 
5 3313.648 
5 2878.367 
5 2741.740 
5 2399.156 
5 2431.749 
5 2818.577 
5 2619.915 
5 2599.051 
5 2146.664 
5 2919.997 
5 2511.017 
5 2560.933 
5 2731.612 
5 2639.580 
5 2290.323 
5 2001.227 
5 2539.048 
5 2430.908 
5 2966.017 
5 3159.812 
5 2427.693 
5 2641.165 
5 3276.302 
5 2602.164 
5 2477.173 
5 2770.789 
5 2503.689 
5 2471.238 
5 2988.281 
5 2221.076 
5 2267.546 
5 2375.511 
5 3103.315 
5 2608.401 
5 3048.203 
5 2755.335 
5 2491.906 
5 2634.729 
5 3148.836 
5 2624.071 
5 3430.646 
5 2897.566 
5 2681.981 
5 2710.577 
5 2681.566 
5 2378.610 
5 2895.002 
5 2924.098 
5 2348.215 
5 2339.137 
5 2354.128 
5 3117.044 
5 2830.840 
5 2446.781 
5 2884.599 
5 2775.617 
5 3059.357 
5 2292.750 
5 2751.448 
5 3077.003 
5 3279.286 
5 2569.336 
5 2802.426 
5 2820.330 
5 2837.867 
5 2641.896 
5 2627.322 
5 2052.412 
5 3092.708 
5 2996.523 
5 2575.605 
5 3044.729 
5 3167.655 
5 2900.307 
5 2242.065 
5 2313.012 
5 2583.847 
5 3136.047 
5 2697.915 
5 3195.983 
5 3127.306 
5 2229.320 
5 3211.432 
5 2934.005 
5 3010.449 
5 2532.365 
5 3042.166 
5 2971.919 
5 2615.432 
5 3597.020 
5 2945.441 
5 3163.656 
5 3114.127 
5 2715.077 
5 2478.003 
5 2749.796 
5 3201.694 
5 2258.986 
5 2681.428 
5 2559.944 
5 2984.184 
5 2291.170 
5 2762.862 
5 2790.233 
5 2557.694 
5 2861.275 
5 3257.890 
5 2868.501 
5 2423.851 
5 2581.845 
5 2825.040 
5 2700.290 
5 3782.677 
5 2694.413 
5 2813.063 
5 3056.425 
5 2387.391 
5 2671.310 
5 3001.888 
5 2460.590 
5 2085.562 
5 2742.541 
5 2341.516 
5 3326.759 
5 2429.347 
5 1643.754 
5 2333.768 
5 2158.162 
5 2555.255 
5 3562.723 
5 2590.784 
5 2841.592 
5 2979.806 
5 3093.644 
5 2840.095 
5 3047.894 
5 3037.376 
5 2595.676 
5 2420.426 
5 2637.769 
5 3124.651 
5 2772.952 
5 2874.574 
5 2997.603 
5 2764.592 
5 2649.185 
5 2333.593 
5 2707.324 
5 3483.779 
5 3077.786 
4 2907.461 
5 3181.419 
5 2646.292 
5 2589.264 
5 3096.126 
5 2176.065 
5 3034.481 
5 2771.367 
5 2913.083 
5 2721.138 
5 2263.181 
5 3241.056 
5 2319.546 
5 3186.117 
5 3559.164 
5 3161.568 
5 2629.846 
5 3250.132 
4 2274.093 
5 2741.411 
5 3490.812 
5 3046.103 
5 2591.496 
5 2440.291 
5 2823.165 
5 2927.518 
5 2435.927 
5 2162.480 
5 2500.238 
5 2052.589 
5 3275.033 
5 2841.579 
5 2632.117 
5 3096.320 
5 2462.184 
5 2452.840 
5 2449.592 
5 2464.906 
5 3236.942 
5 2699.152 
5 2576.047 
5 2639.252 
5 2844.071 
5 3073.797 
5 2703.126 
5 2894.230 
5 3561.065 
5 2837.728 
5 3309.206 
5 3082.004 
5 2225.645 
5 3760.556 
5 2489.629 
5 2949.496 
5 2665.655 
5 3153.787 
5 2538.006 
5 3002.964 
5 2975.074 
5 2828.104 
5 1955.486 
5 1875.982 
5 2943.052 
5 2853.797 
5 3287.491 
5 2638.727 
5 2850.821 
5 2617.163 
5 2443.549 
5 2583.697 
5 3051.236 
5 2766.291 
5 2437.521 
5 2999.309 
5 2476.433 
5 3156.163 
5 2598.517 
5 3019.705 
4 2587.136 
5 2672.744 
5 3107.844 
5 2438.924 
5 2610.713 
5 2591.583 
5 2724.948 
5 2747.662 
5 2706.720 
4 3181.867 
5 3351.990 
5 2118.497 
5 3291.373 
5 2502.348 
5 3538.152 
5 2224.148 
5 2797.261 
5 2763.768 
5 3117.502 
5 3081.090 
5 3434.480 
5 2632.159 
5 3000.204 
5 2515.728 
5 2927.657 
5 2742.272 
5 2138.290 
5 2405.071 
5 2499.862 
5 2735.735 
5 2999.142 
5 2850.422 
5 2855.387 
5 2526.260 
5 2755.477 
5 2179.360 
5 2828.262 
5 2813.688 
5 2794.060 
5 2772.670 
5 3180.337 
5 2382.467 
5 2864.812 
5 2610.607 
5 2995.385 
5 3025.209 
5 2723.301 
5 1992.454 
5 3587.973 
5 2427.111 
5 3064.075 
5 3158.970 
5 2024.224 
5 2627.985 
5 2759.006 
5 3303.908 
5 2665.409 
5 3489.215 
5 3431.825 
5 2086.710 
5 2973.941 
5 2469.637 
5 3131.837 
5 2841.662 
5 2533.831 
5 2722.120 
5 3159.449 
5 2422.543 
5 1891.425 
5 2682.406 
5 2471.953 
5 3079.181 
5 2777.219 
5 2874.625 
5 2719.296 
5 2596.586 
5 3700.544 
5 3471.199 
5 2974.936 
5 3115.877 
5 2817.171 
5 2428.219 
5 2457.872 
5 2999.434 
5 2993.752 
5 3801.917 
5 2627.145 
5 2992.465 
5 3475.385 
5 2591.353 
5 2876.999 
5 3387.995 
5 2719.318 
5 2779.785 
5 2545.790 
5 2749.784 
4 2018.303 
5 2881.092 
5 3422.061 
5 2684.294 
4 2131.211 
4 3021.521 
5 1908.438 
5 3274.655 
5 3458.328 
5 2766.843 
5 3416.539 
5 2527.530 
5 2257.355 
5 2760.489 
5 2972.296 
5 3332.854 
5 2895.817 
5 2511.153 
5 2969.207 
5 2941.599 
5 2677.333 
4 2586.719 
5 2811.204 
5 2963.802 
5 2978.432 
5 2750.506 
5 2479.973 
5 2657.372 
5 2835.745 
5 2478.351 
5 3263.122 
5 2292.850 
5 2769.687 
5 1574.327 
5 3198.251 
5 2225.661 
5 2742.037 
5 3056.862 
5 2149.683 
5 2878.885 
4 2172.590 
5 2989.735 
5 2307.357 
5 2510.427 
5 2935.927 
5 2795.623 
5 3420.456 
5 2063.797 
5 2447.901 
5 1926.649 
5 2243.422 
5 3029.261 
5 2633.140 
5 2442.574 
5 2454.878 
5 2810.466 
5 2924.473 
5 2703.570 
5 2974.103 
5 2800.997 
5 2277.138 
5 2885.175 
5 2578.135 
5 3087.392 
5 2628.423 
5 2609.706 
5 3476.420 
5 2821.521 
5 2565.941 
5 2772.374 
5 2523.473 
5 2328.160 
5 2260.502 
5 2662.297 
5 2596.811 
5 2714.010 
5 2920.787 
5 2514.588 
5 2653.285 
5 3047.915 
5 2466.000 
5 2796.134 
5 3221.658 
5 2659.114 
5 2450.086 
5 2799.768 
5 2761.304 
5 2757.174 
5 2713.016 
5 2067.400 
5 3093.043 
5 2672.199 
5 2779.935 
5 2385.003 
4 2015.610 
5 2423.147 
5 3132.832 
5 3111.584 
5 3181.889 
5 2796.625 
5 1965.966 
5 2916.065 
5 2670.863 
5 2105.243 
5 2797.424 
5 2861.254 
5 3321.025 
5 2310.551 
5 2832.965 
5 1712.161 
5 2350.884 
5 2686.908 
5 2593.518 
5 2720.336 
5 2853.383 
5 3442.213 
5 3027.269 
4 2974.924 
5 3281.845 
5 2117.512 
5 3206.697 
5 2280.560 
5 2693.577 
5 3345.390 
5 2736.171 
5 2670.389 
5 2733.385 
5 3983.701 
5 2598.801 
5 2829.647 
5 3497.386 
5 2666.775 
5 3699.279 
5 2086.622 
5 3357.948 
5 2688.790 
5 2763.450 
5 2670.404 
5 2126.135 
5 2811.596 
5 2844.075 
5 3082.430 
5 3274.599 
5 2401.080 
5 3070.924 
5 3285.198 
5 2776.675 
5 2658.823 
5 3193.575 
5 1906.548 
5 2701.845 
5 2781.441 
5 3046.878 
5 2196.196 
5 3055.076 
5 2812.489 
5 2063.190 
5 3329.479 
5 3094.600 
5 3027.603 
5 2817.880 
5 1987.332 
5 2631.317 
5 2247.873 
5 2171.001 
5 2878.266 
5 3153.436 
5 3026.054 
5 3258.062 
5 3228.976 
5 3253.281 
5 2153.082 
5 2731.464 
5 2950.109 
5 2646.285 
5 2001.350 
5 3081.786 
5 2611.647 
5 1457.565 
5 3110.629 
5 2760.962 
5 2721.382 
5 2077.519 
5 2483.369 
5 3119.622 
5 2240.894 
5 2825.165 
5 2268.720 
5 2421.845 
5 2731.579 
5 2224.700 
5 2444.665 
5 2232.297 
5 2818.611 
5 3354.901 
5 2354.704 
5 2502.697 
5 2819.820 
5 2682.337 
5 3137.830 
5 2622.038 
5 2896.973 
5 2902.413 
5 3649.374 
5 3139.088 
5 2439.704 
5 2522.400 
5 2446.854 
5 2795.937 
5 2273.734 
5 2599.509 
5 2641.281 
5 2699.054 
5 2635.414 
5 3575.350 
5 2551.407 
5 3007.900 
5 2689.923 
5 2782.839 
5 1997.033 
4 3421.955 
5 2838.045 
5 3188.733 
5 2880.899 
5 2092.657 
5 3461.705 
5 2803.686 
5 2466.488 
5 2611.005 
5 3148.105 
5 3476.091 
5 2543.173 
5 2707.719 
5 2597.210 
5 2715.657 
5 2517.427 
5 3461.142 
5 2797.111 
5 2799.229 
5 2897.182 
5 3078.435 
5 2976.614 
5 2507.854 
5 2477.616 
5 3173.859 
5 3484.708 
5 2773.833 
5 2904.916 
5 2408.683 
5 3540.550 
5 2114.532 
5 3568.718 
5 2416.357 
5 2597.211 
5 2789.376 
5 3621.525 
5 3226.352 
5 2494.445 
5 3476.517 
5 2346.125 
5 2786.402 
5 2326.740 
5 2933.617 
5 2104.951 
5 3245.616 
5 2590.463 
5 3237.227 
5 2823.982 
5 2734.872 
5 2048.755 
5 2537.189 
5 2479.990 
5 3008.084 
5 2047.829 
5 2700.854 
5 2821.373 
5 2433.901 
5 2467.923 
5 2333.427 
5 2615.244 
5 3157.665 
5 2783.604 
5 3435.602 
5 2682.782 
5 2140.853 
5 2820.951 
5 2856.373 
5 2495.311 
5 2715.853 
5 2395.710 
5 2640.942 
5 2245.964 
5 2637.211 
5 2668.115 
5 2754.973 
5 2115.342 
5 3019.742 
5 3012.110 
5 3303.736 
5 2837.919 
5 2348.011 
5 2950.474 
5 3587.182 
5 3752.799 
5 2820.028 
5 2585.295 
5 2847.192 
5 2215.023 
5 2390.854 
5 3108.521 
5 2656.362 
4 2235.360 
5 2860.711 
4 2628.281 
5 2111.915 
5 2626.629 
4 1400.986 
5 2421.543 
5 3126.104 
5 2612.181 
5 2563.479 
5 2607.363 
5 2819.385 
5 3031.801 
5 2623.257 
5 3828.134 
5 2863.509 
5 3661.229 
5 2881.525 
5 2422.120 
5 2781.814 
5 2921.403 
5 2191.904 
5 2385.616 
5 2505.095 
5 2507.278 
5 3231.680 
5 2874.444 
5 2697.081 
5 2443.991 
4 1554.771 
5 2982.658 
5 2997.345 
5 3072.226 
5 3213.027 
5 2509.384 
5 3099.095 
5 2800.204 
5 2854.140 
5 2607.285 
5 2730.733 
5 2684.319 
5 2264.165 
5 2494.663 
5 2717.347 
5 2652.803 
5 2707.090 
5 2834.493 
5 2821.088 
5 3112.467 
5 2794.473 
5 2965.126 
5 3288.479 
5 2659.774 
5 2630.388 
5 2972.226 
5 3014.421 
5 2510.833 
5 2129.052 
5 2735.221 
5 2884.240 
5 2515.477 
5 3335.902 
5 2890.628 
5 2721.875 
5 2493.816 
5 2460.217 
5 3002.050 
5 2862.838 
5 2583.963 
5 2854.586 
5 2738.255 
5 2375.621 
5 3101.773 
5 2599.524 
5 3002.990 
5 2311.602 
5 2893.749 
5 2868.421 
5 3000.411 
5 2929.056 
5 2998.098 
5 2611.590 
4 1941.422 
5 2503.398 
5 3145.292 
5 3080.968 
5 2367.022 
5 1840.043 
5 2253.728 
4 2889.663 
5 3126.710 
5 2766.958 
5 2760.674 
5 3216.665 
5 2829.986 
5 2998.291 
4 1914.595 
5 2353.903 
5 2529.831 
5 3734.360 
5 2639.553 
5 3578.112 
5 2376.127 
5 2671.546 
4 2446.420 
5 1881.256 
5 2463.188 
5 2314.541 
5 2892.167 
5 2822.393 
5 2344.277 
4 1895.745 
5 2625.888 
4 2165.734 
5 3217.982 
5 2075.540 
5 2373.066 
5 2042.489 
5 2484.864 
5 2619.926 
5 2623.536 
5 2414.161 
5 3053.052 
5 3194.821 
5 2807.243 
5 2712.363 
5 2524.754 
5 2872.357 
5 2774.270 
5 2340.034 
5 3382.467 
5 2229.727 
5 2778.498 
5 2354.429 
5 2601.263 
5 3445.798 
5 2020.692 
5 1802.247 
5 2920.603 
5 2910.228 
5 2548.324 
5 2290.893 
5 2974.822 
5 2903.223 
5 2273.897 
5 2535.190 
5 3088.469 
5 2513.704 
5 2645.904 
5 2959.491 
5 2956.277 
5 2715.262 
5 3002.236 
5 3244.991 
5 2911.561 
5 3582.795 
5 3242.175 
5 2719.847 
5 1956.016 
5 3193.479 
5 2350.843 
4 2468.731 
5 2595.607 
5 2509.126 
4 3983.865 
5 2647.087 
5 2747.175 
5 2937.764 
5 2931.303 
5 3000.961 
5 2008.403 
5 2622.954 
5 2554.503 
5 2757.904 
5 1935.577 
5 3393.979 
5 3063.037 
5 2567.779 
5 2924.660 
5 2487.818 
5 2222.580 
5 3629.802 
4 3070.947 
5 2641.765 
5 2969.508 
5 2392.446 
5 2976.201 
5 1756.737 
5 3175.039 
5 3040.286 
5 2786.472 
5 3657.210 
5 3050.346 
5 3168.512 
5 2664.062 
5 2930.114 
5 2505.427 
5 2165.239 
5 3374.185 
5 2635.271 
5 2841.962 
5 2355.900 
5 2885.819 
5 2912.908 
5 2883.907 
5 3041.556 
5 2612.945 
5 2899.362 
5 2171.377 
4 2612.479 
5 2740.920 
5 3197.233 
5 2900.344 
5 2053.048 
5 2754.049 
5 2912.833 
5 2717.220 
5 2390.494 
5 2391.342 
5 3500.028 
5 2597.108 
5 2315.956 
5 3009.678 
5 3496.948 
5 2603.663 
5 2675.768 
5 3237.793 
5 2913.955 
5 2644.779 
5 2833.226 
5 2866.248 
5 2689.258 
5 3052.846 
5 3257.248 
5 3329.117 
5 3276.473 
5 2107.674 
5 2969.899 
5 2932.296 
5 2682.262 
5 3244.748 
5 2455.379 
5 2545.630 
5 2798.684 
5 2466.414 
5 2188.258 
5 2945.659 
5 2573.277 
5 1921.828 
5 3638.532 
5 2864.489 
4 1893.779 
5 2722.459 
5 3549.435 
5 2643.662 
5 2670.314 
5 3168.733 
5 3024.610 
5 2387.547 
5 2409.878 
5 3542.247 
5 2320.879 
5 2514.673 
5 2685.931 
5 2278.388 
5 2441.978 
5 2865.241 
5 2861.866 
5 2742.369 
5 2441.718 
5 1461.009 
5 2682.400 
5 3241.348 
5 2791.580 
5 3309.101 
5 2392.202 
5 2125.791 
5 2844.501 
5 2268.525 
5 2448.386 
5 2658.407 
5 3192.760 
5 3101.226 
5 2590.302 
5 2747.268 
5 2810.718 
5 2803.750 
5 2591.933 
5 2777.122 
5 3037.800 
5 2342.015 
5 2838.979 
5 3058.110 
5 2836.100 
5 2788.043 
4 2794.846 
5 3082.049 
5 4109.838 
5 2537.316 
5 3024.717 
5 3073.308 
5 3344.544 
5 2545.947 
5 3206.149 
5 2639.323 
5 2572.786 
5 2524.855 
5 2672.214 
4 1606.573 
5 2676.518 
5 2885.883 
5 2253.720 
5 2344.279 
5 3707.891 
5 2817.079 
5 2789.928 
5 2945.671 
5 2746.445 
5 2626.306 
5 3271.423 
5 2350.727 
5 2350.792 
5 2686.636 
5 2349.301 
5 2285.833 
5 2948.550 
5 3075.158 
5 2286.961 
5 2600.879 
5 3059.454 
5 3375.448 
5 2290.789 
5 2611.587 
5 3266.043 
5 1599.166 
5 2788.253 
5 3337.627 
5 2279.850 
5 2975.209 
4 2118.625 
5 2427.773 
5 3153.633 
5 2877.497 
5 2907.496 
5 2989.321 
5 2881.198 
5 2616.287 
5 2203.595 
5 2562.803 
4 1212.279 
5 3246.548 
5 1571.837 
5 2958.884 
5 2836.703 
5 2934.603 
5 2684.203 
4 3424.723 
5 2775.668 
5 2658.810 
5 3346.533 
5 2423.557 
5 2531.356 
5 2490.232 
5 2802.554 
5 3250.369 
5 2471.312 
5 2435.887 
5 2301.456 
5 2849.527 
5 4280.874 
5 2743.202 
5 3351.240 
5 2822.676 
5 2475.974 
5 2524.700 
5 2226.076 
5 2197.509 
5 3265.753 
5 3202.471 
5 2217.527 
5 3093.117 
5 3400.113 
5 2679.492 
5 3561.725 
5 2501.757 
5 2544.680 
5 2369.754 
4 2487.510 
5 2999.935 
5 2441.218 
5 2618.784 
5 2780.398 
5 2647.225 
5 2925.891 
5 2398.594 
5 1832.686 
5 2953.986 
5 3261.968 
5 2572.763 
5 2315.067 
5 3267.126 
5 2846.757 
5 2509.090 
5 3003.054 
5 3107.921 
5 3557.165 
5 2529.660 
5 2338.417 
4 2893.368 
5 2769.736 
5 2713.243 
5 2072.923 
5 2053.739 
5 2306.291 
5 2639.573 
5 2610.857 
5 2843.542 
5 2613.604 
5 3075.460 
5 2614.819 
5 2812.032 
5 2299.389 
5 2885.800 
5 3079.227 
5 3817.024 
5 2258.229 
5 3052.903 
5 2527.684 
4 2912.196 
5 2642.830 
5 3273.644 
5 2771.531 
5 2698.343 
5 2988.509 
5 2394.250 
5 4276.197 
5 2367.866 
5 2592.776 
5 2385.617 
5 2382.271 
5 2724.141 
5 2611.280 
5 2070.619 
5 2738.837 
5 2310.020 
5 2609.916 
5 2050.829 
5 2750.182 
5 2614.481 
5 2675.530 
5 2852.269 
5 2891.074 
5 3098.709 
5 2761.360 
5 2726.000 
5 2505.520 
5 2822.244 
5 2525.086 
5 2547.736 
5 2935.459 
5 3533.920 
5 3063.187 
5 2870.882 
5 3069.718 
5 2337.231 
5 2429.781 
5 2759.730 
5 2353.443 
5 2649.558 
5 2159.137 
5 2447.408 
5 2566.863 
5 2526.088 
5 2281.053 
5 2882.586 
5 2168.309 
5 3084.992 
5 2609.626 
5 2916.490 
5 3432.350 
5 2625.736 
5 2494.942 
5 3010.923 
5 2461.830 
5 1952.302 
5 3330.348 
5 3031.216 
5 2321.415 
5 2591.863 
5 2980.843 
5 2489.498 
5 2708.317 
5 2015.166 
5 2331.601 
5 1870.828 
5 3045.173 
5 2408.723 
5 2604.747 
5 3677.592 
5 2569.342 
5 4348.341 
5 2320.001 
5 3746.826 
5 2378.981 
5 3214.650 
5 2235.306 
5 2428.634 
5 2761.360 
5 2939.478 
5 2839.561 
