5 2532.206 
5 2757.676 
5 2902.537 
5 3194.252 
5 2942.985 
5 2968.245 
5 3663.454 
5 2638.431 
5 1518.739 
5 3370.782 
5 2678.111 
5 3460.961 
5 2076.098 
5 3019.917 
5 2627.084 
5 3190.441 
5 2500.955 
5 2756.473 
5 2551.650 
5 2706.295 
5 1892.580 
5 2953.120 
5 2365.025 
5 2756.061 
5 2708.214 
5 2492.082 
5 2408.855 
5 3217.633 
5 2825.617 
5 2422.498 
5 2441.283 
5 2210.239 
5 2973.457 
5 2839.082 
5 2770.952 
5 2791.482 
5 2766.057 
5 3307.962 
5 3247.247 
5 2474.494 
5 2201.559 
5 2430.902 
5 3294.121 
5 3153.089 
5 2998.518 
5 2559.537 
5 2893.049 
5 2549.041 
5 3223.794 
5 2524.042 
5 2838.028 
5 1757.564 
5 2848.862 
5 2495.719 
5 3791.884 
5 2489.402 
5 2609.068 
5 2995.313 
5 3267.583 
5 3348.178 
5 2518.354 
5 2973.000 
5 2860.748 
5 3295.961 
5 3109.519 
5 2754.943 
5 2288.255 
5 2003.558 
5 2405.672 
5 2664.822 
5 3398.455 
5 2889.087 
5 2411.948 
5 3071.729 
5 2873.935 
5 2455.091 
5 2700.392 
5 3354.333 
5 2085.023 
5 2195.433 
5 2744.506 
5 3028.066 
5 2911.930 
5 3450.122 
5 3023.413 
5 2514.753 
5 3058.818 
5 2969.219 
5 3314.841 
5 2310.405 
5 2989.886 
5 2700.859 
5 3047.864 
5 2105.118 
5 3049.846 
4 2914.137 
5 2749.705 
5 3176.343 
5 2335.046 
5 1717.698 
5 3488.103 
5 2315.012 
5 3799.382 
5 3000.561 
5 3322.758 
5 2547.340 
5 2297.872 
5 3091.309 
5 2843.031 
5 2297.112 
5 2678.489 
5 2969.593 
5 2575.000 
5 3000.248 
5 2953.624 
5 1864.673 
5 2368.848 
5 2832.151 
5 3204.246 
5 2987.142 
5 3279.634 
5 2885.897 
5 3452.652 
4 2331.724 
5 2879.436 
5 2152.418 
5 2392.870 
5 2892.835 
5 3041.990 
5 3205.041 
5 2995.690 
5 3268.999 
5 3135.824 
5 2486.914 
5 2749.878 
5 2045.740 
5 2804.259 
5 3436.277 
5 2979.793 
5 2991.597 
5 2947.670 
5 2314.809 
5 2300.037 
5 2814.323 
5 3574.866 
5 2499.971 
5 2747.670 
5 2059.705 
5 2526.003 
5 2560.322 
5 2612.739 
5 2922.368 
5 2074.162 
5 3224.945 
5 2758.808 
5 2452.863 
5 2415.306 
5 3008.544 
5 3168.589 
5 2635.901 
5 2516.337 
5 3522.515 
5 2983.664 
5 2085.201 
5 2481.374 
5 2238.105 
5 2779.419 
5 2556.093 
5 3260.835 
5 2619.021 
5 2719.690 
5 3264.751 
5 2146.829 
5 2870.049 
5 2818.559 
5 2306.988 
5 2993.561 
5 2869.201 
5 3312.598 
5 3264.900 
5 2329.460 
5 2368.552 
5 3330.903 
5 2812.750 
5 3114.649 
5 2903.358 
5 2777.680 
5 3222.649 
5 2420.678 
5 2595.127 
5 2366.093 
5 3602.019 
5 3229.766 
5 2547.202 
5 2544.665 
5 3071.814 
5 2603.327 
5 2645.841 
5 3510.698 
5 2994.203 
5 3101.558 
5 2771.771 
5 2646.818 
5 2697.908 
5 3638.206 
5 2504.058 
5 2404.394 
5 3309.799 
5 3583.774 
5 3053.443 
5 2544.597 
5 2670.301 
5 2554.462 
4 2104.780 
5 2772.701 
5 2537.515 
5 2568.716 
5 3037.704 
5 2044.756 
5 3609.569 
5 3680.006 
5 2706.618 
5 2907.427 
5 3183.501 
5 2806.080 
5 2886.103 
5 2599.883 
5 2919.212 
5 3140.048 
5 2652.529 
5 2490.959 
5 2336.944 
5 2746.295 
5 2850.568 
4 2515.528 
5 2919.722 
5 2597.570 
5 2393.108 
5 2210.829 
5 2857.021 
5 3117.050 
5 2863.762 
5 3130.739 
5 3045.592 
5 2287.762 
4 1937.515 
5 2958.572 
5 2830.349 
5 2843.482 
5 2745.560 
5 2351.992 
5 2637.350 
5 2811.069 
5 2704.061 
5 2113.982 
5 3185.929 
5 3018.504 
5 2889.408 
5 2480.401 
5 2647.743 
5 2526.980 
5 3020.880 
5 3251.612 
5 2104.803 
5 3268.554 
5 3402.770 
5 3432.970 
5 2380.737 
5 1838.138 
5 2354.560 
5 2275.683 
5 2823.910 
5 2815.573 
5 2907.818 
5 3121.079 
5 3151.736 
5 2917.031 
5 2559.448 
5 2364.878 
5 2647.596 
5 2733.092 
5 2883.000 
5 2792.371 
5 3651.936 
5 2815.728 
5 2376.731 
5 3292.366 
5 3392.318 
5 3388.184 
4 2084.800 
5 2347.563 
5 2495.697 
5 3249.123 
5 2765.262 
5 2492.619 
5 2724.225 
5 3230.757 
5 3041.921 
5 2903.558 
5 2409.273 
5 2474.040 
5 2144.874 
4 1856.791 
5 3709.543 
5 2630.261 
5 3452.466 
5 2863.040 
5 2987.950 
5 2821.919 
5 2858.327 
5 3718.037 
5 3033.807 
5 3120.157 
5 3227.064 
5 3530.780 
5 2712.016 
5 2969.608 
5 2124.419 
5 2226.004 
5 3196.247 
5 3852.173 
5 2130.711 
5 2441.160 
5 2851.498 
5 3147.852 
5 2930.488 
5 3098.480 
5 3038.367 
5 2744.893 
5 2661.444 
5 2665.836 
5 3156.380 
5 2905.953 
5 3444.711 
5 2743.695 
5 3107.361 
5 2924.649 
5 2463.279 
5 2776.905 
5 2767.471 
5 3142.465 
5 2911.868 
5 2703.806 
5 2563.434 
5 3237.982 
5 2489.017 
5 2968.645 
5 3022.759 
5 2907.880 
5 2466.052 
5 2797.823 
5 2950.877 
5 2794.296 
5 2889.571 
5 3102.688 
5 2293.219 
5 3209.934 
5 2937.220 
5 2510.217 
5 3100.107 
5 2440.479 
5 3241.584 
5 3314.445 
5 3051.457 
5 2737.942 
5 2888.218 
5 2970.570 
5 2352.437 
5 2510.373 
5 3325.825 
5 2076.493 
5 2469.540 
5 2894.596 
5 2530.417 
5 2924.486 
5 2847.654 
5 3001.715 
5 3067.685 
5 2611.012 
5 2720.412 
5 2983.025 
5 3023.002 
5 2965.859 
5 2532.690 
5 2684.814 
5 2937.564 
5 3105.198 
5 2340.080 
5 3118.166 
5 2357.310 
5 3012.620 
5 3028.596 
5 2774.965 
4 2778.066 
5 3076.561 
5 2818.157 
5 2675.729 
5 2704.250 
5 2471.683 
5 3023.646 
5 3037.270 
5 3325.962 
5 2448.525 
5 2323.461 
5 2874.509 
5 2677.188 
5 3362.803 
5 2738.653 
5 2339.939 
5 1691.338 
5 2103.705 
5 2665.613 
5 2887.980 
5 2895.949 
5 3186.297 
5 2137.097 
5 2845.710 
5 2588.961 
5 2883.485 
5 3309.517 
5 2807.181 
5 2732.471 
5 2595.979 
5 2056.852 
5 1849.732 
5 2694.670 
5 3010.776 
5 3649.062 
5 3086.463 
5 2801.538 
5 3307.955 
5 2978.349 
5 2867.561 
5 2446.494 
5 3071.059 
5 3571.164 
5 2830.609 
5 2771.916 
5 2937.239 
5 2754.913 
5 3216.852 
5 2871.835 
5 2789.965 
5 2599.111 
5 3251.719 
5 2279.370 
5 3185.601 
5 2483.557 
5 3696.328 
5 2436.221 
5 2732.057 
5 3173.791 
5 2744.077 
5 2650.719 
5 2983.225 
5 2588.775 
5 2993.538 
5 3137.089 
5 3777.798 
5 2595.833 
5 2575.385 
5 2692.217 
5 2950.413 
5 2460.606 
4 2597.671 
5 2983.532 
5 3425.101 
5 2543.094 
5 2603.422 
5 2792.311 
5 2966.203 
5 3708.044 
5 2780.377 
5 2388.517 
5 2995.008 
5 3079.832 
5 2613.648 
5 3232.266 
5 2869.071 
5 3460.691 
5 3139.890 
5 3362.093 
5 2600.877 
5 2531.793 
5 3188.688 
5 2610.821 
5 2961.652 
5 2682.463 
5 2791.999 
5 2788.805 
5 2850.063 
5 2760.876 
5 3006.679 
5 2337.287 
5 3069.718 
5 3314.098 
5 2902.745 
5 2789.079 
5 3019.395 
5 3056.729 
5 2650.439 
5 3051.651 
5 2841.290 
5 2003.744 
5 2234.609 
5 2129.229 
5 3155.026 
5 2820.672 
5 2827.912 
5 3063.091 
5 3717.154 
5 3285.557 
5 2681.794 
5 2719.643 
5 2824.003 
5 3469.656 
5 3096.507 
5 3112.243 
5 2341.136 
5 2524.990 
5 2706.251 
5 2681.210 
5 2292.686 
5 2576.913 
5 3670.603 
5 3132.508 
5 2588.302 
5 2274.123 
5 2537.519 
5 2652.329 
5 2610.883 
5 3495.644 
5 2006.092 
5 2649.147 
5 3161.768 
5 3387.302 
5 2710.044 
5 2460.322 
5 2619.756 
5 2691.781 
5 2915.483 
5 2011.034 
5 3070.881 
5 2923.400 
5 2517.361 
5 2619.671 
5 3274.600 
5 2440.086 
5 2746.009 
5 2725.289 
5 2544.262 
5 2888.404 
5 2138.127 
5 2389.498 
5 3912.019 
5 3021.953 
5 2838.906 
5 2900.070 
5 2985.975 
5 3089.246 
5 3186.417 
5 2495.600 
5 2366.560 
5 3364.990 
5 3114.040 
5 2459.208 
5 2824.152 
5 3240.148 
5 3390.152 
5 2779.287 
5 3254.877 
5 3045.721 
5 3000.488 
5 2987.898 
5 2765.208 
5 2779.394 
4 2560.920 
5 2720.179 
5 2890.062 
5 2836.510 
5 2999.821 
5 2793.500 
5 3016.708 
5 3103.004 
5 2848.601 
5 2682.904 
5 2907.941 
5 2941.000 
5 2590.015 
5 2873.620 
5 2877.225 
5 2999.321 
5 2719.251 
5 2393.122 
5 3029.962 
5 2417.130 
5 2289.487 
5 2647.459 
5 2116.782 
5 2015.828 
5 2502.971 
5 2794.486 
5 2821.390 
5 2698.654 
5 2477.125 
5 2290.991 
5 2665.216 
5 2598.123 
5 2979.638 
5 2296.528 
5 2409.719 
4 2078.762 
5 2643.880 
5 2466.458 
5 2796.577 
5 2620.493 
5 3020.216 
5 3355.982 
5 3298.373 
5 3053.670 
5 2561.662 
5 2981.478 
5 3521.852 
5 2094.101 
5 2874.931 
5 2365.153 
5 2437.250 
5 2807.240 
5 2446.527 
5 2918.403 
5 2274.651 
5 2985.910 
5 2500.414 
5 2739.770 
5 2957.225 
5 2822.791 
5 2826.631 
5 2850.784 
5 2964.304 
5 2585.746 
5 2730.987 
5 2652.690 
5 2983.554 
5 2579.587 
5 3291.175 
5 3314.820 
5 3041.028 
5 3055.284 
5 2899.204 
5 2724.860 
5 3218.364 
5 2455.965 
5 2339.177 
5 2781.695 
5 2561.652 
5 3128.157 
5 2889.237 
5 2921.527 
5 3586.546 
5 2896.630 
5 2893.420 
5 2991.678 
5 3679.176 
5 3135.522 
5 2529.716 
5 2222.845 
5 3131.718 
5 2379.577 
5 2710.708 
5 2778.915 
5 2979.336 
5 3230.700 
5 2861.381 
5 2921.347 
5 2739.899 
5 3345.099 
5 4094.954 
5 2833.141 
5 2807.667 
5 2964.651 
5 2766.410 
5 2223.916 
5 2625.758 
5 3020.554 
5 2877.565 
5 2454.514 
5 3251.245 
5 2606.479 
5 3485.258 
5 2900.713 
5 2462.548 
5 2933.548 
5 3202.115 
5 2810.485 
5 3279.728 
5 2581.588 
5 3059.061 
5 2112.088 
5 3606.223 
5 2386.599 
5 2422.389 
5 2242.912 
5 2460.995 
5 2725.011 
5 3067.955 
5 2603.691 
5 2556.735 
5 2958.512 
5 3025.677 
5 2720.695 
5 3549.752 
5 2685.810 
5 3740.521 
5 3330.774 
5 3275.088 
5 2885.385 
5 2497.451 
5 2607.915 
5 2778.179 
5 2589.312 
5 2587.830 
5 2337.139 
5 3003.670 
5 2076.490 
5 2605.677 
5 2361.356 
5 2775.428 
4 1923.190 
5 2981.003 
5 2935.244 
5 2684.712 
5 2455.835 
5 4169.243 
5 3812.428 
5 2393.073 
5 2931.476 
5 2326.937 
5 2603.863 
5 3118.848 
5 2652.156 
5 2959.786 
5 2803.622 
5 2432.773 
5 3051.630 
5 2124.553 
5 3354.960 
5 3857.378 
5 2769.731 
5 2774.992 
5 3128.208 
5 3021.291 
5 2321.828 
5 2691.341 
5 3154.438 
5 2547.644 
5 3202.716 
5 2861.381 
5 2832.625 
5 2429.425 
5 3020.198 
5 2807.106 
5 2962.903 
5 3207.793 
5 2753.517 
5 1670.902 
5 3005.093 
5 2382.545 
5 2847.506 
5 2380.458 
5 2626.601 
5 2671.012 
5 2795.040 
5 3310.795 
4 2018.645 
5 2473.453 
5 2987.127 
5 2802.031 
5 3171.784 
5 2559.792 
5 2668.453 
5 2926.793 
5 2796.006 
5 2484.281 
5 3043.256 
5 2610.427 
5 2736.176 
5 3042.937 
5 2610.570 
5 3190.215 
5 2640.947 
5 2953.285 
5 2879.435 
5 2987.429 
5 2471.090 
5 2869.971 
5 2923.253 
5 3088.324 
5 2371.589 
5 2280.407 
5 2663.927 
5 2912.871 
5 2810.960 
5 2666.086 
5 2559.035 
5 2666.566 
5 2518.299 
5 3360.908 
5 3267.796 
5 2317.232 
5 2883.489 
5 3145.876 
5 2501.846 
5 2649.963 
5 3018.010 
5 2565.470 
5 2147.074 
5 2675.342 
5 2853.744 
5 2489.295 
5 3131.971 
5 2882.429 
5 3077.565 
5 2786.261 
5 2881.150 
4 2060.215 
5 2850.972 
5 3544.725 
5 3637.715 
5 2438.280 
5 2542.499 
5 2664.453 
5 3198.722 
5 2462.309 
5 2781.141 
5 2768.602 
5 3719.909 
5 3121.984 
5 2974.944 
5 2881.728 
5 2711.885 
5 3035.619 
5 3036.456 
5 2803.901 
5 2663.451 
5 2866.767 
5 2148.686 
5 2289.326 
5 2703.504 
5 2791.206 
5 2460.107 
5 3070.582 
5 3434.987 
5 2821.824 
5 2650.262 
5 2552.333 
5 3253.112 
5 2887.991 
5 2955.593 
5 2514.192 
5 2675.873 
5 3408.324 
5 2875.483 
5 2664.580 
5 2929.393 
5 2740.241 
4 2176.674 
5 2904.299 
5 2721.804 
5 2890.974 
5 2606.586 
5 3323.421 
5 2444.630 
5 3213.110 
5 2972.197 
5 3009.845 
5 3244.901 
5 2924.160 
5 3367.091 
5 2387.218 
5 2763.719 
5 3107.451 
5 3303.881 
5 2502.772 
5 3239.722 
5 3132.815 
5 2788.244 
5 3424.114 
5 2968.379 
5 3696.542 
5 3043.140 
5 2669.778 
5 3182.862 
5 2707.587 
5 2809.750 
5 3173.591 
5 2364.803 
5 3596.883 
5 2551.393 
5 2281.919 
5 2743.450 
5 2942.342 
5 2572.089 
5 3356.276 
5 2831.734 
5 2780.103 
5 2738.422 
5 2741.550 
5 2868.048 
5 2777.726 
5 2915.250 
5 2518.930 
5 2150.013 
5 2064.529 
5 2851.510 
5 2509.432 
5 2617.369 
5 2583.675 
5 2758.390 
5 2584.595 
5 2548.209 
5 2490.094 
5 2986.865 
5 2457.094 
5 3150.473 
5 2853.938 
5 2627.785 
5 2016.078 
5 2821.515 
5 3162.448 
5 2650.816 
5 3183.920 
5 2850.461 
5 2917.266 
5 3063.052 
5 2751.353 
5 2476.840 
5 3031.940 
5 3049.878 
5 2181.022 
5 2449.672 
5 2669.463 
5 2339.047 
5 2470.081 
4 2872.478 
5 2513.281 
5 3096.233 
5 2344.547 
5 2849.803 
5 3203.761 
5 3191.941 
5 3054.376 
5 2806.307 
5 3061.105 
5 3485.745 
5 2207.345 
5 2419.580 
5 2826.639 
5 2863.844 
5 2798.534 
5 2705.520 
5 3132.592 
5 3014.470 
5 2008.674 
5 2647.857 
5 3390.589 
5 3260.818 
5 2928.704 
5 3141.668 
5 3597.567 
5 2439.630 
5 2738.791 
5 3119.410 
5 2818.126 
5 2335.535 
5 2636.145 
5 2642.091 
5 2810.501 
5 3382.167 
5 2631.695 
5 2075.321 
5 2761.209 
5 2852.645 
5 2749.486 
5 3040.705 
5 3037.501 
5 3263.918 
5 2472.673 
5 3114.893 
5 3145.440 
5 2242.642 
5 3157.869 
5 2719.298 
5 2631.915 
5 3276.993 
5 2753.134 
5 3231.800 
5 3415.910 
5 3049.998 
5 2275.042 
5 3113.050 
5 3169.684 
5 2756.088 
5 2442.833 
5 2935.281 
5 2167.249 
5 2610.770 
5 3232.310 
5 2384.765 
5 2472.946 
5 2495.408 
5 2478.424 
5 2450.311 
5 2590.783 
5 2892.598 
5 3035.291 
5 2876.655 
5 3356.241 
5 3185.874 
5 3477.601 
5 3113.389 
5 2881.903 
5 2720.024 
5 2808.133 
5 3628.004 
5 2735.976 
5 2599.249 
5 2897.712 
5 3248.329 
5 2605.334 
5 3156.401 
5 2241.143 
5 3457.775 
5 3191.421 
5 3274.850 
5 3151.244 
5 2790.386 
5 3051.404 
5 2274.240 
5 2457.925 
5 2266.740 
5 2999.478 
5 2422.028 
5 2510.472 
5 3384.697 
5 2753.605 
4 2428.748 
5 2864.337 
5 3149.922 
5 2207.586 
5 2964.933 
5 2725.929 
5 2873.426 
5 3093.233 
5 2346.180 
5 2371.367 
5 3488.699 
5 2429.910 
5 3230.682 
5 2717.154 
4 2144.352 
5 2755.953 
5 2423.036 
5 3082.317 
5 3204.039 
5 2892.606 
5 2916.417 
5 3526.357 
5 2473.745 
5 2446.730 
5 3121.571 
5 3379.529 
5 2577.848 
5 2445.441 
5 3394.121 
5 3227.463 
5 3836.794 
5 2698.567 
5 2053.410 
5 2908.094 
5 3121.646 
5 3136.750 
5 3071.171 
5 2492.502 
5 2662.359 
5 2877.190 
5 2878.398 
5 2765.712 
5 2543.933 
5 3457.445 
5 3652.216 
5 2806.445 
5 3210.611 
5 2392.931 
5 2669.827 
5 2586.767 
5 3098.100 
5 2703.118 
5 3803.799 
5 2911.694 
5 3510.047 
5 2781.451 
5 2319.334 
5 2760.130 
5 2382.633 
5 2929.727 
5 3129.476 
5 2665.665 
5 2618.284 
5 3159.112 
5 3351.013 
5 3380.508 
5 3359.957 
5 3074.162 
5 2654.155 
5 2328.484 
5 2874.003 
5 3450.460 
5 2626.148 
5 2665.431 
5 2367.527 
5 2189.867 
5 2699.588 
5 3029.126 
5 2565.821 
5 2849.025 
5 3005.602 
5 3137.998 
5 3174.938 
5 3291.755 
5 2831.721 
5 3179.491 
5 2770.370 
5 2429.773 
5 2932.928 
5 3229.179 
5 1753.246 
5 2353.463 
5 2455.858 
5 2786.429 
5 3116.490 
5 2324.608 
5 2781.240 
5 2917.695 
5 2654.542 
5 3348.872 
5 2378.289 
5 2947.140 
5 2694.462 
5 2433.989 
5 2631.988 
5 2623.612 
5 3391.224 
5 3027.495 
5 3256.949 
5 3172.375 
5 3104.187 
5 3380.452 
5 3000.806 
5 2622.974 
5 2387.552 
4 2448.574 
5 2718.542 
5 3739.835 
5 3143.971 
5 3462.557 
5 3073.350 
5 2619.996 
5 2923.634 
5 2599.076 
5 3464.709 
5 2864.900 
5 3209.386 
5 3218.837 
5 3160.935 
5 3157.554 
5 2912.132 
5 2442.673 
5 2978.817 
5 2131.961 
5 2039.487 
5 2604.668 
5 2584.911 
5 2928.080 
5 2934.573 
5 2389.255 
5 3194.682 
5 2614.501 
4 2837.579 
5 3036.553 
5 2456.555 
5 2963.390 
5 3113.733 
5 3297.913 
5 2322.266 
4 2877.890 
5 2820.029 
5 3294.534 
5 2629.282 
5 2521.649 
5 3332.632 
5 2505.704 
5 2405.256 
5 2588.451 
5 2880.202 
5 2872.061 
5 2356.893 
5 3125.586 
5 3324.555 
5 2701.146 
5 1977.557 
5 2205.662 
4 4032.050 
5 2366.016 
5 2592.973 
5 2968.195 
5 3252.504 
5 3295.890 
5 3299.206 
5 2926.284 
5 2950.523 
5 2317.542 
5 2661.158 
5 2950.969 
5 3354.472 
5 3402.004 
5 2797.903 
5 2848.494 
5 2440.139 
5 2975.282 
5 2870.857 
5 3316.683 
5 2855.196 
5 2828.984 
5 2867.438 
5 2837.057 
5 2223.983 
5 2559.968 
5 2950.461 
5 2929.761 
5 3319.791 
5 3005.049 
5 2742.249 
5 2787.403 
5 3579.386 
5 3402.708 
5 2409.949 
5 2626.148 
5 3472.461 
5 2916.197 
5 2580.169 
5 2579.435 
5 2345.484 
5 3279.865 
5 2860.987 
5 2625.525 
5 2808.781 
5 2809.204 
5 2451.130 
5 2466.522 
5 2932.775 
5 3332.233 
5 2920.626 
5 2662.946 
5 2651.050 
5 3107.404 
5 3045.421 
5 3397.094 
5 3300.814 
5 2401.621 
5 3160.680 
5 2878.145 
5 3550.637 
5 3272.893 
5 3263.730 
5 3040.482 
5 2928.982 
5 3290.085 
5 2790.970 
5 2583.063 
5 2618.692 
5 3233.874 
5 2162.042 
5 3062.332 
5 2388.879 
5 3421.679 
5 2719.204 
5 2907.729 
5 2928.653 
5 2790.505 
5 2386.750 
5 2841.908 
5 2569.798 
5 2748.803 
5 2182.271 
5 2765.642 
5 2516.719 
5 3343.635 
5 3371.086 
5 2724.019 
5 2589.508 
5 2838.605 
5 2968.467 
5 2592.487 
5 2627.138 
5 2971.451 
5 3034.182 
5 2699.700 
5 2692.995 
5 3414.637 
5 2918.158 
5 3419.539 
5 2619.317 
5 3078.888 
5 3023.131 
5 2651.087 
5 3091.459 
5 2423.871 
5 2508.971 
5 2902.085 
5 2979.602 
5 2706.101 
5 2870.960 
5 3168.507 
5 2792.547 
5 2469.450 
5 3177.604 
5 2743.308 
5 2063.208 
5 2573.624 
5 2180.279 
5 2660.596 
5 2753.624 
5 3371.925 
5 1873.506 
5 2935.383 
5 2927.028 
5 2946.304 
5 2932.170 
5 2667.810 
5 2367.933 
5 2448.107 
5 2788.685 
5 2875.072 
5 3040.612 
5 2631.862 
5 3220.060 
5 2970.499 
5 2801.722 
5 1863.384 
5 3042.560 
5 2340.908 
5 2945.431 
5 2683.337 
5 2966.182 
5 2978.032 
5 3278.777 
5 3344.390 
5 3019.340 
5 2038.178 
5 2870.367 
5 2783.833 
5 2053.213 
5 2376.384 
5 2902.787 
5 2512.627 
5 2556.136 
5 3098.875 
5 3605.797 
5 2865.367 
5 2493.620 
5 2298.141 
5 2586.725 
5 3431.602 
5 3011.029 
5 2639.985 
5 2403.583 
5 3079.751 
5 2832.758 
5 1936.220 
5 3163.939 
5 3149.539 
5 3095.153 
5 2892.378 
5 2294.813 
5 2633.099 
5 3116.824 
5 2777.184 
5 3171.951 
5 2254.918 
5 3184.874 
5 2388.639 
5 2331.267 
5 2612.628 
5 2849.447 
5 2014.022 
5 2573.213 
5 3338.440 
5 2559.357 
5 3144.451 
5 3051.431 
5 2969.635 
5 2644.800 
5 2801.658 
5 2875.096 
5 2332.017 
5 2647.166 
5 2469.090 
5 3290.697 
5 2526.129 
5 2597.804 
5 3289.250 
4 2068.691 
5 3547.659 
5 2457.075 
5 3008.646 
4 1910.724 
5 2314.436 
5 2911.050 
5 3066.678 
5 3313.218 
5 2661.060 
5 3064.185 
4 2661.788 
5 2985.027 
5 2642.763 
5 2720.754 
5 2788.082 
5 3061.745 
5 2980.460 
5 3182.473 
5 2661.322 
5 3360.297 
5 1981.667 
5 2865.085 
5 3392.595 
5 2898.605 
5 2523.375 
5 2743.978 
5 2116.254 
5 2591.684 
5 2458.729 
5 2416.446 
5 3033.857 
5 2601.572 
5 2838.336 
5 2451.198 
5 3292.990 
5 2730.685 
5 2321.545 
5 2896.011 
5 2291.557 
4 2005.181 
5 2710.626 
5 2647.682 
4 3139.630 
5 2368.367 
5 2864.823 
5 3139.573 
4 2954.255 
5 2550.561 
5 2763.302 
5 2380.291 
5 2462.321 
5 2757.004 
5 2206.445 
5 2689.329 
5 3034.344 
5 2100.934 
5 2853.402 
5 2794.676 
5 3513.305 
5 2780.701 
5 2791.506 
5 2128.768 
5 2932.034 
5 2600.835 
5 2826.869 
5 3149.362 
5 2937.645 
5 3085.407 
5 2538.197 
5 2404.773 
5 2577.617 
5 2971.114 
5 3041.719 
5 2545.439 
5 2615.810 
5 2658.969 
5 2792.548 
5 3278.132 
5 2976.439 
5 2573.398 
5 2566.316 
5 2232.883 
5 3288.325 
5 2518.969 
5 3496.214 
5 2937.781 
5 1854.114 
5 2780.977 
5 2763.203 
5 3172.985 
5 3413.152 
5 3148.214 
5 2909.865 
5 2857.736 
5 2921.657 
5 3053.306 
5 2702.455 
5 2542.155 
5 3467.456 
5 3001.556 
5 2842.261 
5 3206.151 
5 2888.149 
5 3214.478 
5 3182.345 
5 2631.861 
5 2766.020 
5 2610.110 
5 2275.702 
5 3002.192 
5 2992.064 
5 3026.618 
5 3373.781 
5 3203.698 
5 3100.631 
5 3084.348 
5 2041.559 
5 2694.848 
5 3263.872 
5 3383.249 
5 2966.957 
5 3384.005 
5 2986.661 
5 2212.450 
5 3061.760 
5 3248.554 
5 2882.079 
5 3197.987 
5 2744.999 
5 2732.943 
5 1911.020 
5 3414.597 
5 2105.924 
5 2959.089 
5 2590.214 
5 2870.069 
5 2837.036 
5 2873.836 
5 2853.284 
5 2764.776 
5 3108.364 
5 2755.792 
5 2446.734 
5 2860.616 
5 2484.459 
5 2630.582 
5 2669.647 
5 1798.645 
5 2797.643 
5 2759.951 
5 3086.552 
5 2302.515 
5 3098.274 
5 3284.444 
5 3240.228 
5 3004.289 
5 2787.168 
5 2314.564 
5 3148.642 
5 2139.420 
5 2506.413 
5 2986.641 
5 2404.858 
5 3225.713 
5 2509.774 
5 3182.943 
5 3185.614 
5 3656.997 
5 2956.763 
5 2194.433 
5 2588.378 
5 2696.707 
5 2916.780 
5 2832.586 
5 2748.406 
5 2064.549 
5 3092.367 
5 2938.769 
5 2821.843 
5 3241.540 
5 2791.781 
5 2849.005 
5 2588.233 
4 3071.375 
5 3060.195 
5 2878.867 
4 2445.409 
5 2370.506 
5 2890.016 
5 2249.794 
5 3132.684 
5 2784.409 
5 2400.855 
5 2636.888 
5 3028.215 
5 2760.129 
5 2424.684 
5 2645.026 
4 2028.223 
5 2874.646 
5 2786.844 
5 2865.349 
5 3064.495 
5 3127.352 
5 2364.062 
5 2792.597 
5 2240.615 
5 2988.115 
5 3346.307 
5 2287.733 
5 3163.759 
5 2249.917 
5 2284.278 
5 2372.825 
5 2236.875 
5 2497.923 
5 3215.924 
5 2526.735 
5 2859.216 
5 2856.354 
5 2875.225 
5 2577.732 
5 3835.158 
5 2299.326 
5 3437.042 
5 2947.725 
5 2761.284 
5 2848.264 
5 2502.900 
5 3111.412 
5 2920.172 
5 2848.306 
5 3003.177 
5 3139.383 
5 2254.694 
5 2687.093 
5 2813.501 
5 3110.119 
5 3846.904 
5 3209.631 
5 3134.614 
5 2763.902 
5 2918.506 
5 2505.532 
5 2738.110 
5 2993.884 
5 3444.474 
5 2639.297 
5 2321.719 
5 3238.760 
5 2474.443 
5 2798.628 
5 2187.755 
5 3005.099 
5 2791.527 
5 2959.011 
5 3051.554 
5 2830.142 
5 3607.078 
5 2887.945 
5 2455.580 
5 3512.823 
5 2693.025 
5 2590.439 
5 2787.811 
5 2285.120 
5 3085.006 
5 3159.021 
5 2929.705 
5 2950.533 
5 2663.369 
5 2467.292 
5 3298.157 
5 2644.181 
5 3135.246 
5 2448.599 
5 3303.767 
5 3208.012 
5 2235.945 
5 2692.247 
5 2631.218 
5 2748.015 
5 3567.979 
5 2977.700 
5 2437.131 
5 2266.665 
5 3212.874 
5 3103.586 
5 2807.029 
5 2549.546 
5 2149.415 
5 2688.601 
5 2643.087 
5 2450.451 
5 3210.610 
5 3363.903 
5 2763.512 
5 1945.854 
5 3000.293 
5 2617.511 
5 3163.135 
5 3300.919 
5 2883.973 
5 2385.418 
5 2528.413 
5 1981.466 
5 2818.323 
5 2032.367 
5 2947.689 
5 3161.618 
5 2743.341 
5 3432.120 
5 2654.229 
5 2834.820 
5 2892.081 
5 2656.774 
5 3025.197 
5 2875.899 
5 2290.467 
5 3156.865 
5 2650.068 
5 3235.922 
5 2555.267 
5 2585.791 
5 2896.885 
5 2695.799 
5 2812.056 
5 3211.164 
5 2945.948 
5 2076.834 
5 3081.533 
5 2699.692 
5 3025.145 
5 2322.159 
5 2949.195 
5 3947.479 
5 2875.024 
5 2989.643 
5 2571.540 
5 2572.133 
5 2482.813 
5 2837.794 
5 3015.338 
5 2464.714 
5 2991.149 
5 3043.136 
5 3338.339 
5 2398.084 
5 3202.161 
5 2555.354 
5 3430.374 
5 3120.819 
5 3032.692 
5 2700.649 
5 3233.018 
5 3160.096 
5 3331.754 
5 3338.830 
5 2810.046 
5 2900.434 
5 3006.215 
5 2776.042 
5 2088.228 
5 3220.531 
5 3180.162 
5 2120.279 
5 2780.355 
5 1842.503 
5 2597.942 
5 3087.100 
5 2945.199 
5 3456.741 
5 2766.860 
5 3358.321 
5 3051.911 
5 2817.959 
5 2586.313 
5 2718.232 
5 2464.346 
5 2600.742 
5 2738.871 
5 3074.187 
5 2487.699 
5 3091.228 
5 2794.083 
5 3259.558 
5 2875.900 
5 2489.509 
5 3001.306 
5 3225.971 
5 3041.452 
5 2969.623 
5 3191.689 
5 3987.165 
5 2815.409 
5 3015.991 
5 3120.457 
5 2685.481 
5 3423.513 
5 3244.880 
5 3147.049 
5 2306.634 
5 3163.721 
5 3023.868 
5 2459.702 
5 3121.294 
5 3250.062 
5 3060.145 
5 3441.861 
5 2792.790 
5 3179.374 
5 2701.069 
5 2739.987 
5 2618.576 
5 2734.288 
5 2762.784 
5 2825.508 
5 3306.084 
5 3081.984 
5 3122.959 
5 2565.934 
5 2932.143 
5 2184.426 
5 2902.957 
5 2431.007 
5 3318.590 
5 2351.233 
5 2558.692 
5 3204.126 
5 2718.003 
5 2748.654 
5 3139.252 
5 3023.229 
5 2474.502 
5 3965.767 
5 3493.709 
5 1990.721 
5 3099.855 
5 2308.181 
5 2685.327 
5 2930.142 
5 2913.341 
5 2836.716 
5 1794.120 
5 2158.177 
5 2808.635 
5 2535.437 
5 2867.266 
5 2890.567 
5 3364.270 
5 3782.576 
5 3076.924 
5 1511.154 
5 3851.842 
5 3137.669 
5 3118.448 
5 2566.777 
5 3070.658 
5 3609.916 
5 3091.584 
5 2705.254 
5 3501.104 
5 2877.559 
5 2955.982 
5 2099.041 
5 3595.549 
5 2580.841 
5 3206.456 
5 2987.062 
5 2839.936 
5 2663.659 
5 3567.382 
5 3480.526 
5 2468.646 
5 2686.623 
5 2965.376 
5 3317.184 
4 3232.964 
5 3156.562 
5 2711.848 
5 3195.100 
5 2039.304 
5 2935.156 
5 2599.101 
5 2532.338 
5 3894.641 
5 3083.351 
5 3058.092 
5 2601.346 
5 2989.523 
5 2539.696 
5 2586.204 
5 2764.622 
5 2885.387 
5 2744.223 
5 2015.307 
5 2444.785 
5 2925.001 
5 3200.927 
5 2561.740 
5 2678.719 
5 3105.434 
5 3158.214 
5 2556.364 
5 2224.241 
5 3334.260 
5 1867.006 
5 2532.580 
5 2933.811 
5 2617.240 
5 2869.730 
5 2548.309 
5 3027.998 
5 3033.207 
5 2443.857 
5 2682.014 
5 2652.604 
5 2859.987 
5 2730.253 
5 3339.333 
5 3633.747 
5 3238.469 
5 2430.785 
5 2920.918 
5 2455.652 
5 2540.986 
5 2770.238 
5 2814.609 
5 2557.999 
5 1867.064 
5 2669.727 
5 2518.262 
5 2761.783 
5 2707.624 
5 3068.989 
5 1827.785 
5 2863.466 
5 2950.591 
5 2741.328 
4 1403.182 
5 2796.822 
5 2245.686 
5 2646.734 
5 2441.294 
5 2656.090 
5 4133.269 
5 1943.182 
5 2921.591 
5 3129.425 
5 2525.403 
5 3238.544 
5 3018.374 
5 3886.931 
5 2892.827 
5 2515.121 
5 2500.934 
5 3002.629 
5 3529.307 
5 2750.539 
5 3035.144 
5 2283.631 
5 2807.166 
5 3274.957 
5 3410.400 
5 2792.480 
5 2726.229 
5 2727.741 
5 2205.449 
5 2331.319 
5 3384.988 
5 2461.490 
5 3075.559 
5 1989.369 
5 2723.852 
5 3367.101 
5 2927.948 
5 2758.173 
5 2921.913 
5 3134.115 
5 2738.970 
5 2827.044 
5 3474.127 
5 3277.159 
5 3012.894 
5 2115.088 
5 3418.237 
5 3568.408 
5 2684.602 
5 2143.277 
5 2818.148 
5 2520.038 
5 2947.001 
5 2450.818 
5 2580.610 
5 3063.883 
5 3908.195 
5 2565.967 
5 3286.968 
5 2912.062 
5 3129.335 
5 3297.584 
5 2772.844 
5 2784.219 
5 3040.787 
5 3164.198 
5 3195.036 
5 2554.245 
5 3288.905 
5 2464.101 
5 2532.117 
5 2902.670 
5 2428.047 
5 2991.093 
5 3173.746 
5 2794.473 
5 3510.085 
5 3532.967 
5 2720.089 
5 2953.613 
5 2637.480 
5 3191.389 
5 2709.737 
5 2650.344 
5 3151.115 
5 2402.377 
5 2928.822 
5 3280.897 
5 3169.057 
5 2922.254 
5 3156.845 
4 1762.903 
5 2587.181 
5 2783.396 
5 2160.758 
5 2493.751 
5 3403.878 
5 3059.851 
5 2640.777 
5 2882.240 
5 2456.792 
5 2474.993 
5 2829.336 
5 2406.404 
5 2893.808 
5 3094.534 
5 2867.189 
5 2809.174 
5 2561.051 
5 2674.634 
5 2112.596 
5 3263.115 
5 3446.791 
5 2630.525 
5 2687.416 
5 3350.861 
5 3037.571 
5 2777.341 
5 3065.568 
5 2677.578 
5 2919.406 
5 3726.313 
5 2847.165 
5 2263.332 
5 3112.326 
5 2732.246 
5 2607.475 
5 2745.913 
5 2635.389 
5 2794.021 
5 2905.377 
5 2902.163 
5 1984.439 
5 2149.488 
5 3173.038 
5 2944.778 
5 3144.362 
5 3364.609 
5 3259.046 
5 2975.590 
5 2773.077 
5 2200.316 
4 2412.249 
5 2448.106 
5 2974.655 
5 2507.785 
5 3221.285 
5 2445.735 
5 2480.302 
5 2810.263 
5 2025.242 
5 3193.376 
5 2690.095 
5 3806.262 
5 3194.285 
5 2760.108 
4 2294.795 
5 3158.116 
5 2630.216 
5 2747.225 
5 2628.879 
5 3325.003 
5 3026.321 
5 2582.004 
5 2878.210 
5 2572.489 
5 3137.147 
5 2542.899 
5 2527.108 
5 3313.861 
5 2656.793 
5 3177.733 
5 2394.888 
5 2302.884 
5 2525.667 
5 3138.509 
5 2710.933 
5 2200.641 
5 3035.185 
5 2709.263 
5 2319.261 
5 3151.672 
5 2629.875 
5 2733.191 
5 2881.458 
5 2161.516 
5 3324.652 
5 3052.918 
5 2833.623 
5 3354.954 
5 3065.530 
5 2490.142 
5 2967.636 
5 2964.620 
5 2737.143 
5 2403.044 
5 2876.661 
5 2752.834 
5 3487.664 
5 3868.361 
5 3790.510 
5 2488.662 
5 2757.749 
5 2845.945 
5 2805.332 
4 2002.360 
5 3418.937 
5 3197.847 
5 2691.888 
5 2806.101 
5 3432.067 
5 2915.885 
5 2880.930 
5 2804.278 
5 3040.743 
5 2718.080 
5 2491.250 
5 3112.943 
5 3118.901 
5 2077.773 
5 2569.481 
5 2665.255 
5 2327.941 
5 2548.188 
5 2395.290 
5 2862.064 
5 3659.223 
5 3488.842 
5 2600.364 
5 3172.664 
5 2738.304 
5 3219.082 
5 3333.720 
5 2279.842 
5 2601.454 
5 3168.009 
5 2735.566 
5 2070.263 
5 2262.803 
5 3226.217 
5 3257.669 
5 3148.359 
5 2972.021 
4 2825.492 
5 2781.355 
5 2626.417 
5 3133.125 
5 3380.918 
5 3320.109 
5 2576.148 
5 2703.332 
5 2902.890 
5 2439.276 
5 2917.604 
5 3100.402 
5 2840.523 
5 2821.549 
5 3839.953 
5 2803.858 
5 2930.237 
5 3005.648 
5 2678.032 
5 2473.338 
5 3124.604 
5 3063.608 
5 2759.214 
5 3197.636 
5 2722.701 
5 2768.908 
5 2709.435 
5 2869.979 
5 3375.478 
5 2663.818 
5 2612.280 
5 2830.811 
5 2859.597 
5 2674.673 
5 2308.410 
5 3212.022 
5 2426.846 
5 2443.605 
5 2962.455 
5 3000.310 
5 2813.858 
5 2302.648 
5 3395.246 
5 2760.601 
5 3119.750 
5 2433.200 
5 2351.635 
5 2793.343 
5 3089.500 
5 2762.497 
5 2786.738 
5 2693.510 
5 2936.769 
5 2621.067 
5 2650.664 
5 3079.996 
5 2507.288 
5 3005.423 
5 3044.813 
5 3118.709 
5 3146.612 
5 2527.054 
5 2715.180 
5 3006.544 
5 2392.998 
5 3029.838 
5 2585.671 
5 2562.571 
5 3435.580 
5 3561.090 
5 1581.186 
5 2468.323 
5 3299.139 
5 2495.479 
5 2977.732 
5 2694.999 
5 3641.262 
5 2814.614 
5 2774.859 
5 3163.734 
5 2608.217 
5 2938.816 
5 2760.487 
5 2454.652 
5 2941.572 
5 2350.163 
5 3065.442 
5 2930.945 
5 2184.580 
5 2823.336 
5 2348.572 
5 3172.963 
5 3191.185 
5 2448.021 
5 2909.732 
4 1923.271 
5 3646.498 
5 2793.291 
5 2945.351 
5 2496.055 
5 2829.986 
5 2671.249 
5 2492.444 
5 1577.484 
5 3023.067 
5 2860.418 
5 2768.858 
5 3095.254 
5 1744.661 
5 2623.482 
5 2645.714 
5 3020.704 
5 2984.319 
5 2406.259 
5 3256.611 
5 2979.324 
5 3279.839 
5 2752.680 
5 2188.858 
5 2861.467 
5 2506.595 
5 1921.393 
5 1870.677 
5 2176.748 
5 2642.860 
5 3108.307 
5 2935.159 
5 2617.992 
5 2735.863 
5 2798.397 
5 2317.217 
5 2857.256 
5 3339.483 
5 3178.039 
5 2295.496 
5 3133.356 
5 2516.461 
5 2679.103 
5 2789.969 
5 2852.144 
5 2365.252 
5 3002.468 
5 2946.653 
5 2804.385 
5 2664.918 
5 4014.140 
5 2919.219 
5 2837.878 
5 3016.132 
5 3846.948 
5 2443.646 
5 2619.803 
5 2564.188 
5 2671.758 
5 1947.861 
5 2199.451 
5 2433.640 
5 2362.479 
5 3093.383 
5 2253.978 
5 3038.292 
5 2603.338 
5 2691.467 
5 2945.981 
5 2885.673 
5 2746.206 
5 2320.816 
5 3523.295 
5 2656.018 
5 2562.871 
5 3093.659 
5 2507.937 
5 2738.860 
5 2896.373 
5 2931.609 
5 2625.015 
5 2851.138 
5 2610.703 
5 3194.443 
5 2629.468 
5 2885.775 
5 2608.417 
5 2350.663 
5 2954.019 
5 2686.433 
5 2561.290 
5 2576.264 
5 2541.935 
5 3175.051 
5 3452.450 
4 2638.742 
5 2437.436 
5 2951.425 
5 2546.539 
5 2310.284 
5 3585.137 
5 3241.215 
5 3197.362 
5 2743.176 
5 3323.576 
5 2469.692 
5 2925.255 
5 2935.001 
5 3078.318 
5 3758.489 
5 2712.341 
5 3261.574 
5 2775.256 
5 2976.595 
5 3474.745 
5 2818.996 
5 2460.619 
5 2461.003 
5 2603.979 
5 2388.294 
5 2934.794 
5 3457.572 
5 2803.276 
5 2982.092 
5 2813.167 
5 3342.003 
5 2452.967 
5 3030.067 
5 2845.121 
5 2721.490 
5 3279.290 
5 3256.828 
5 3070.068 
5 3073.857 
5 3073.113 
5 2220.308 
5 2662.657 
5 2652.254 
5 2793.657 
5 2452.410 
5 2651.623 
5 2411.426 
5 3473.634 
5 2729.150 
5 2850.935 
5 2662.042 
5 3076.439 
5 3210.331 
5 2688.246 
5 2711.656 
5 2802.529 
5 2910.480 
5 2756.559 
5 2497.108 
5 3166.719 
5 2396.879 
5 3431.752 
5 3813.490 
5 3121.414 
5 3161.904 
5 3544.657 
5 3213.745 
5 3878.804 
5 3321.304 
4 1622.931 
5 3278.254 
5 2270.061 
5 2058.566 
5 3087.420 
5 3085.845 
5 2494.339 
5 2442.988 
5 3045.624 
5 3232.583 
5 2223.840 
5 3381.347 
5 3025.927 
5 3176.941 
5 2563.609 
5 2658.397 
5 2854.245 
5 2569.545 
5 3190.699 
5 2942.491 
5 3131.238 
5 2708.156 
5 3316.112 
5 2779.267 
5 3293.257 
5 3570.573 
5 3063.052 
5 2896.254 
5 3863.763 
5 2745.984 
5 3390.319 
5 3177.996 
5 2922.030 
5 2827.309 
5 2658.843 
5 3244.148 
5 2732.438 
5 2365.780 
5 3291.827 
5 2898.651 
5 2903.259 
5 2277.595 
5 2998.986 
5 2513.830 
5 2830.181 
5 2647.881 
5 2559.728 
5 3299.974 
5 2770.765 
5 2945.721 
5 2447.861 
5 1993.917 
5 3225.335 
5 2914.384 
5 2802.759 
5 2803.065 
5 3253.970 
5 2391.127 
5 4181.994 
5 2615.170 
5 3150.402 
5 2774.500 
5 3485.362 
5 2872.463 
5 3611.522 
5 2504.063 
5 3326.956 
5 3046.746 
5 2967.671 
5 2091.181 
5 2259.741 
5 2907.224 
5 2763.231 
5 2882.704 
5 2947.949 
5 2760.870 
5 2807.305 
5 3362.578 
5 3297.508 
5 3012.206 
5 3042.197 
5 2846.879 
5 2839.349 
5 2678.664 
5 2016.582 
5 2609.581 
4 2528.043 
4 1980.243 
5 3190.908 
5 3430.895 
5 3027.511 
5 2526.087 
5 2782.823 
5 2651.048 
5 2578.624 
4 1999.817 
5 1965.443 
5 2467.250 
5 2981.653 
5 2634.758 
5 2524.633 
5 2558.148 
5 3152.432 
5 2669.325 
5 3291.932 
5 2671.891 
5 2832.369 
5 2755.584 
5 2989.558 
5 2634.558 
5 3468.820 
5 2602.476 
5 3386.619 
5 2439.123 
5 3302.475 
5 2526.121 
5 2761.723 
5 2755.555 
5 2661.149 
5 3297.901 
5 3154.059 
5 2668.375 
5 2384.413 
5 2964.654 
5 2153.032 
5 3355.337 
5 2762.667 
5 2493.131 
5 2274.514 
5 2412.459 
5 2780.005 
5 2830.901 
5 3225.857 
5 2921.801 
5 2421.827 
5 2810.810 
5 1508.612 
5 2521.263 
5 2593.179 
4 2611.001 
5 2512.237 
5 3046.970 
5 2255.572 
5 2519.573 
5 2966.095 
5 3519.977 
5 2306.162 
5 3346.143 
5 2153.989 
5 2032.725 
5 2530.819 
5 3673.231 
4 2816.716 
5 2665.029 
5 3273.812 
5 3635.515 
5 2668.770 
5 3215.761 
5 3500.825 
5 2374.030 
5 2789.145 
5 2407.240 
5 2657.975 
5 3126.192 
5 2520.896 
4 3205.433 
5 2942.698 
5 2818.079 
5 2949.157 
5 2184.732 
5 3085.922 
5 2834.024 
5 3080.621 
5 2848.742 
5 2636.605 
5 3040.509 
5 2904.932 
5 2633.572 
5 2648.105 
4 2682.586 
5 2760.070 
5 3114.700 
5 3024.555 
5 3187.036 
5 3236.792 
5 2566.074 
5 2363.381 
5 2664.698 
5 2780.872 
5 2814.246 
5 2645.940 
5 2537.159 
5 3320.461 
5 3180.862 
5 2514.728 
5 3401.018 
5 3561.164 
5 2913.894 
5 3449.934 
5 2932.318 
5 2701.537 
5 3315.248 
5 2461.202 
5 2735.830 
4 1734.748 
5 2645.866 
5 2224.984 
5 2575.817 
5 2752.008 
5 2510.749 
5 2839.659 
5 3484.757 
5 2667.453 
5 2832.274 
5 2767.680 
5 2908.171 
5 2724.282 
5 2322.669 
5 2686.219 
5 3035.363 
5 2602.324 
5 2651.050 
5 3076.359 
5 2789.789 
5 2760.760 
5 2319.077 
5 2453.277 
5 2764.093 
5 2729.098 
5 2476.047 
5 2366.650 
5 2975.553 
5 3243.054 
5 2722.868 
5 2877.896 
5 3114.416 
5 3101.987 
5 2841.283 
5 3189.722 
5 3308.907 
5 4026.814 
5 2641.646 
5 2751.189 
5 2921.388 
5 2521.592 
5 3321.984 
5 2607.608 
5 3405.379 
5 3000.653 
5 2491.331 
5 2911.927 
5 3088.297 
5 2272.592 
5 2378.490 
5 2976.773 
5 3272.419 
5 2941.858 
5 2784.441 
5 2496.769 
5 3399.024 
5 3657.535 
5 3133.604 
5 3162.614 
5 2730.408 
5 2681.333 
5 2388.367 
5 3846.456 
5 2896.799 
5 2497.434 
5 2821.420 
5 2641.431 
5 3320.980 
5 2349.007 
5 2928.166 
5 3472.012 
5 2536.780 
5 2360.635 
5 2222.353 
5 2843.269 
5 3405.622 
5 3044.798 
5 3287.076 
5 3685.205 
5 2220.559 
5 2740.352 
5 3296.907 
5 2276.135 
5 2283.839 
5 2238.959 
5 2366.872 
5 2739.291 
5 2642.651 
5 2600.273 
5 2639.076 
5 2199.474 
5 2766.431 
5 2949.329 
5 2365.412 
5 2965.239 
5 2841.068 
5 2920.312 
5 2744.055 
5 2851.614 
5 2662.114 
5 2690.495 
5 2868.309 
5 3397.494 
5 3518.871 
5 2739.190 
5 2506.762 
5 3614.324 
5 2532.375 
5 3131.970 
5 2639.052 
5 2775.487 
5 2385.521 
5 2736.592 
5 2725.864 
5 2785.133 
5 2619.752 
5 3266.988 
5 3313.573 
5 3109.558 
5 2886.572 
5 2844.968 
5 2290.985 
5 3396.076 
5 3023.027 
5 3483.218 
5 3284.592 
5 2456.562 
5 2843.402 
5 2714.707 
5 2653.679 
5 2831.019 
5 3380.367 
5 2739.684 
5 3483.156 
5 2992.737 
5 2986.640 
5 2755.658 
5 2732.353 
5 2456.074 
5 3004.308 
5 3410.911 
5 2380.397 
5 2286.487 
5 3616.302 
5 2939.757 
5 3388.449 
5 2871.652 
5 2699.317 
5 2512.271 
5 2822.426 
5 2934.918 
5 2761.883 
5 3415.640 
5 2777.192 
5 2925.644 
5 2779.089 
5 2873.962 
5 3170.375 
5 2629.409 
5 3235.676 
5 2342.296 
5 2368.118 
5 2894.052 
5 3174.639 
5 3384.068 
5 3451.002 
5 3022.997 
5 3073.635 
5 2422.503 
5 3672.205 
5 2881.931 
5 2644.132 
5 2884.560 
5 3927.645 
5 3046.461 
5 2030.680 
5 2536.983 
5 3002.172 
5 2444.299 
5 2828.019 
5 3150.040 
5 2906.406 
5 3217.188 
5 2941.552 
5 3024.311 
5 2566.366 
5 3699.592 
5 2388.600 
5 2541.656 
5 2842.016 
5 2707.391 
5 2747.235 
5 3435.665 
5 2438.522 
5 2746.156 
5 2438.602 
5 2705.771 
5 2765.046 
5 2405.903 
5 3417.501 
5 1723.390 
5 3495.925 
5 3172.329 
5 2824.723 
5 3132.803 
5 2165.283 
5 2628.636 
5 2612.743 
5 3300.200 
5 2842.218 
5 3333.556 
5 2923.729 
5 3057.206 
5 2872.766 
5 2406.572 
5 2877.807 
5 2207.066 
5 2840.720 
4 1535.046 
5 2570.432 
5 2721.636 
5 2570.935 
5 2318.972 
5 3210.920 
5 2764.749 
5 2977.416 
5 2652.194 
