5 2965.566 
5 3222.522 
5 2928.884 
5 2668.275 
5 2626.269 
5 3299.624 
5 2855.903 
5 1616.821 
5 2941.139 
5 2484.393 
5 2702.663 
5 2573.435 
5 3879.008 
5 2801.479 
5 2906.506 
5 2159.768 
5 2407.328 
5 2632.910 
5 2318.693 
5 3023.492 
5 2936.821 
5 2687.467 
5 3175.721 
5 2426.952 
5 3016.623 
5 2896.448 
5 3061.076 
5 3289.962 
5 3016.103 
5 3010.658 
5 2409.241 
5 1921.467 
5 3126.012 
5 2866.176 
5 2948.696 
5 2513.891 
5 2852.337 
5 2156.823 
5 3052.662 
5 3294.496 
5 2751.533 
5 2975.339 
5 3320.438 
5 2362.685 
5 3020.989 
5 2632.159 
5 3171.099 
5 2809.141 
5 3276.120 
5 3668.033 
5 2678.277 
5 2836.217 
5 3383.026 
5 3622.488 
5 2741.082 
5 2303.099 
5 3594.992 
5 2430.518 
5 2108.573 
4 2338.997 
5 2867.080 
5 3443.854 
5 2427.929 
5 2859.089 
5 3128.977 
5 3374.922 
5 3351.362 
5 2382.373 
5 2224.596 
5 2643.880 
5 2694.993 
5 2605.282 
5 3163.589 
5 3656.950 
5 3360.626 
5 2479.079 
5 2547.222 
5 3119.055 
5 2744.218 
5 2895.489 
5 2968.326 
5 2872.042 
4 2244.566 
5 2908.475 
5 2763.338 
5 2094.874 
5 2644.351 
5 2036.917 
5 3024.470 
5 3339.894 
5 2833.314 
5 3226.394 
5 2865.776 
5 2849.533 
5 3110.557 
5 2898.021 
5 2804.012 
4 3003.423 
5 2671.161 
5 3181.869 
5 3369.681 
5 2659.723 
5 3449.110 
5 3214.297 
5 3057.673 
5 3539.755 
5 2938.689 
5 3072.836 
5 2616.519 
5 3429.838 
5 2803.021 
5 2221.171 
5 2383.162 
5 3223.524 
5 2869.770 
5 3129.493 
5 3128.065 
5 3211.663 
5 2762.804 
5 3059.420 
5 2721.607 
5 2094.563 
5 3139.465 
5 2708.308 
5 3063.597 
5 3234.737 
5 2437.861 
5 2903.348 
5 3377.257 
5 3075.061 
5 2492.555 
5 3314.593 
4 1752.093 
5 2330.776 
5 2496.102 
5 3022.806 
5 2981.896 
5 2838.207 
5 2711.650 
5 2655.672 
5 2093.409 
5 2837.825 
5 3110.606 
5 2830.350 
5 3075.518 
5 3146.347 
5 3561.732 
5 3212.415 
5 2892.644 
5 3646.817 
5 2970.247 
5 2701.546 
5 3113.307 
5 2995.796 
5 2633.949 
5 2851.830 
5 3645.563 
5 2847.288 
5 2505.898 
5 3791.802 
5 2969.293 
5 4019.093 
5 2822.716 
5 3332.500 
5 2113.341 
5 3659.765 
5 2794.850 
5 2774.399 
4 1909.872 
5 1711.667 
5 2750.276 
5 2891.778 
5 2813.936 
5 3354.064 
5 1805.102 
5 2625.758 
5 3330.242 
5 3840.396 
5 3096.170 
5 2941.004 
5 2900.794 
5 2470.858 
5 2838.858 
5 2699.803 
5 3104.118 
5 2855.899 
5 2305.808 
5 2923.804 
5 2500.309 
5 2699.006 
5 3125.287 
5 2943.790 
5 3534.667 
5 2724.293 
5 3132.074 
5 3112.308 
5 2851.766 
5 2728.241 
5 2914.539 
5 2778.551 
5 2559.608 
5 2729.092 
5 2695.716 
5 2993.634 
5 2740.965 
5 3511.535 
5 2769.262 
5 2338.403 
5 3450.743 
5 2227.834 
5 1817.097 
5 2713.490 
5 3076.690 
5 3384.189 
5 2907.271 
5 2839.989 
5 2978.559 
5 2971.820 
5 2889.703 
5 2747.284 
5 2838.905 
5 2552.005 
5 2649.851 
5 2702.377 
5 2847.084 
5 3003.792 
5 2418.797 
5 1919.025 
5 3507.133 
5 3343.819 
5 2938.727 
5 3314.437 
5 2815.250 
5 3159.762 
5 2523.809 
5 2577.304 
5 2345.922 
5 2638.805 
5 2296.561 
5 2846.251 
5 2354.500 
5 2679.360 
5 2636.154 
5 3045.769 
5 2786.537 
5 3708.947 
5 3506.965 
5 3539.682 
5 2182.154 
5 2707.216 
5 3036.218 
5 3436.857 
5 3438.305 
5 2778.704 
5 2957.798 
5 2852.313 
5 2792.031 
5 3399.590 
5 2719.258 
5 3230.705 
5 3164.410 
5 2707.477 
5 2905.499 
5 2944.356 
5 2365.615 
5 3782.006 
5 3391.450 
5 2229.843 
5 3055.605 
5 2982.732 
5 3042.064 
5 2869.898 
5 3471.810 
5 2659.787 
5 2842.906 
5 3053.550 
5 2804.297 
5 3404.419 
5 3059.651 
5 3318.527 
5 2378.013 
5 2456.456 
5 2194.322 
5 2935.903 
5 2425.627 
5 2695.561 
5 2392.010 
5 2398.674 
5 2609.087 
5 2709.419 
5 2958.462 
5 2863.545 
5 2983.025 
5 3140.355 
5 3582.501 
5 3002.389 
5 2600.905 
5 3146.865 
5 3170.974 
5 3069.724 
5 3080.205 
5 2702.700 
5 2989.514 
5 3636.941 
5 3375.197 
5 3376.808 
5 2704.813 
5 2797.911 
5 2941.770 
5 2672.709 
5 3480.676 
5 3340.925 
5 2905.026 
5 3436.002 
5 2869.860 
5 3236.994 
5 4092.281 
5 3026.191 
5 2795.901 
5 2534.321 
5 2613.147 
5 2078.987 
5 2128.089 
5 2321.773 
5 3321.008 
5 3267.595 
4 2098.096 
5 3596.776 
5 3267.424 
5 3207.682 
5 2428.406 
4 2516.367 
5 3221.506 
5 2498.853 
5 3284.211 
5 2676.710 
5 3589.121 
5 2356.204 
5 2508.071 
5 3662.284 
5 3266.915 
5 3111.252 
5 2525.374 
4 2378.818 
5 3567.813 
5 3249.256 
5 2698.769 
5 2718.113 
5 3136.897 
5 3008.958 
5 3228.031 
5 3130.266 
5 3344.676 
5 2691.435 
5 2495.626 
5 2443.525 
5 2744.378 
5 3006.691 
5 2737.271 
5 2962.104 
5 2991.235 
5 2584.423 
5 2850.829 
5 2199.608 
5 2751.735 
5 3429.521 
5 2823.882 
5 2842.615 
5 3207.994 
5 3027.816 
5 2994.301 
5 3252.925 
5 3744.332 
5 2710.305 
5 3421.305 
5 2859.504 
5 2834.800 
5 3237.083 
5 2887.711 
4 1972.165 
5 3302.920 
5 2389.164 
5 3212.583 
5 2552.656 
5 2604.140 
4 1941.745 
5 2347.772 
5 2912.778 
5 2753.060 
5 3585.777 
5 2852.143 
5 2485.044 
5 3370.243 
5 2244.756 
5 3228.151 
5 2999.484 
5 3098.037 
5 2756.323 
5 3211.081 
5 2932.466 
5 2689.088 
5 2638.211 
5 2856.173 
5 3527.456 
5 2954.372 
5 2525.532 
5 2925.238 
5 3184.252 
5 3419.701 
5 2864.328 
4 2841.707 
5 2823.301 
5 2165.541 
5 2816.731 
5 2917.870 
5 2678.548 
5 3235.405 
5 3124.291 
5 2328.055 
5 3246.800 
5 3539.097 
5 3089.486 
5 3232.959 
5 2669.019 
5 2873.626 
5 3008.431 
5 2723.840 
5 2286.213 
5 2723.241 
5 2524.729 
5 2218.534 
5 2743.553 
5 2827.170 
5 3103.892 
5 2891.640 
5 2664.466 
5 2674.688 
5 2624.862 
5 3071.491 
5 2543.609 
5 1937.517 
5 2850.545 
5 3681.292 
5 2861.302 
5 3371.996 
5 3378.229 
5 2905.141 
5 2727.780 
5 3557.033 
5 2761.716 
5 2766.135 
4 1723.561 
5 3239.566 
5 3716.723 
5 3036.144 
5 2517.814 
5 3233.957 
5 2897.832 
5 2510.564 
5 2957.031 
5 2666.669 
5 2793.771 
5 3067.576 
5 2644.377 
5 2953.285 
5 2708.707 
5 3117.443 
5 2703.146 
5 2686.365 
5 2900.995 
5 3670.469 
5 2920.291 
5 2686.296 
5 3565.134 
5 2761.326 
5 3115.885 
5 2798.921 
5 3281.702 
5 2796.469 
5 3398.447 
5 2543.433 
5 2963.563 
5 3130.450 
5 2911.640 
5 2716.608 
5 2228.046 
5 2577.402 
5 2873.832 
5 3069.207 
5 2603.131 
5 2684.986 
5 2855.367 
5 3312.216 
5 3288.940 
5 3246.336 
5 2640.383 
5 2754.537 
5 2962.200 
5 2706.521 
5 1935.007 
5 2955.207 
5 2810.594 
5 3297.234 
5 2659.924 
5 3154.057 
5 2362.540 
5 3728.987 
5 1910.522 
5 3349.693 
5 3220.409 
5 2836.161 
5 3634.722 
5 2908.573 
5 2888.969 
5 2973.113 
5 2287.784 
5 3732.459 
5 3613.403 
5 3167.457 
5 2705.340 
4 1655.036 
5 2740.133 
5 3149.225 
5 3874.182 
5 2821.315 
5 2644.079 
5 3114.802 
5 2696.207 
5 3022.257 
5 2545.192 
5 2983.552 
5 2711.439 
5 2177.717 
5 3078.410 
5 3311.759 
5 2520.739 
5 2434.826 
5 2836.650 
5 2924.083 
5 2521.132 
5 3120.339 
5 3014.618 
5 2315.081 
4 1828.807 
5 3159.401 
5 3424.069 
5 2854.980 
5 2551.569 
5 3026.211 
5 2506.497 
5 3125.212 
5 3111.911 
5 2722.368 
5 3460.187 
5 2413.943 
5 2298.932 
5 2799.804 
5 3153.223 
5 3357.641 
5 2483.845 
5 2366.826 
5 2609.000 
5 2740.071 
5 2922.819 
5 2165.329 
5 3118.749 
5 3061.952 
5 3150.905 
5 2916.527 
5 2829.908 
5 3160.842 
5 2853.638 
5 3193.677 
5 2596.552 
5 2479.957 
5 3171.166 
5 1960.791 
5 2703.365 
5 3313.021 
5 2584.230 
5 2560.472 
5 2702.772 
5 3001.988 
5 2996.273 
5 2178.376 
4 1997.736 
5 2330.030 
5 3212.826 
5 3368.471 
5 3621.641 
5 2712.092 
5 3121.106 
5 2403.914 
5 2881.234 
5 2321.043 
5 3512.399 
5 2085.045 
5 2528.457 
5 2551.106 
5 2311.819 
5 3000.305 
5 2853.787 
5 3091.502 
5 2257.832 
5 2855.009 
5 2755.703 
5 3056.500 
5 2780.433 
4 1924.065 
5 2839.101 
5 2493.969 
5 2898.700 
5 2786.622 
5 3409.476 
5 2813.073 
5 3070.155 
5 2196.896 
5 3133.748 
5 2710.056 
5 2827.721 
5 3272.320 
5 2923.480 
5 2705.295 
5 3613.655 
5 3088.950 
5 2086.662 
5 3080.033 
5 2500.611 
5 2947.189 
5 2665.659 
5 2754.204 
5 3125.065 
5 2707.525 
5 2287.854 
5 2628.158 
5 2187.545 
5 2089.181 
5 2772.815 
5 2443.827 
5 2485.414 
5 2813.405 
5 2227.794 
5 3527.899 
5 2901.055 
5 2433.083 
5 3269.595 
5 2741.189 
5 2999.670 
5 2934.372 
5 2759.225 
5 3068.886 
5 2646.705 
5 2843.066 
5 3132.367 
5 2595.603 
5 2643.762 
5 2766.155 
5 2637.525 
5 2438.736 
5 2808.321 
5 2702.261 
5 2457.958 
5 2631.891 
5 2730.013 
5 2523.490 
4 1583.500 
5 2748.447 
5 2523.509 
5 2723.671 
5 2581.508 
5 2647.230 
5 1964.084 
5 2983.633 
5 2929.005 
5 2485.389 
5 2507.909 
5 3344.940 
5 2843.768 
5 2973.666 
5 2525.457 
5 3072.052 
5 3207.878 
5 2344.282 
5 3197.423 
5 2897.945 
5 2942.637 
5 2504.914 
5 2440.495 
5 3175.079 
5 3546.154 
5 2669.998 
4 2987.849 
5 3125.094 
5 3131.792 
5 2953.164 
5 3287.601 
5 3339.815 
5 3378.130 
5 2785.713 
5 3104.044 
5 4251.683 
5 2634.716 
5 3430.091 
5 3478.871 
5 2814.164 
5 2159.732 
5 3520.603 
5 2422.436 
5 3398.131 
5 2015.869 
5 3057.194 
5 2414.163 
5 2951.658 
5 2323.609 
5 2619.294 
5 2820.232 
5 2637.396 
5 2832.871 
5 2742.725 
5 3127.247 
5 3275.775 
5 2871.276 
5 2702.186 
5 3201.530 
5 3382.046 
5 2747.549 
5 2894.878 
5 2616.400 
5 3331.705 
5 2785.846 
4 2099.111 
5 3122.404 
5 3292.080 
5 3110.623 
5 3027.360 
5 2785.612 
5 3371.425 
5 3396.416 
5 2965.160 
5 2904.674 
4 1644.258 
5 2935.558 
5 2942.273 
5 2436.045 
5 2479.336 
5 2905.032 
5 3087.021 
5 2938.387 
5 2580.376 
5 2864.731 
5 2248.786 
4 3062.386 
5 3065.797 
5 3047.927 
5 2656.593 
5 2834.818 
4 2310.229 
5 2573.532 
5 3157.487 
5 2767.014 
5 3160.885 
5 2254.866 
5 3272.396 
5 3167.244 
5 3019.876 
5 2554.475 
5 3247.767 
5 3438.244 
5 2876.097 
5 2421.107 
5 2694.801 
5 2969.729 
5 2361.330 
4 3096.310 
5 2901.643 
5 3090.367 
5 2815.907 
5 3018.729 
5 3408.817 
5 3089.662 
5 3073.680 
5 3321.723 
5 2117.270 
5 3339.715 
5 2745.562 
5 2820.718 
5 3368.798 
5 2413.956 
5 2709.868 
5 3438.079 
5 3101.765 
5 3001.878 
5 2893.403 
5 2654.725 
5 2727.442 
5 3169.581 
5 2798.521 
5 3071.295 
4 3169.278 
5 2598.377 
5 2642.965 
5 3446.581 
5 3531.565 
5 2850.987 
5 2865.761 
5 2913.460 
5 2573.353 
5 3681.123 
5 2727.535 
5 2371.012 
4 2862.248 
5 2773.222 
5 2434.754 
5 1722.823 
5 3056.484 
5 2909.635 
5 3098.449 
5 2935.185 
5 2933.447 
5 2685.110 
5 2805.404 
5 3128.531 
5 3285.902 
5 3427.789 
5 2208.169 
5 3026.022 
5 2316.731 
5 3704.579 
5 3652.857 
4 1410.068 
5 2542.140 
5 3434.637 
5 2842.789 
5 2896.701 
5 2622.368 
5 3422.830 
5 2586.673 
5 2877.193 
5 2832.371 
5 2350.708 
5 3407.539 
5 3345.529 
5 2319.947 
5 3687.842 
5 2939.073 
5 2654.239 
5 3061.682 
5 2642.427 
5 2912.383 
5 2733.029 
5 2597.538 
5 3289.255 
5 3133.306 
5 3089.938 
4 2227.448 
5 2747.822 
5 2461.763 
5 3539.579 
5 3615.734 
5 2676.998 
5 3099.061 
5 2566.997 
5 3081.230 
5 2486.847 
5 3401.952 
5 2773.979 
5 2998.541 
5 2527.255 
5 2718.288 
5 2601.361 
5 2937.959 
5 2738.390 
5 3162.535 
5 2522.946 
5 2838.916 
5 3262.303 
5 3211.214 
5 2174.744 
5 2498.141 
5 2818.437 
5 2778.499 
5 3256.369 
5 3276.650 
5 3419.526 
5 2987.763 
5 3338.867 
5 2945.469 
5 3055.147 
5 3156.488 
5 3459.231 
5 2220.419 
5 2367.752 
5 2737.337 
5 3081.568 
5 1750.792 
5 2654.146 
5 2495.998 
5 3181.965 
5 2882.404 
5 2846.676 
5 2738.148 
5 3734.921 
5 2771.614 
5 2928.546 
5 2864.123 
5 2563.961 
5 3270.377 
5 3142.028 
5 3012.229 
5 2551.042 
5 2890.945 
5 2859.058 
5 3386.950 
5 3581.059 
5 3483.954 
5 2570.356 
5 2507.683 
5 2230.397 
5 3199.596 
5 2677.262 
5 2796.416 
5 2405.149 
5 2602.538 
5 2822.120 
5 3022.138 
5 3303.046 
5 3388.152 
5 2518.811 
5 3017.238 
5 2918.732 
5 2923.396 
5 3100.876 
5 2895.187 
5 3152.726 
5 4172.727 
5 2688.821 
5 2797.621 
5 2690.168 
5 2908.509 
5 3029.987 
5 3145.439 
5 2864.845 
5 3327.406 
5 2935.882 
5 2483.710 
5 1704.522 
5 3015.234 
5 2947.504 
5 2752.993 
5 3210.033 
5 2813.470 
5 2732.525 
5 2772.761 
4 2241.871 
5 2251.331 
5 2967.839 
5 2496.103 
5 2411.692 
5 3324.687 
5 2489.645 
5 3175.084 
5 2630.450 
5 3522.259 
5 3165.357 
5 2975.219 
5 2867.305 
5 2391.255 
5 3407.867 
5 2864.944 
5 2204.784 
5 2713.518 
5 3203.393 
5 2696.093 
5 2892.770 
5 2352.729 
5 2901.971 
5 2452.194 
5 3120.906 
5 2380.942 
5 2710.711 
5 2939.021 
5 3088.683 
5 3156.477 
5 2634.172 
5 2845.140 
5 2367.948 
5 2632.135 
5 3480.760 
5 2879.980 
5 2506.924 
4 1407.470 
5 3181.176 
5 2890.674 
5 3858.643 
5 2228.230 
5 3081.427 
5 2525.574 
5 3134.883 
5 2708.268 
5 2993.968 
5 3457.503 
5 3155.011 
5 2627.346 
5 2485.678 
5 2379.400 
5 3261.375 
5 3206.650 
5 3038.448 
5 2929.071 
5 2246.047 
5 2574.885 
5 3848.854 
5 2655.367 
5 3145.585 
5 3175.615 
5 2813.931 
5 2699.219 
5 3521.079 
5 3316.149 
5 2093.457 
5 3559.530 
5 2532.141 
5 2503.100 
5 2941.683 
5 2771.612 
5 3333.069 
5 2929.700 
5 2496.675 
5 2695.308 
5 3072.896 
5 2935.701 
5 2845.330 
5 2883.643 
5 2839.714 
5 3582.035 
5 3000.965 
5 3653.326 
5 3168.563 
5 2970.662 
5 2534.279 
5 3206.862 
5 3033.625 
5 2908.224 
5 2819.911 
5 2754.708 
5 2658.469 
5 2409.429 
5 2610.144 
5 2836.126 
5 3118.655 
5 2884.063 
5 2868.659 
5 3262.854 
5 2586.150 
5 2472.007 
5 2570.354 
5 2342.690 
5 2568.373 
5 3268.245 
5 3163.144 
5 2111.026 
5 2588.656 
5 3059.421 
5 2732.430 
5 2953.114 
5 3638.150 
5 2976.139 
5 2386.548 
5 2929.316 
5 3233.750 
5 3292.713 
5 2733.880 
5 2839.787 
5 2879.101 
5 3029.517 
5 3048.372 
5 2558.087 
5 2912.068 
5 2619.646 
5 2504.815 
5 2046.089 
5 2945.127 
5 2687.373 
5 3231.242 
5 3304.390 
5 2096.846 
5 3179.650 
5 4038.306 
5 3148.561 
5 3171.439 
5 2044.538 
5 3451.066 
5 2801.849 
5 2868.408 
5 2191.779 
5 2591.838 
5 2826.464 
4 1047.194 
5 2952.476 
5 2234.023 
5 2849.810 
5 3608.116 
5 2529.929 
5 3185.479 
5 2836.999 
5 2721.809 
5 2766.599 
5 3185.562 
5 3166.246 
5 3178.062 
5 2944.542 
5 3037.907 
5 2930.601 
5 2689.483 
5 3077.345 
5 2979.723 
5 2680.085 
5 3187.130 
5 2842.731 
5 2851.364 
5 2245.154 
5 2527.427 
5 2291.927 
5 2467.978 
5 2799.521 
5 2948.925 
5 2110.094 
5 3558.669 
5 2735.941 
5 2876.063 
5 2921.428 
5 2703.141 
5 3340.821 
5 2597.936 
5 2978.022 
5 2272.081 
5 2888.616 
5 3840.436 
5 2671.404 
5 3513.798 
5 3161.197 
5 3082.455 
5 2934.028 
5 3151.389 
5 3146.566 
5 2761.365 
4 2641.399 
5 2840.899 
5 2612.622 
5 3062.832 
5 3117.786 
5 2075.111 
5 2954.321 
5 3692.685 
5 3302.622 
5 2727.994 
5 2348.920 
5 2095.538 
5 3101.228 
5 2754.921 
5 2851.925 
5 2591.813 
5 1653.704 
5 2926.473 
5 2660.824 
5 2941.223 
5 2536.643 
5 3417.999 
5 2603.472 
5 2639.136 
5 2878.327 
5 3721.569 
5 4077.163 
5 3295.425 
5 3447.575 
5 2956.894 
5 2875.726 
5 2704.564 
5 3256.375 
5 2916.546 
5 2831.923 
5 2810.942 
5 3229.256 
5 3583.489 
5 2965.794 
5 2973.239 
5 3142.907 
5 2556.676 
5 3238.444 
5 2959.256 
5 2934.237 
5 3447.441 
5 4245.169 
5 3153.171 
5 2752.568 
5 2867.931 
5 3317.413 
5 3018.079 
5 2368.581 
5 3330.114 
5 2818.568 
5 2689.661 
5 2389.878 
5 2644.562 
5 2703.983 
5 2384.934 
5 2999.723 
5 4100.051 
5 3502.157 
5 2105.914 
5 2235.464 
5 2657.146 
5 3472.980 
5 3322.981 
5 3030.285 
5 2760.940 
5 3656.317 
5 2853.137 
5 2728.852 
5 2669.118 
5 3503.828 
5 2892.744 
5 3209.015 
5 3494.923 
5 1998.441 
5 2898.659 
5 3045.903 
5 3440.461 
5 2831.658 
5 3209.945 
5 2970.699 
5 2622.773 
5 3072.782 
5 2631.223 
5 2969.312 
5 2857.851 
5 2594.648 
5 3739.671 
5 2647.582 
5 2740.917 
5 3188.700 
5 2633.612 
5 2707.363 
5 2335.597 
5 2672.252 
5 2181.027 
5 3091.641 
5 3813.262 
5 2298.800 
5 2372.499 
5 2980.085 
5 3407.564 
5 2635.863 
5 3077.979 
5 2383.986 
5 2969.159 
5 3533.049 
5 2307.680 
5 3272.065 
5 3147.107 
5 3936.507 
5 2718.977 
5 3107.434 
5 2098.419 
5 2856.788 
5 2647.309 
5 3061.261 
5 2989.460 
5 2343.781 
5 2578.969 
5 1674.075 
5 2531.588 
5 2903.171 
5 3079.310 
5 2731.043 
5 2844.213 
5 3303.093 
5 2626.384 
5 2935.098 
5 2303.195 
5 3564.534 
5 3184.396 
5 2347.218 
5 3047.522 
5 2970.391 
5 2841.467 
5 2608.324 
5 2752.300 
5 3067.774 
5 2183.152 
5 3061.431 
5 3251.904 
5 2522.163 
5 3085.353 
5 2425.756 
5 2227.592 
5 2877.226 
5 3103.162 
4 2182.179 
5 3509.979 
5 2512.140 
5 3160.634 
5 2987.991 
5 2676.773 
5 3078.352 
5 2542.163 
5 1941.512 
5 2396.530 
5 2121.068 
5 3292.402 
5 2420.393 
5 3367.340 
5 3078.248 
5 3373.027 
5 3026.789 
5 2344.402 
5 3153.578 
5 2814.057 
5 3103.901 
5 3020.064 
5 2582.804 
5 2619.906 
5 3519.883 
5 2906.245 
5 3428.976 
5 3321.786 
5 2976.804 
5 3107.395 
5 2976.442 
5 2806.689 
5 2740.504 
5 2213.708 
5 3267.621 
5 2369.204 
5 2745.957 
5 2974.671 
5 2179.003 
5 3133.604 
5 2684.917 
5 3035.107 
5 3349.945 
5 2947.882 
5 2389.201 
5 2797.500 
5 2751.889 
5 2902.319 
5 2844.544 
5 2873.615 
5 3611.117 
5 2183.570 
5 2863.483 
5 2534.068 
5 3159.927 
5 3488.679 
5 2089.394 
5 3486.073 
5 2616.160 
5 2994.081 
5 3433.287 
5 2712.165 
5 2379.495 
5 2667.502 
5 3284.644 
5 3330.784 
4 2619.113 
5 2947.803 
5 3654.177 
5 2975.988 
5 2972.648 
5 2934.783 
5 2967.246 
5 2884.620 
5 3244.645 
5 3831.376 
5 2665.950 
5 3290.073 
5 3280.936 
5 2632.749 
5 2973.982 
5 3128.031 
5 2930.046 
5 2873.129 
5 2327.782 
5 2300.476 
5 2656.204 
5 3381.745 
5 3026.075 
5 3077.622 
5 2869.133 
5 2935.556 
5 2650.917 
5 2121.008 
5 3070.410 
5 2772.138 
5 2413.764 
5 1905.718 
5 2873.807 
5 2536.243 
5 3039.037 
5 3037.059 
5 2475.014 
5 3352.386 
5 2885.072 
5 3713.167 
5 3506.573 
5 2274.366 
5 3326.986 
5 2962.076 
5 2970.524 
5 2908.472 
5 2718.629 
5 3145.647 
5 2644.869 
5 3156.954 
5 3023.736 
5 2699.009 
5 2911.971 
5 2870.202 
5 2233.668 
5 2918.992 
5 2571.287 
5 2560.478 
5 3131.082 
5 3168.395 
5 2182.860 
5 2938.983 
5 2097.143 
5 2972.180 
5 2647.267 
5 2994.137 
5 2823.421 
5 2895.149 
5 2613.312 
5 2344.964 
5 3035.375 
5 2699.757 
5 3523.814 
5 3007.225 
5 3245.945 
5 3002.721 
5 2477.384 
5 3020.869 
5 3230.239 
5 3086.693 
5 2938.790 
5 3290.034 
5 2948.657 
5 2992.262 
5 2552.894 
5 2800.403 
5 1987.595 
5 2893.808 
5 3259.563 
5 2772.961 
5 3375.888 
5 3341.936 
5 2837.309 
5 3285.192 
5 2725.019 
5 3224.282 
5 3252.562 
5 2409.999 
5 2525.017 
5 3171.342 
5 3113.635 
5 2594.475 
5 3015.809 
5 2576.063 
5 3315.998 
5 2731.534 
5 2645.579 
5 2544.253 
5 3120.361 
5 2718.686 
5 2636.185 
5 2659.984 
5 2614.578 
5 1849.505 
5 2618.697 
5 2620.862 
5 1884.719 
5 2876.245 
5 2588.127 
5 2824.296 
5 3341.051 
5 3194.997 
5 2426.130 
5 3866.727 
5 3090.745 
5 2787.407 
5 2388.740 
5 2606.569 
5 3005.183 
5 2837.664 
5 2648.244 
5 2953.432 
5 2766.043 
5 2627.209 
5 3169.905 
5 2520.134 
5 3310.340 
5 2525.206 
5 2642.344 
5 2918.877 
5 2577.565 
5 3368.388 
5 3318.297 
5 2266.011 
5 2909.078 
5 2692.037 
5 2988.944 
5 2947.490 
5 2776.267 
5 2783.891 
5 3270.636 
5 3115.060 
5 3185.248 
5 3135.384 
5 3675.866 
5 3153.868 
5 2332.047 
5 2753.470 
4 2425.831 
5 3439.141 
5 3557.019 
5 3413.146 
5 3010.711 
5 2997.805 
5 3205.002 
5 3164.503 
5 2832.756 
5 3134.074 
5 2700.825 
5 3031.913 
4 2236.683 
5 3132.566 
5 3353.148 
5 2946.773 
5 2766.700 
5 3375.116 
5 2708.007 
5 3329.684 
5 3318.635 
5 2210.209 
4 1989.753 
5 2935.913 
5 3819.604 
5 2348.113 
5 3038.012 
5 2712.945 
5 3076.632 
5 2997.968 
5 2595.130 
5 2323.437 
5 3098.511 
5 3513.260 
5 2253.453 
5 3092.588 
5 2588.167 
5 3048.868 
4 2140.561 
5 3029.375 
5 2931.137 
5 3053.700 
5 1994.758 
5 3214.832 
5 3562.101 
5 2889.838 
5 2144.597 
5 2360.044 
5 2742.527 
5 3592.382 
5 2797.589 
5 3095.175 
5 2856.582 
5 2423.425 
5 3487.905 
5 2684.653 
5 3027.807 
5 3501.368 
5 4427.372 
5 3052.000 
5 2972.342 
5 2735.155 
5 2968.244 
5 2664.390 
5 3089.838 
5 2329.264 
5 2390.597 
5 2745.208 
5 2302.500 
5 3046.907 
5 2923.107 
5 2082.596 
5 3435.322 
5 2494.646 
5 2924.276 
5 3172.857 
5 2947.434 
5 2566.874 
5 2451.943 
5 2609.520 
5 3013.460 
5 2991.917 
5 3756.391 
5 2732.772 
5 2851.241 
5 3002.765 
5 3567.363 
5 2922.161 
5 3124.179 
5 2488.465 
5 3030.611 
5 3069.053 
5 3181.876 
5 2670.168 
5 3051.089 
5 2971.439 
5 2840.464 
5 3294.953 
5 2466.717 
5 2552.462 
5 2871.259 
5 2420.375 
5 2604.133 
5 3866.634 
5 2658.806 
5 2857.090 
5 2207.934 
5 2447.130 
5 2587.079 
5 3024.015 
5 2602.885 
5 2246.299 
5 3118.983 
5 3201.473 
5 2968.741 
5 3413.728 
5 2946.334 
5 2836.721 
5 2924.405 
5 3246.641 
5 2721.851 
5 3199.833 
5 2368.194 
5 2956.930 
5 2891.779 
5 4040.642 
5 2160.161 
5 1817.204 
5 2367.906 
5 2701.825 
5 2303.037 
5 2416.967 
5 3372.562 
5 2830.809 
5 3204.809 
5 2462.095 
5 3710.365 
5 2735.268 
5 3052.649 
5 2605.134 
5 3005.562 
5 2709.845 
5 3627.001 
5 3446.260 
5 2640.149 
5 2928.573 
5 2892.681 
5 3520.295 
5 2655.308 
5 2951.582 
5 3725.034 
5 3446.837 
5 2703.601 
5 3086.090 
5 3102.602 
5 2513.578 
5 3165.165 
5 3405.399 
5 2800.874 
5 2805.684 
5 3394.706 
5 3298.577 
5 3040.994 
5 2676.140 
5 2607.177 
5 2459.977 
5 2729.801 
4 1436.531 
5 3254.844 
5 3006.421 
5 3209.783 
5 2603.807 
5 2187.995 
5 1963.787 
5 2928.377 
5 2776.458 
5 3313.341 
5 2574.471 
5 3049.286 
5 2717.610 
5 2470.368 
5 2588.208 
5 2232.764 
5 2934.634 
5 3268.041 
5 2927.260 
5 2963.805 
5 2837.400 
4 2484.450 
5 2834.205 
5 2516.018 
5 2858.923 
5 2394.526 
5 3249.868 
5 3513.565 
5 2560.965 
4 1625.559 
5 3510.857 
5 2891.903 
5 3508.170 
5 2788.959 
5 2836.619 
5 2382.874 
5 2584.122 
5 2328.997 
5 2876.435 
5 1846.820 
5 2860.433 
5 3304.232 
5 3023.065 
5 3283.929 
5 3121.733 
5 2773.899 
5 3016.140 
5 3109.728 
5 3074.031 
5 2551.348 
5 3728.531 
5 2619.059 
5 2759.384 
5 2612.091 
5 3459.091 
5 3014.069 
5 2984.546 
5 3021.727 
5 3018.170 
5 3543.947 
5 3056.917 
5 2664.401 
5 2725.690 
5 2458.295 
5 3281.371 
5 2832.649 
5 2855.702 
5 3141.099 
5 2773.668 
5 2346.851 
5 2195.332 
5 2985.437 
5 3349.170 
5 1466.350 
4 2452.348 
5 3338.652 
5 3170.523 
5 2826.571 
5 2938.753 
5 3094.635 
5 2511.587 
5 2608.953 
5 2840.797 
5 2955.486 
5 2685.818 
5 3221.423 
5 3151.603 
5 2862.699 
5 3279.593 
5 2981.547 
5 2754.105 
5 3157.921 
5 2441.270 
5 2311.997 
5 2194.976 
5 3282.799 
5 2690.033 
5 2379.902 
5 2475.478 
5 3449.402 
4 2467.228 
5 3394.247 
5 2877.666 
5 3042.529 
5 3410.245 
5 3199.351 
5 3243.021 
5 2928.415 
5 2825.268 
5 2608.923 
5 2878.240 
5 2823.487 
5 2538.493 
5 3105.406 
5 3101.281 
5 2738.163 
5 1462.682 
5 3255.742 
5 3155.669 
5 3517.084 
5 2432.930 
5 3746.972 
5 2461.626 
5 3290.831 
5 3485.327 
5 2839.700 
5 2995.271 
5 3060.657 
5 2947.313 
5 3085.838 
5 2848.945 
5 2336.821 
5 2835.805 
5 2874.833 
5 3228.777 
5 2779.724 
5 2814.651 
5 3568.524 
5 2685.262 
5 2866.726 
5 2308.170 
5 2947.563 
5 3011.924 
5 2303.205 
5 2583.309 
5 2283.712 
5 3790.420 
5 3242.066 
5 2728.800 
5 2944.099 
5 3311.362 
5 2886.961 
5 2621.446 
5 3355.782 
5 3084.537 
5 3270.594 
5 2495.878 
5 3485.346 
5 2630.653 
5 2816.349 
5 3153.767 
5 2937.326 
5 3575.790 
5 2685.084 
5 3152.153 
5 2708.571 
5 2704.428 
5 2412.700 
5 2654.887 
5 2684.989 
5 2461.174 
5 2584.083 
5 3927.612 
5 2863.111 
5 2706.664 
5 2898.126 
5 2938.197 
5 3034.078 
5 3255.964 
5 3393.392 
5 2947.451 
5 3888.867 
5 2689.658 
5 2520.713 
5 3081.027 
5 3258.721 
4 2775.286 
5 2966.786 
5 2991.891 
5 2398.029 
5 2571.256 
5 2605.825 
5 2926.685 
5 3141.600 
5 2937.576 
5 2530.629 
5 3198.899 
5 3064.328 
5 2775.471 
5 3146.447 
5 3655.894 
5 2217.235 
5 3077.313 
5 2525.948 
5 3897.232 
5 3378.548 
5 3119.858 
5 2691.115 
4 2080.420 
5 3592.110 
5 2864.761 
5 3069.570 
5 3082.178 
5 2950.555 
5 3280.034 
5 3209.978 
5 2469.403 
5 2661.413 
5 3373.998 
5 3146.967 
5 3184.489 
5 3924.114 
5 2699.851 
5 2889.217 
5 2756.530 
5 2690.313 
5 2708.452 
5 2485.983 
5 3025.071 
5 2568.176 
5 2986.985 
5 3130.000 
5 3060.196 
5 3422.420 
5 3577.257 
4 3633.822 
5 2519.606 
5 3462.568 
5 2226.575 
5 2633.315 
5 3158.420 
5 2616.889 
5 2525.270 
5 4025.715 
5 3289.393 
5 3175.740 
5 2911.840 
5 2558.441 
5 2634.583 
5 3438.823 
5 3451.422 
5 2932.038 
5 3003.561 
5 3184.118 
5 2660.180 
5 3030.810 
5 2867.837 
5 3309.609 
5 2389.245 
5 2797.302 
5 3076.019 
5 2976.958 
5 3366.790 
5 2736.613 
5 2043.922 
5 2911.716 
5 2831.025 
5 2821.897 
5 2995.689 
5 3218.379 
5 2769.230 
5 3190.932 
5 3437.824 
5 3245.823 
5 3443.166 
5 3004.587 
5 3603.843 
5 3703.874 
5 2166.985 
5 3153.316 
5 2867.606 
5 2946.520 
5 2742.703 
5 2524.821 
5 3530.141 
5 2206.172 
5 3315.729 
5 3106.310 
5 3057.761 
5 3927.694 
5 2780.035 
5 2924.236 
5 3356.737 
5 2458.178 
5 3637.293 
5 2327.087 
5 3053.157 
5 3490.719 
5 2987.893 
5 2906.867 
5 2935.067 
5 2887.892 
5 3307.508 
5 2688.863 
5 2981.518 
5 2844.555 
5 3280.649 
5 3121.263 
5 3543.362 
5 2736.280 
5 2911.094 
5 2299.901 
5 2789.805 
5 2857.657 
5 2793.051 
5 2856.053 
5 3283.251 
5 2496.640 
5 2507.244 
5 2545.305 
5 3589.758 
5 3516.645 
5 2574.526 
5 3010.692 
5 2438.235 
5 3181.613 
5 2271.102 
5 3801.052 
5 3070.279 
5 3091.944 
5 2714.629 
5 2837.375 
5 2522.455 
5 3454.829 
5 2618.979 
5 3118.586 
5 2626.466 
5 3301.267 
5 2639.862 
4 2550.516 
5 3545.288 
5 2834.702 
5 3105.989 
5 2899.180 
5 3630.687 
5 2954.498 
5 3318.956 
5 2839.786 
5 2838.366 
5 3136.428 
5 3062.648 
5 2532.256 
5 3478.784 
5 2821.589 
5 2939.636 
5 2930.138 
5 3072.286 
5 2445.375 
5 2290.970 
5 2957.948 
5 3216.429 
5 3222.195 
5 3424.338 
5 2511.844 
5 3039.975 
5 2791.005 
5 3162.911 
5 2825.616 
5 2926.202 
5 3644.337 
5 2355.859 
5 2831.371 
5 3224.291 
5 2466.378 
5 3533.598 
5 2658.510 
5 4029.320 
4 1994.652 
5 2514.029 
5 2977.636 
5 3117.438 
5 3443.896 
5 2738.660 
5 2436.951 
5 3209.990 
5 2935.143 
5 2707.458 
5 2257.954 
5 2556.906 
5 2710.046 
5 2841.944 
5 3466.980 
5 3014.422 
5 2079.831 
5 3023.370 
5 2443.882 
5 3531.309 
5 2868.563 
5 2906.572 
5 3415.591 
5 3044.818 
5 2700.623 
5 3728.629 
5 3577.276 
5 3265.078 
5 2681.472 
5 2685.311 
4 2208.887 
5 2815.740 
5 2922.511 
5 2731.877 
5 2785.921 
5 2393.650 
5 3196.938 
5 3610.582 
5 2604.301 
5 2154.574 
5 2730.422 
5 3255.597 
5 3185.041 
5 2771.215 
5 2938.126 
5 2827.503 
5 2680.945 
5 2838.659 
5 3199.541 
5 2147.498 
5 3130.065 
5 2659.188 
5 3302.314 
5 3455.773 
5 3349.549 
5 2661.131 
5 2179.041 
5 3029.346 
5 2554.743 
5 3419.829 
5 2014.121 
5 3271.141 
5 2698.152 
5 2297.258 
5 2478.771 
5 2518.348 
5 2632.786 
5 2646.517 
4 1903.151 
5 2589.089 
5 2392.622 
5 3508.745 
5 3676.475 
5 3372.506 
5 2756.984 
5 2995.087 
5 2923.731 
5 3583.644 
5 2989.455 
5 3139.623 
5 2675.969 
5 2954.150 
5 3176.437 
5 3323.051 
5 2844.215 
5 2285.397 
5 3296.515 
5 3770.470 
5 3494.500 
5 2823.257 
5 2921.642 
5 2469.001 
5 2214.545 
5 2578.858 
5 3483.616 
5 2897.852 
5 3157.427 
5 2222.601 
5 3341.142 
5 3039.008 
5 2667.654 
5 2884.927 
5 2983.204 
5 2713.073 
5 2818.924 
5 3071.560 
5 2606.578 
5 2354.841 
5 3702.724 
5 3114.591 
5 2550.779 
5 3155.950 
5 3324.449 
5 2867.418 
5 2786.613 
5 3700.105 
5 2717.262 
5 2908.555 
5 2442.154 
5 3022.105 
5 2607.926 
5 2821.972 
5 3210.396 
5 3162.391 
5 3352.294 
4 2104.270 
5 2799.855 
5 3638.915 
5 3174.616 
5 2628.260 
5 2918.729 
5 3706.565 
5 2957.689 
5 3557.286 
5 2332.442 
5 2363.465 
5 3036.560 
5 2833.542 
5 2869.647 
5 2751.966 
5 3121.948 
5 2576.016 
5 2548.246 
5 3449.504 
5 3462.224 
5 2576.689 
5 2779.723 
5 2352.336 
5 3016.618 
5 3266.861 
5 2306.531 
5 2644.823 
5 2918.932 
5 2613.375 
5 3284.952 
5 3484.323 
5 3230.285 
5 2758.621 
5 3297.574 
5 3404.326 
5 2899.905 
5 2895.454 
5 2624.401 
5 3415.462 
5 2526.348 
5 3070.036 
5 2413.744 
5 3072.232 
5 3215.429 
5 2300.442 
5 3097.325 
5 3038.839 
5 3055.224 
4 1975.891 
5 2375.450 
5 1889.435 
5 2866.025 
5 2724.535 
5 2691.079 
4 1934.135 
5 3365.370 
5 2893.396 
5 3372.519 
5 3144.454 
5 2694.432 
5 3001.207 
5 3311.480 
5 2675.193 
5 2843.760 
5 3112.644 
5 2613.671 
5 3455.790 
5 2875.982 
5 3230.201 
5 2487.932 
5 2956.214 
5 2605.291 
5 1899.060 
5 3390.027 
5 2882.634 
5 2462.359 
5 3296.949 
5 3142.389 
5 2905.446 
5 1592.485 
5 3360.497 
5 3455.697 
5 3179.690 
5 2017.384 
5 2781.943 
5 2461.048 
5 3224.935 
5 3467.981 
5 3133.469 
5 2790.149 
5 2619.129 
5 2965.402 
5 3004.984 
5 2440.350 
5 3249.568 
5 2468.804 
5 2695.519 
5 3396.248 
5 3340.956 
5 3466.434 
5 2436.834 
5 3307.322 
5 2578.838 
5 3196.726 
5 3025.642 
5 3122.406 
5 3167.911 
5 2468.528 
5 2518.416 
5 3113.041 
5 3397.375 
5 3391.602 
5 2170.216 
5 3280.266 
5 2983.118 
5 2359.144 
5 2830.063 
5 2395.831 
5 3473.167 
5 2848.580 
5 2689.979 
5 2691.234 
5 2564.088 
5 3052.417 
5 2898.646 
5 2382.505 
5 2969.123 
5 3273.516 
5 2977.604 
5 2837.283 
5 2923.182 
5 2709.086 
5 2736.518 
5 3846.011 
5 3120.190 
5 3718.302 
5 2689.984 
5 2930.961 
5 3349.198 
5 3052.528 
5 3318.909 
5 3056.806 
5 2690.481 
5 2414.778 
5 2546.171 
5 2786.105 
5 3244.295 
5 3638.984 
5 3079.301 
5 3044.191 
5 2027.602 
5 2937.843 
5 3513.758 
5 2833.105 
5 2710.374 
5 2737.185 
5 2597.684 
5 2499.618 
5 3696.810 
4 2042.137 
5 2518.522 
5 2646.873 
5 3418.004 
5 2417.355 
5 3088.935 
5 2859.717 
5 2002.836 
5 2812.040 
5 2310.988 
5 2745.735 
5 2953.540 
5 3537.222 
5 2792.506 
5 2457.152 
5 3490.735 
5 3074.731 
5 2924.588 
5 3254.407 
5 2951.363 
5 3017.526 
5 3326.364 
5 2845.313 
5 3088.645 
5 3474.752 
5 3008.038 
5 2926.950 
5 2820.161 
5 3074.922 
5 3234.597 
5 2900.396 
5 2611.748 
5 3273.143 
5 2801.235 
5 3740.638 
5 3147.591 
5 3689.546 
5 2820.837 
5 3280.541 
5 3054.960 
5 3099.633 
5 3189.650 
5 2897.573 
5 2755.823 
5 2883.169 
5 2838.956 
5 1908.954 
5 2826.761 
5 3286.879 
5 2831.712 
5 3463.745 
5 3509.002 
5 3777.804 
5 2699.673 
5 2840.282 
5 3109.283 
5 3409.445 
5 2361.032 
5 3220.431 
5 2546.571 
5 3442.824 
5 3221.539 
5 2198.569 
5 2698.646 
5 2686.486 
5 2429.012 
5 2896.493 
5 3070.013 
5 2532.951 
5 2560.358 
5 3417.406 
5 3902.489 
5 2030.062 
5 2939.668 
5 2935.337 
5 2399.933 
5 2832.391 
5 2938.256 
5 2982.714 
5 2448.346 
5 2805.253 
5 3315.059 
5 2784.286 
5 3230.814 
5 3418.440 
5 2679.483 
5 2973.173 
5 3663.518 
5 2133.463 
5 2911.504 
5 2526.219 
5 3553.845 
5 3053.546 
5 3162.722 
5 3087.785 
5 2933.019 
5 3296.444 
5 3445.763 
5 3129.988 
5 2739.182 
5 3609.409 
5 2559.816 
5 2101.083 
5 2664.068 
5 3427.922 
5 2725.312 
5 2858.414 
5 2677.448 
5 3121.160 
5 2535.928 
5 2949.958 
5 2938.488 
5 3273.291 
5 2718.094 
5 2672.374 
5 2764.090 
5 2472.824 
5 3103.920 
5 4203.027 
5 2649.976 
5 2384.760 
5 2639.010 
5 2976.683 
5 3456.539 
5 2770.142 
5 3359.874 
5 3092.794 
5 2831.094 
5 2901.585 
5 2568.095 
5 3709.092 
5 3440.015 
5 3600.140 
5 2807.292 
5 3244.257 
5 3261.656 
5 2780.812 
5 3007.097 
5 2852.267 
5 3030.642 
5 2270.294 
5 2857.920 
5 2994.008 
5 2728.462 
5 2737.917 
5 3268.476 
5 2411.374 
5 2537.692 
5 2832.953 
5 3069.668 
5 3173.959 
5 3013.542 
5 2316.517 
5 2892.655 
4 2865.648 
5 2511.878 
5 2599.057 
5 2619.784 
5 3072.140 
5 2123.870 
5 2129.707 
5 2617.455 
5 2867.230 
5 3094.519 
5 3271.795 
5 2100.168 
5 2776.295 
5 2540.333 
5 2616.663 
5 2978.988 
5 2906.320 
5 3035.885 
5 2687.979 
5 2952.585 
5 3141.084 
5 2897.288 
5 2836.466 
5 2749.623 
5 2675.298 
5 2783.306 
5 2473.381 
5 3508.743 
5 3008.096 
5 2825.377 
5 3365.453 
5 3531.174 
5 3114.987 
5 2816.727 
5 2848.777 
5 2279.233 
5 3179.149 
5 3544.043 
5 2509.111 
5 3269.355 
5 2714.403 
5 3220.790 
5 2746.109 
5 2268.384 
5 3292.311 
5 3743.446 
5 3122.282 
5 2556.406 
5 3015.057 
5 2884.531 
5 2683.461 
5 2983.778 
5 3276.346 
4 2354.732 
5 3509.430 
5 2798.967 
5 2405.051 
5 2859.618 
5 2627.913 
5 3720.946 
5 2337.311 
5 2389.271 
5 2556.032 
5 2694.931 
5 3504.219 
5 2904.487 
5 2759.583 
5 2625.555 
5 2351.265 
5 2970.901 
5 2322.767 
5 2840.086 
5 2696.104 
5 3282.678 
5 3440.880 
5 2089.299 
5 3547.821 
5 2713.538 
5 2945.386 
5 2715.849 
5 2986.919 
4 3913.292 
5 3655.944 
5 2389.067 
5 2987.746 
5 3172.651 
5 3295.510 
5 3004.295 
5 3390.413 
5 2862.426 
5 2946.759 
5 2729.610 
5 3465.711 
5 3348.097 
5 2903.883 
5 2214.902 
5 2322.643 
5 2951.120 
5 2804.681 
5 3026.764 
5 2843.140 
5 2544.612 
5 2081.575 
5 2782.078 
5 3277.547 
5 2918.756 
5 2195.735 
5 2440.995 
5 2689.257 
5 2515.536 
5 2967.413 
5 2444.979 
5 3718.129 
5 2585.988 
5 3261.308 
5 2607.666 
5 3195.486 
5 2761.440 
5 2957.476 
5 3058.608 
5 2669.587 
5 2422.667 
5 2869.126 
5 3006.736 
5 3205.299 
4 2019.332 
5 2994.215 
5 2578.486 
5 3473.563 
5 3353.431 
5 2002.090 
5 2534.033 
5 2866.859 
5 2554.717 
5 2914.879 
5 3221.644 
5 2273.231 
5 2920.135 
5 2787.159 
5 3188.986 
5 3012.190 
4 2045.704 
5 1791.657 
5 3187.326 
5 2766.441 
5 3012.740 
5 3372.609 
5 2697.631 
5 3145.447 
5 2785.157 
5 3534.728 
5 2522.038 
5 2915.772 
5 3091.609 
5 3140.368 
5 3970.491 
5 2827.633 
5 2857.027 
5 2558.314 
5 3157.815 
5 2868.034 
5 3045.383 
5 3026.269 
5 3314.852 
5 2589.684 
5 2377.933 
5 2601.419 
5 2542.302 
5 2479.582 
5 3550.901 
5 2251.913 
5 2514.360 
5 3159.817 
5 2225.721 
5 3125.556 
5 3358.698 
5 3353.524 
5 2098.764 
5 3014.059 
4 2598.469 
5 2924.896 
5 3089.582 
5 2867.421 
5 3038.025 
5 3043.457 
5 2782.982 
5 2983.667 
5 3239.561 
5 3019.879 
5 2172.487 
5 2118.196 
5 2772.079 
5 3413.335 
5 3731.221 
5 2320.751 
5 3114.685 
5 2340.190 
5 2946.516 
5 3289.100 
5 2602.909 
5 3466.324 
5 2860.696 
5 3159.951 
5 3637.377 
5 2841.135 
5 2318.523 
5 3721.876 
5 2865.424 
5 2997.707 
5 2388.381 
5 2624.836 
5 3303.251 
5 2789.627 
5 3196.327 
5 3345.895 
5 3001.348 
5 2915.266 
5 2665.076 
5 3071.031 
5 3006.615 
5 2845.413 
5 2525.775 
5 2756.360 
5 3123.239 
5 2688.688 
5 3971.974 
5 2531.016 
5 2585.558 
5 2902.971 
5 2751.147 
5 2943.551 
5 3073.267 
5 2824.423 
5 3397.350 
5 2884.669 
5 3189.140 
5 3280.771 
5 2664.059 
5 2649.656 
4 2209.380 
5 3247.854 
5 2488.822 
5 2489.252 
5 2988.313 
5 2578.953 
5 3244.438 
5 3028.001 
5 1921.919 
5 2537.265 
5 2728.458 
5 2479.735 
5 2518.560 
5 2841.457 
5 2669.409 
5 2886.173 
