4 2022.185 
5 3281.423 
5 2345.998 
5 2839.030 
5 2060.744 
5 3110.561 
5 2918.845 
5 2775.089 
5 2792.956 
5 2543.026 
5 3965.787 
5 3095.281 
5 3191.436 
5 2419.163 
5 3397.430 
5 2338.027 
5 2871.814 
5 2913.751 
5 3039.280 
5 3245.445 
5 2956.599 
5 3268.436 
5 2750.281 
5 2667.409 
5 3080.207 
5 3836.103 
5 2530.927 
5 3160.516 
5 2713.578 
5 2603.191 
5 2527.477 
5 3375.284 
5 3656.209 
5 3558.329 
5 2964.874 
5 3571.943 
5 2913.903 
5 2835.338 
5 3364.338 
5 3417.156 
5 1721.522 
5 2853.389 
5 3216.914 
5 2815.021 
5 3059.239 
5 2869.780 
5 2304.654 
5 2942.075 
5 3467.568 
5 2949.426 
5 2902.701 
5 2594.521 
5 3073.901 
5 2929.984 
5 3286.181 
5 3308.766 
5 2905.051 
5 3344.720 
5 2569.154 
5 2890.348 
5 3327.403 
5 2294.445 
5 3346.334 
5 3262.194 
5 2997.391 
5 2685.128 
5 3294.321 
5 2685.090 
5 3154.555 
5 3257.288 
5 2792.051 
5 2702.914 
5 3050.204 
5 3428.894 
5 3298.830 
5 2542.001 
5 3561.400 
5 3077.209 
5 3866.233 
5 3075.970 
5 2659.728 
5 3350.574 
5 3242.183 
5 3285.289 
5 3251.141 
5 2869.152 
5 2879.157 
5 2548.473 
5 3396.202 
5 2084.851 
5 2533.167 
5 3046.631 
5 3120.310 
5 2708.632 
5 2436.260 
5 2833.490 
5 2765.616 
5 2738.787 
5 3482.351 
5 2568.197 
5 3350.119 
5 2923.634 
5 2960.280 
5 3096.541 
5 2566.161 
5 2477.237 
5 3016.414 
5 2482.830 
5 3219.524 
5 2760.354 
5 2435.868 
5 2651.350 
5 2533.349 
5 2829.816 
5 2497.150 
5 3465.275 
5 3223.274 
5 3298.302 
5 3259.161 
5 2807.625 
5 2910.311 
5 3000.740 
5 2578.530 
5 3384.324 
5 3333.847 
5 3036.620 
5 3082.111 
5 2821.452 
5 2356.618 
5 3643.952 
5 2152.004 
5 2704.906 
5 2531.968 
5 2617.014 
5 2990.226 
5 3249.247 
5 2543.573 
5 2710.135 
5 2532.544 
5 2604.715 
5 3180.251 
5 4093.933 
5 2307.249 
5 2582.643 
5 2464.728 
5 2323.915 
5 2873.518 
5 3761.393 
5 2266.746 
5 3091.838 
5 2406.868 
5 3000.973 
5 2595.492 
5 2731.071 
5 3506.179 
5 2459.075 
5 3878.605 
5 3122.883 
5 2592.109 
5 3174.093 
5 2835.308 
5 3390.581 
5 2150.491 
5 2752.833 
5 3445.676 
4 2172.137 
5 3399.318 
5 2845.043 
4 2364.678 
5 3504.817 
5 2514.724 
5 2938.309 
5 3443.746 
5 3038.380 
5 2112.500 
5 2867.564 
5 3060.882 
5 3263.918 
5 2883.459 
5 3941.963 
5 2919.879 
5 2952.020 
5 3142.968 
5 2161.184 
5 2730.320 
5 3203.799 
5 3030.585 
5 3665.624 
5 3123.759 
5 2622.204 
5 2617.479 
5 2924.120 
5 2947.539 
5 2770.391 
5 3294.441 
5 3200.245 
5 3208.309 
5 3140.664 
5 2552.213 
5 2961.802 
5 3898.262 
5 2746.302 
5 2672.858 
5 3051.010 
5 2436.742 
5 2636.141 
5 2613.163 
5 2608.162 
5 3127.566 
5 2935.508 
5 2420.556 
5 3197.084 
5 2277.050 
5 1894.236 
5 2671.394 
5 2680.228 
5 2312.203 
5 3352.724 
5 2413.446 
5 3050.847 
5 3294.066 
5 3274.198 
5 3276.337 
5 2976.627 
5 2699.357 
5 3017.537 
5 3277.871 
5 3447.890 
5 3229.642 
5 3419.962 
5 2970.079 
5 3651.977 
5 3439.128 
5 3353.243 
5 2895.931 
5 3184.665 
5 2581.492 
5 3456.312 
5 3187.128 
5 2800.325 
5 3260.322 
5 3559.656 
5 3332.520 
5 3328.627 
5 3856.968 
5 3116.727 
5 2380.881 
5 3513.045 
5 2978.190 
5 2945.974 
5 3263.787 
5 3141.934 
5 2810.245 
5 3907.641 
5 3270.031 
5 3014.828 
5 2665.833 
5 3483.214 
5 2063.582 
5 2187.844 
5 3239.588 
5 1964.836 
5 2592.059 
5 2404.619 
5 3608.170 
5 3384.347 
5 2956.065 
5 1951.516 
5 3138.198 
5 2934.776 
5 3253.390 
5 2634.068 
5 2984.920 
5 3100.467 
5 3140.913 
5 2759.123 
5 2791.386 
5 2839.930 
5 3288.185 
5 2405.414 
5 2801.398 
5 3120.440 
5 3769.510 
5 2984.375 
5 2916.592 
5 3787.737 
5 2878.832 
5 2516.145 
5 4447.660 
5 4123.665 
5 3291.425 
5 2907.737 
5 3299.601 
5 3947.015 
5 3339.154 
5 3046.823 
5 3350.226 
5 3038.093 
5 2733.456 
5 2610.576 
5 2856.246 
5 2755.369 
5 2795.973 
5 2018.251 
5 4424.211 
5 2960.560 
4 2621.313 
5 2941.645 
5 2256.638 
5 2272.992 
5 1658.201 
5 1838.342 
5 2981.092 
5 3316.534 
5 2919.864 
5 2849.767 
5 3113.819 
5 3431.726 
5 2453.681 
5 2639.901 
4 2037.446 
5 2881.050 
5 2780.188 
4 3143.478 
5 2965.311 
5 3361.487 
5 3674.012 
5 2537.444 
5 3258.358 
5 2309.644 
5 3410.885 
5 4287.257 
5 3319.403 
5 3501.510 
5 2297.798 
5 3897.016 
5 2986.536 
5 2653.517 
5 3311.871 
5 3443.883 
5 2781.003 
5 3346.855 
5 3240.571 
5 3064.651 
5 2199.364 
5 2537.414 
5 3145.152 
5 3054.165 
5 2269.179 
5 3030.924 
5 2894.408 
5 3314.035 
5 2598.760 
5 2846.687 
5 3756.926 
5 3032.641 
5 3190.412 
5 2721.437 
5 3393.684 
5 3261.446 
5 3045.967 
5 3139.862 
5 2403.599 
5 3401.577 
5 3023.866 
5 2888.074 
5 2469.022 
5 2426.589 
5 3494.963 
5 3522.198 
5 2241.508 
5 2387.294 
5 2714.556 
5 2568.735 
5 3265.914 
5 3051.719 
5 2653.392 
5 3133.830 
5 3192.763 
5 2839.823 
5 3017.871 
5 2963.466 
5 2802.124 
4 2092.678 
5 3194.441 
5 3011.399 
5 4188.837 
5 3027.779 
5 2989.485 
5 3136.906 
5 1694.080 
5 3081.212 
5 3269.006 
5 3018.155 
5 2813.005 
5 2693.516 
5 3101.323 
5 3339.436 
5 2956.485 
5 2116.823 
5 2221.691 
5 2965.334 
5 2708.308 
5 3183.546 
5 3188.875 
5 2509.673 
5 3357.646 
5 2975.286 
5 3169.059 
5 3272.716 
5 3462.140 
5 3184.870 
5 1865.384 
5 2658.355 
5 2551.458 
5 3105.396 
4 1755.887 
5 2658.765 
5 2978.438 
5 3315.297 
5 2570.848 
5 2111.576 
5 2870.388 
5 3003.434 
5 2586.944 
5 2724.896 
5 2297.383 
5 2865.939 
5 3141.644 
5 3256.092 
5 3110.979 
5 2231.157 
5 3767.119 
5 2746.016 
5 3688.617 
5 2364.607 
5 3398.045 
5 3545.973 
5 3072.823 
5 2687.928 
5 3292.719 
5 3043.526 
5 3533.310 
5 2792.234 
5 3325.615 
5 2436.164 
5 3971.760 
5 2589.597 
5 2504.605 
5 2655.740 
5 2883.865 
5 2431.680 
5 2929.197 
5 3488.750 
5 2824.321 
5 2924.483 
5 3767.817 
5 3421.156 
5 2681.156 
5 2703.260 
5 2715.704 
5 2874.143 
5 3220.296 
5 2536.843 
5 2910.519 
5 1812.567 
5 3101.530 
5 2830.599 
5 2999.752 
5 3273.600 
5 2536.967 
5 2776.860 
5 2621.616 
5 3095.826 
5 1570.118 
5 2409.552 
5 2320.727 
5 2735.728 
5 3361.761 
5 2516.434 
5 3384.879 
5 3484.823 
5 3429.457 
5 3235.146 
5 3354.491 
5 3180.913 
5 3534.080 
5 3092.251 
5 2927.963 
5 2788.470 
5 2949.308 
5 3084.130 
5 2735.378 
5 2716.335 
5 2928.716 
5 3765.514 
5 3013.675 
4 2389.417 
5 2927.003 
5 2055.980 
5 3305.596 
5 3116.821 
5 2562.547 
5 3506.382 
5 2773.832 
5 3264.508 
5 3054.703 
5 2447.987 
5 3335.075 
5 3823.817 
5 3281.547 
5 3764.264 
5 3463.767 
5 3330.962 
5 3163.255 
5 2989.463 
5 2755.897 
5 2479.864 
5 2489.618 
5 2851.588 
5 3184.605 
5 2319.561 
5 3674.931 
5 2987.928 
5 3010.633 
5 3310.092 
5 2766.782 
4 2585.980 
5 2723.923 
5 3477.592 
5 2808.541 
5 3093.403 
5 3347.470 
5 3263.022 
5 2882.340 
5 2584.721 
5 3101.004 
5 3247.667 
5 2711.432 
5 3290.695 
5 3543.627 
5 2971.361 
5 2669.483 
5 3412.086 
5 2938.098 
5 3338.924 
5 3237.018 
5 3021.156 
4 2041.269 
5 2658.806 
5 2796.370 
5 2373.809 
5 3367.415 
4 2400.552 
5 2868.968 
5 3011.624 
5 3679.377 
4 2603.522 
5 2674.135 
5 3129.223 
5 2939.175 
4 2354.722 
5 3568.373 
5 2453.913 
5 2570.010 
5 2577.425 
5 2852.875 
5 3219.688 
5 2976.888 
5 2763.113 
5 2771.828 
5 2046.970 
5 2978.899 
5 2483.403 
5 3384.918 
5 3489.639 
5 2022.656 
5 2998.134 
5 3011.783 
5 3171.116 
5 3279.961 
5 2225.386 
5 3285.312 
5 2622.964 
5 3491.928 
5 3282.783 
5 3657.341 
5 3277.794 
5 3168.549 
5 3050.027 
5 3040.380 
5 2480.442 
5 2796.100 
5 3193.938 
5 3482.364 
5 2630.210 
5 2326.966 
5 2905.843 
5 2868.284 
5 3562.282 
5 2414.579 
5 2799.190 
5 3426.648 
5 3273.030 
5 2506.557 
5 3467.877 
5 2520.124 
5 2380.168 
5 2688.473 
5 2095.670 
5 2846.370 
5 3910.065 
5 2765.466 
5 2608.573 
5 2883.764 
5 3789.364 
5 2989.887 
5 2774.818 
5 3205.472 
5 3169.202 
5 2951.224 
5 3649.724 
5 2521.829 
5 2623.540 
5 3116.417 
5 3317.761 
5 2629.046 
5 2378.519 
5 2341.385 
5 3553.038 
5 2880.593 
5 2438.673 
5 2848.455 
5 2301.389 
5 2981.891 
5 3571.606 
5 2939.702 
5 3468.137 
5 3174.737 
5 3261.287 
5 2899.070 
5 2911.371 
5 2494.815 
5 2907.201 
5 2381.388 
5 3293.720 
5 2715.197 
5 3260.510 
5 2616.566 
5 3320.518 
5 3497.530 
5 2781.883 
5 2280.664 
5 2943.452 
5 2970.005 
5 2912.572 
5 2981.058 
4 2790.307 
5 2224.654 
5 2401.605 
5 2298.588 
5 3349.990 
5 3238.655 
5 2787.101 
5 3088.430 
4 2218.397 
5 3563.927 
5 2773.358 
5 2908.746 
5 2517.420 
5 2736.990 
5 3125.673 
5 2074.498 
5 2926.636 
5 3410.439 
5 2122.700 
5 3194.899 
5 2868.277 
5 2781.959 
5 2944.748 
5 3213.511 
5 2714.590 
5 2942.112 
5 3330.845 
5 3077.122 
5 3635.461 
5 3151.823 
5 2652.341 
5 3428.780 
5 2732.811 
5 2392.645 
5 3319.696 
5 2982.131 
5 3365.447 
5 3250.165 
5 3527.220 
5 3023.406 
5 3189.953 
5 2571.088 
5 2905.239 
5 2766.443 
5 2424.336 
5 4444.422 
5 2834.278 
5 3101.117 
5 3583.838 
5 3419.763 
5 3642.755 
5 2929.293 
5 3581.431 
5 3018.830 
5 3430.359 
5 2563.201 
5 2152.484 
5 2805.043 
5 2822.203 
5 2971.351 
5 2432.133 
5 4136.024 
5 2960.612 
5 2861.573 
5 2824.617 
5 3024.582 
5 2829.243 
5 2472.619 
5 2758.647 
5 3716.519 
5 2686.549 
5 3003.606 
5 3115.223 
5 2210.573 
5 2746.198 
5 2687.478 
5 3654.612 
5 3015.826 
5 3381.619 
5 3295.868 
5 2832.826 
5 2931.301 
5 2863.807 
5 2676.864 
5 2705.156 
5 2310.350 
5 2652.772 
5 2881.336 
5 3451.894 
5 3043.728 
5 2691.658 
5 2801.466 
5 2761.237 
5 3428.228 
5 2912.250 
5 2801.310 
5 3547.652 
5 3312.594 
5 2775.978 
5 2388.448 
5 3337.034 
5 3644.849 
5 3517.861 
5 2608.048 
5 3318.455 
5 2607.411 
5 3107.506 
5 3738.584 
5 2330.462 
5 2507.203 
5 2205.139 
5 3386.365 
5 2269.442 
5 2625.596 
5 3180.043 
5 3102.423 
5 2469.552 
5 2853.877 
5 2037.516 
5 2673.113 
5 2255.465 
5 3383.153 
5 3967.684 
5 3137.280 
5 3267.307 
5 2989.355 
5 2933.737 
5 3187.588 
5 2661.122 
5 3229.151 
5 2790.688 
5 2561.108 
5 3175.034 
5 2967.767 
5 2928.280 
5 2590.174 
5 3539.217 
5 3153.198 
5 3384.609 
5 3094.911 
5 3312.987 
5 2704.975 
5 2835.885 
5 3738.784 
5 2552.174 
5 2201.016 
5 2349.553 
5 2520.064 
5 4260.881 
5 2610.714 
5 3893.781 
5 2825.487 
4 2517.050 
5 2065.290 
5 2630.325 
5 3198.222 
5 2756.540 
5 2603.589 
5 3556.919 
5 2544.462 
5 2859.639 
5 2552.159 
4 2318.723 
5 3118.843 
5 2198.967 
5 3717.971 
5 4320.290 
5 2325.219 
5 2543.185 
5 2387.103 
5 3226.562 
5 4011.218 
5 2633.550 
5 3289.755 
5 3600.191 
5 2743.980 
5 3195.174 
5 2819.530 
5 4116.255 
5 3034.505 
5 2708.191 
5 2544.106 
5 3494.312 
5 2841.133 
4 2239.276 
5 3586.039 
4 2895.311 
5 3046.210 
5 3050.381 
5 3083.679 
5 3070.357 
5 3551.772 
5 2890.465 
5 3355.250 
5 3263.870 
5 3342.940 
5 2527.175 
5 3129.411 
5 3186.928 
5 3173.009 
5 3399.658 
5 2131.161 
5 2624.876 
5 2705.092 
5 2688.966 
5 2873.374 
5 2306.392 
5 2605.952 
5 2712.228 
5 3506.797 
5 3242.961 
5 3070.950 
5 3083.426 
5 2708.732 
5 3238.177 
5 2675.657 
5 3208.075 
5 3013.765 
5 2996.924 
5 3324.374 
5 2547.491 
5 2777.604 
5 3468.068 
5 3284.342 
5 2208.668 
5 2425.427 
5 2845.401 
5 3275.373 
5 3067.713 
4 2573.680 
5 3273.423 
5 3117.143 
5 2562.783 
5 2739.867 
5 3516.250 
5 2837.286 
5 3021.498 
5 3645.779 
5 2801.519 
5 3350.209 
5 2687.106 
5 3169.446 
5 3430.732 
5 2503.398 
5 2373.950 
5 3188.964 
5 2596.263 
5 2964.975 
5 4162.390 
5 2890.358 
5 3243.067 
5 2346.077 
4 2945.857 
5 2889.934 
5 3377.145 
5 2216.143 
5 2942.159 
5 2932.275 
5 3655.833 
5 2444.654 
5 2730.816 
5 3880.851 
5 3418.442 
5 3237.427 
5 3150.086 
5 2242.385 
5 3596.417 
5 3238.599 
5 3329.985 
5 2717.721 
5 2946.637 
5 3247.138 
5 2935.442 
5 3190.279 
5 2328.342 
5 2613.716 
5 3250.729 
5 2824.290 
5 3046.083 
5 2894.337 
5 2370.398 
5 3486.532 
5 3644.678 
5 2645.337 
5 4073.687 
5 3289.314 
5 3813.659 
5 3443.409 
5 3625.546 
5 2871.154 
5 3060.642 
5 3038.410 
5 2283.373 
5 2953.200 
5 3156.884 
5 3605.701 
5 3049.744 
5 2743.433 
5 3197.682 
5 3377.891 
5 3305.348 
5 2459.941 
5 2659.827 
5 2989.469 
5 2822.512 
5 2245.863 
5 3767.294 
5 2636.243 
5 2816.919 
5 2337.441 
5 3084.668 
5 2658.118 
5 2963.234 
5 3292.180 
5 2716.445 
5 2055.807 
5 3305.255 
5 3170.373 
5 2658.617 
5 3801.018 
5 2504.533 
5 2776.022 
5 2664.478 
5 2624.136 
5 3341.933 
5 3647.823 
5 3510.415 
5 2395.727 
5 2355.668 
5 3015.888 
5 3345.202 
5 2464.823 
5 3219.522 
5 3097.026 
5 2900.060 
5 2499.822 
5 2764.573 
5 2357.209 
5 3428.803 
5 3043.601 
5 3168.222 
5 2695.274 
5 3032.696 
5 2866.022 
5 2628.350 
5 3207.025 
5 2660.701 
5 2382.776 
5 2872.683 
5 2834.289 
5 2539.325 
5 2456.165 
5 2298.513 
5 3152.970 
5 2820.086 
5 2588.097 
5 3367.630 
5 3128.990 
5 3027.552 
5 3745.112 
5 3101.802 
5 3167.817 
5 2963.560 
5 3386.330 
5 2751.289 
5 2569.540 
5 3574.088 
5 2674.528 
5 3086.955 
5 3332.317 
5 3473.277 
5 2312.738 
5 2685.625 
5 2766.813 
5 2781.489 
5 2706.317 
5 2405.942 
5 3595.963 
5 2534.034 
5 3300.207 
5 2394.286 
5 3302.630 
5 2760.041 
5 2847.084 
5 3334.059 
5 3498.858 
5 3041.937 
5 3237.898 
5 2756.824 
5 2424.681 
5 2362.838 
5 2541.153 
5 2651.594 
5 1943.989 
5 3242.613 
5 3162.088 
5 3487.641 
5 2874.406 
5 3382.928 
5 3077.630 
5 3127.966 
5 3273.601 
5 3290.883 
5 2373.012 
5 3210.107 
5 2586.121 
5 2131.506 
5 3119.859 
5 2522.640 
5 3281.675 
5 2417.322 
5 2899.295 
5 3111.216 
5 2806.214 
5 2699.688 
5 2826.609 
5 2799.424 
5 2921.143 
5 2127.601 
5 2566.398 
5 3252.556 
5 2686.256 
5 3713.432 
5 4026.955 
5 2135.583 
5 2613.938 
5 2512.656 
5 3524.471 
5 1905.421 
5 2184.606 
5 3666.918 
5 3367.124 
5 3370.623 
5 2818.854 
5 2959.848 
5 3022.790 
5 2690.626 
5 2690.031 
5 2891.338 
5 3336.743 
5 2852.663 
5 3175.745 
5 1994.037 
5 2901.789 
5 2927.690 
5 2933.183 
5 3069.104 
5 3039.062 
5 3032.273 
5 3443.084 
5 3825.250 
5 2508.790 
5 2893.993 
5 2702.921 
5 3483.950 
5 3509.826 
5 2096.980 
5 2115.450 
5 2628.376 
5 2449.045 
5 3241.315 
5 2832.079 
5 2187.984 
5 3243.633 
5 2997.587 
5 3431.146 
5 2716.090 
5 2954.803 
5 2819.967 
5 3370.626 
5 2272.625 
5 3273.223 
5 2937.867 
5 1909.838 
5 1861.434 
5 3294.310 
5 2875.594 
5 3048.276 
5 3479.665 
5 3257.459 
5 2891.898 
5 2838.249 
5 2666.477 
5 3620.272 
5 2995.279 
5 2559.866 
5 3622.063 
5 1859.569 
5 3072.369 
5 2100.889 
5 2895.331 
5 2612.068 
5 2668.685 
5 2973.286 
5 3201.857 
5 2716.269 
5 3471.091 
4 3145.716 
5 2643.652 
5 2954.868 
5 3265.754 
5 2954.354 
5 2993.871 
5 2737.568 
5 2604.716 
5 2557.740 
5 2487.989 
5 2733.925 
5 2866.781 
5 2919.402 
5 2569.484 
5 2911.674 
5 2875.688 
5 2278.451 
5 2887.075 
5 2732.441 
5 3691.446 
5 2442.680 
5 2444.505 
5 2691.492 
5 2828.742 
5 3019.316 
5 3046.463 
5 3216.299 
5 3174.825 
5 2849.306 
5 2905.365 
5 3405.911 
5 3257.673 
5 2805.594 
5 3415.857 
5 2467.923 
5 3022.664 
5 3757.023 
5 3498.320 
5 2113.346 
5 3464.953 
5 2710.082 
5 3174.849 
5 3557.667 
5 3319.960 
5 2649.374 
5 3182.422 
5 2503.811 
5 2889.720 
5 3291.066 
5 2351.223 
5 2962.741 
5 2513.931 
5 2785.896 
5 2521.089 
5 3058.001 
5 3104.344 
5 2960.692 
5 2782.466 
5 2404.760 
5 2884.973 
5 3311.324 
5 2962.904 
5 3242.541 
5 3040.838 
5 3446.790 
5 3375.337 
5 2707.376 
5 2972.784 
5 3229.876 
5 3425.787 
5 2443.990 
5 2001.120 
4 2191.562 
5 2697.267 
5 2848.513 
5 2490.648 
5 3185.876 
5 2406.791 
5 2531.866 
5 3715.236 
5 3116.051 
5 2445.143 
5 2229.406 
5 3202.809 
5 2866.785 
5 2581.927 
5 2745.952 
5 3313.874 
5 2621.010 
5 2743.186 
5 3649.499 
5 2649.278 
5 3375.768 
5 2945.198 
5 3096.816 
5 3066.240 
5 2908.859 
5 2734.757 
5 2477.225 
5 3428.154 
5 2592.587 
5 3147.485 
5 2867.785 
5 2572.814 
5 3168.350 
5 2940.856 
5 3575.953 
5 3095.175 
5 2744.547 
5 3706.672 
5 3019.384 
5 3135.621 
5 2912.866 
5 2981.799 
5 3036.567 
5 3053.223 
5 3024.916 
5 2926.183 
5 3973.455 
5 2928.959 
5 2855.358 
5 3059.161 
5 2725.674 
5 3045.861 
5 3395.155 
5 2733.625 
5 2661.141 
5 3138.788 
5 3480.524 
5 2125.925 
4 2185.612 
5 2852.087 
5 2614.406 
5 3611.176 
5 3104.762 
5 3523.683 
5 2663.782 
5 3562.661 
5 2755.774 
5 2111.179 
5 3070.491 
5 3070.764 
5 3000.446 
5 2425.969 
5 2808.292 
5 2405.887 
5 2945.135 
5 2530.531 
5 3146.295 
5 2821.197 
5 2843.959 
5 3181.198 
5 2835.811 
5 2543.115 
5 3064.131 
5 2679.338 
5 2761.743 
5 3166.695 
5 2462.216 
5 2779.889 
5 3229.435 
5 3701.605 
5 2983.076 
4 2472.917 
5 3159.726 
5 2645.420 
5 2736.457 
5 3122.497 
5 3895.285 
4 2664.707 
5 2771.736 
5 2571.136 
5 3472.061 
5 2439.337 
5 3114.444 
5 3975.432 
4 2153.108 
5 3358.062 
5 2563.958 
5 2434.993 
5 3419.746 
5 2738.865 
4 3111.393 
5 3891.154 
5 3165.667 
5 2242.547 
5 2597.838 
5 3299.732 
5 2886.991 
5 3658.864 
5 2390.346 
5 2706.837 
5 3275.198 
5 2200.230 
5 2636.063 
5 2111.672 
5 2722.662 
5 3477.466 
5 2609.452 
5 3428.317 
5 2937.896 
5 3473.708 
5 3245.583 
5 2976.137 
5 3287.237 
5 2100.006 
5 3300.226 
5 3677.792 
5 2778.236 
5 3116.968 
5 3039.908 
5 2654.359 
5 2426.479 
5 2205.351 
5 2629.874 
5 3064.650 
5 2776.397 
5 2958.339 
5 2691.367 
5 3275.438 
5 3176.941 
5 3045.409 
5 3268.739 
5 3223.194 
5 2714.804 
5 3692.174 
5 2759.085 
5 2587.146 
5 3359.658 
5 2335.531 
5 2513.575 
5 2557.127 
5 2285.605 
5 3289.858 
5 2889.390 
5 2880.747 
5 3422.938 
5 2966.314 
5 3362.812 
5 2985.336 
5 3069.484 
5 3052.479 
5 3074.660 
5 2688.025 
5 2957.564 
5 3570.227 
5 2085.052 
5 2491.171 
5 3048.448 
5 3502.522 
5 3046.003 
5 2985.873 
5 2665.797 
5 3208.224 
5 3021.950 
5 2673.045 
5 3337.901 
5 3426.718 
5 2076.086 
5 2636.487 
5 2780.726 
5 2390.929 
5 2678.755 
5 3092.827 
4 3338.999 
5 2953.725 
5 3543.210 
5 2941.999 
5 2774.764 
5 2442.094 
5 3357.459 
5 3387.129 
5 3490.753 
5 3270.305 
5 2791.048 
5 3226.645 
5 2794.037 
5 3101.535 
5 3162.999 
5 2326.554 
5 3045.045 
5 3659.721 
5 2723.259 
5 3108.343 
5 3497.627 
5 3567.440 
5 3263.586 
5 2977.091 
5 3108.007 
5 2839.470 
5 3415.602 
5 3332.643 
5 2572.442 
5 2691.735 
5 3261.530 
5 2892.338 
5 3289.285 
5 2784.676 
5 2888.657 
5 3667.898 
5 3742.520 
5 2332.663 
5 2870.221 
5 2759.423 
5 2670.165 
5 3249.769 
5 3058.036 
5 3114.432 
5 3002.482 
5 3245.842 
5 2615.832 
5 2757.190 
5 3156.476 
5 3070.470 
5 1973.547 
5 2435.254 
5 3606.055 
5 2938.890 
5 2745.371 
5 1984.659 
5 2993.281 
5 1990.695 
5 2291.460 
5 2937.910 
5 3043.274 
5 3237.375 
5 3109.539 
5 3349.740 
5 2023.654 
5 2411.633 
5 2936.782 
5 2845.322 
4 2785.008 
5 2344.110 
4 3457.511 
5 2938.339 
5 3122.049 
5 2454.466 
5 2502.331 
5 3655.736 
5 2716.210 
5 3082.435 
5 3187.270 
5 3529.724 
5 3244.421 
4 2896.979 
5 2117.054 
5 2898.647 
5 4169.572 
5 1977.537 
5 2959.022 
5 3351.855 
5 3086.929 
5 2938.578 
5 3162.049 
5 2712.198 
5 2644.550 
5 3004.529 
5 2520.093 
5 2444.226 
5 3216.469 
5 3528.708 
5 2799.641 
5 2834.774 
5 2387.711 
5 3402.177 
5 3137.602 
5 2907.970 
5 2696.058 
5 3565.506 
5 2986.529 
5 3238.239 
5 3693.679 
5 3143.067 
5 2460.955 
5 3820.917 
5 3102.752 
5 3164.181 
5 3057.694 
5 3369.041 
5 2445.172 
5 2563.342 
5 2549.015 
5 2512.155 
5 2513.092 
5 3021.482 
5 3328.423 
5 2515.996 
5 2104.540 
5 3125.585 
5 3288.442 
5 2869.061 
5 3500.702 
5 3136.115 
5 2966.750 
5 3460.344 
5 3592.414 
5 2159.175 
5 3067.763 
5 2596.832 
5 2021.307 
5 3024.619 
5 3106.880 
5 2549.932 
5 3389.539 
5 2970.673 
5 2304.799 
5 2803.315 
5 3259.446 
5 2613.385 
5 3008.386 
5 2963.012 
5 2700.713 
5 3328.285 
5 3135.961 
5 3345.351 
5 3004.874 
5 3977.229 
5 4153.810 
5 2919.612 
5 3257.933 
5 2767.273 
5 2528.352 
5 2562.699 
5 3368.520 
5 3390.774 
5 3161.857 
5 2459.986 
5 3410.911 
5 2872.930 
5 2839.593 
5 2926.989 
4 1787.064 
5 3349.462 
5 3166.097 
5 2472.226 
5 4199.501 
5 2590.870 
5 3449.434 
5 2352.870 
5 3380.200 
5 3316.718 
5 2872.981 
5 3212.346 
5 2859.084 
5 1895.503 
5 2175.696 
5 3321.396 
5 2854.468 
5 2644.879 
5 3426.224 
5 2754.379 
5 3426.761 
5 3811.828 
5 3295.501 
5 3141.838 
5 2980.491 
5 3157.901 
5 2787.297 
5 3479.200 
5 2929.739 
5 2019.003 
5 3275.552 
5 3493.887 
5 2646.851 
5 3627.516 
5 2594.040 
5 2817.052 
5 3523.180 
5 3494.661 
5 3876.695 
5 2813.916 
5 2398.165 
5 2400.950 
5 2661.252 
5 3277.874 
5 2071.926 
5 2352.492 
5 2509.545 
5 2891.676 
5 3397.537 
5 3571.013 
5 2976.669 
5 2741.787 
5 2806.276 
5 2949.682 
5 2632.117 
5 2578.540 
5 2786.609 
5 2628.637 
5 2321.615 
5 2367.070 
5 2900.854 
5 3974.041 
5 3205.271 
5 2740.016 
5 2808.842 
5 3185.187 
5 3657.065 
5 2371.855 
5 2077.680 
5 3004.781 
5 2062.987 
5 3387.568 
5 1913.155 
5 2976.349 
5 2226.012 
5 2714.266 
5 2328.718 
5 2847.031 
5 2754.791 
5 3384.720 
5 2925.585 
5 3892.053 
5 3349.032 
5 2518.993 
5 3445.062 
5 3016.988 
4 2831.680 
5 3016.969 
5 2976.750 
5 3109.308 
5 2652.430 
5 3236.270 
5 2685.110 
5 2755.712 
5 2680.525 
5 2748.004 
5 2953.950 
5 3314.709 
5 3122.392 
5 2916.404 
5 2170.839 
5 2658.939 
5 2356.425 
5 3226.693 
5 2750.462 
5 3227.246 
5 3203.853 
5 3092.072 
5 3099.156 
5 2068.258 
5 3004.183 
5 3166.336 
5 3929.775 
5 2914.891 
5 2838.384 
5 3066.765 
5 2793.156 
4 2160.497 
5 2520.383 
5 2902.262 
5 3189.663 
5 3003.163 
5 2743.695 
5 3403.373 
5 2811.902 
5 3112.659 
5 2660.217 
5 3326.056 
5 3214.694 
5 2817.937 
5 3296.330 
5 3576.869 
5 2805.315 
5 2640.547 
5 2665.586 
5 3633.112 
5 3021.156 
5 2601.378 
5 3170.022 
4 1916.874 
5 3416.874 
5 3148.525 
5 1933.817 
5 2228.310 
5 2959.472 
5 2907.635 
5 3056.666 
5 3054.148 
5 2124.323 
5 3533.050 
5 2565.742 
5 2108.370 
5 2066.395 
5 3276.063 
5 2671.588 
5 2695.665 
5 2653.439 
5 3264.874 
5 2314.110 
5 2841.707 
5 2626.502 
5 2130.310 
5 2966.781 
5 3248.286 
5 2704.434 
5 2608.716 
5 2731.534 
5 3011.208 
5 3247.231 
5 2432.234 
5 3127.655 
5 2422.236 
5 2279.798 
5 3670.040 
5 2679.005 
5 3334.589 
5 3205.737 
5 2734.322 
5 3198.140 
5 3367.947 
5 2880.550 
5 2780.666 
5 2418.134 
5 3138.959 
5 2790.107 
5 3051.733 
5 2706.713 
5 2738.376 
5 2879.071 
5 2938.756 
5 3270.465 
5 3395.564 
5 2833.773 
5 3174.843 
5 2916.904 
5 2522.150 
5 2806.522 
5 3109.082 
5 2828.526 
5 2966.345 
5 2853.199 
5 1920.040 
5 3236.428 
5 2721.655 
5 3259.282 
5 2766.433 
5 2680.038 
5 2656.883 
5 3138.295 
5 2853.704 
5 2251.230 
5 2155.835 
5 2649.827 
5 2801.157 
5 3497.907 
5 3084.918 
5 2645.531 
5 3481.746 
5 3055.210 
5 2124.732 
5 3632.995 
5 4346.991 
5 2430.053 
5 3167.760 
5 3103.840 
5 3094.329 
5 2780.330 
5 3499.317 
5 2543.398 
5 2681.978 
5 2565.131 
5 3020.928 
5 3460.683 
5 3536.027 
5 2732.594 
5 3093.399 
5 3263.477 
5 2963.007 
5 2393.112 
5 3467.727 
5 2898.708 
5 2612.130 
5 3717.948 
5 2914.343 
5 3034.061 
5 4470.253 
5 2958.655 
5 3187.120 
4 1437.899 
5 2657.513 
5 2819.766 
5 2893.832 
5 2847.553 
5 2577.701 
5 3110.625 
5 3158.200 
5 2479.472 
5 3045.948 
5 2645.424 
5 2989.101 
5 3361.029 
5 3142.291 
5 2864.078 
5 3426.023 
5 3023.649 
5 3672.825 
5 3400.360 
5 2702.611 
5 3558.990 
5 3041.982 
5 3287.946 
5 2225.500 
5 2884.838 
5 2457.872 
5 3051.840 
5 1994.631 
5 2925.064 
5 3097.429 
5 2988.826 
5 3333.874 
4 3070.794 
5 2929.790 
5 3307.206 
5 3991.905 
5 2887.227 
5 3202.724 
5 3486.881 
5 3504.338 
5 3027.753 
5 3015.198 
5 3098.357 
5 3361.877 
5 3328.671 
5 3443.904 
5 3132.694 
5 2609.047 
5 3174.816 
5 2578.374 
5 3665.369 
5 2627.777 
5 3024.019 
5 3184.082 
5 2826.702 
5 3147.032 
5 3106.209 
5 2512.221 
5 3332.752 
5 3327.800 
5 2903.417 
5 2239.266 
5 2674.030 
5 3147.212 
5 2191.877 
5 3406.959 
5 3155.273 
5 3595.580 
5 2124.619 
5 3314.822 
5 3164.235 
5 2545.797 
5 1777.020 
5 2597.089 
5 3670.049 
5 2949.469 
5 2878.390 
5 3066.574 
5 3511.214 
5 2723.832 
5 2753.405 
5 2998.861 
5 2535.900 
5 2818.835 
5 3798.077 
5 3147.412 
5 2976.203 
5 3073.266 
5 2378.687 
5 2964.507 
5 2779.123 
5 2189.997 
5 2708.396 
5 3184.092 
5 2803.437 
5 3504.704 
5 2647.802 
5 2644.485 
5 3403.632 
5 2859.209 
5 3844.883 
5 2912.115 
5 3269.438 
5 1942.205 
5 2953.560 
5 2562.051 
5 3074.134 
5 3245.904 
5 3600.372 
5 2460.832 
5 2926.847 
5 3010.077 
5 2636.648 
5 2586.336 
5 3559.182 
5 3050.097 
5 3558.681 
5 2454.498 
5 4135.717 
4 2035.097 
5 2893.578 
5 3604.127 
5 3037.180 
5 3248.901 
5 2103.989 
5 2638.875 
5 3152.571 
5 2391.548 
5 2945.573 
5 3026.404 
5 3218.948 
5 2550.727 
5 3389.937 
5 3396.234 
5 3013.427 
5 3130.342 
5 2502.211 
5 2704.124 
5 2459.193 
5 2090.745 
5 3050.189 
5 3212.952 
5 2973.407 
5 2238.362 
5 3295.551 
5 2612.574 
5 3149.976 
5 2272.429 
5 3015.219 
5 3102.346 
5 3007.215 
5 1805.873 
5 3359.736 
5 2804.867 
5 2756.010 
5 3131.740 
5 2728.062 
5 2944.429 
5 3020.427 
5 3513.173 
5 2920.890 
5 3107.602 
5 2216.518 
5 2715.520 
5 2005.753 
5 2772.106 
5 2896.391 
5 2417.903 
5 2721.662 
5 2384.313 
5 3550.737 
5 2879.247 
4 1482.339 
5 3275.440 
4 1944.401 
5 3050.593 
5 3672.876 
5 2838.057 
5 3031.874 
5 2426.174 
5 3836.398 
5 2414.250 
5 2565.957 
5 3359.150 
5 3385.686 
4 1895.509 
5 3139.212 
5 2449.012 
4 1955.552 
5 2544.995 
5 2329.389 
5 2696.366 
5 2226.045 
5 3358.338 
5 2780.349 
5 2798.522 
5 3310.755 
5 2889.874 
5 2656.701 
5 2736.381 
5 3495.073 
5 2573.597 
5 3237.231 
5 2289.711 
5 3637.292 
5 3348.028 
5 2892.343 
5 2574.038 
5 2668.424 
5 3280.702 
5 2459.030 
5 2661.371 
5 3388.123 
5 2998.979 
5 3470.231 
5 2908.368 
5 3183.652 
5 2613.655 
5 3498.695 
5 2470.001 
5 3043.821 
5 2568.939 
5 4290.531 
5 2686.839 
5 2911.538 
5 3112.534 
5 2899.036 
5 3222.236 
5 2793.444 
5 2825.535 
5 2363.155 
5 2692.034 
5 2444.152 
5 3789.312 
5 3223.371 
5 3210.918 
5 2674.687 
5 2473.639 
5 2985.099 
5 2276.868 
5 2664.178 
5 2342.254 
5 2871.191 
5 2169.176 
5 3835.712 
5 3190.410 
5 2979.862 
5 3172.403 
5 3334.551 
5 2280.787 
5 2785.417 
5 2736.397 
5 3241.934 
5 2325.202 
5 2803.149 
5 3138.395 
5 2336.935 
5 3416.581 
5 2545.327 
5 2947.600 
5 2570.279 
5 2638.471 
5 2592.051 
5 2838.114 
5 2866.492 
5 2835.252 
5 3530.813 
5 2373.485 
5 3093.635 
5 3435.363 
5 2470.035 
5 3076.426 
5 3136.229 
5 2874.840 
5 3208.698 
5 2814.176 
5 3440.339 
5 3041.997 
5 2757.193 
5 1873.058 
5 3856.764 
5 3050.878 
5 2414.485 
5 3088.312 
5 2867.774 
5 3156.706 
5 3325.461 
4 2231.053 
5 2598.468 
5 3073.639 
5 2771.561 
5 3311.772 
5 3430.282 
5 3181.772 
5 3714.047 
5 3619.357 
5 2907.231 
5 2788.594 
5 3234.284 
5 2367.320 
5 3492.327 
5 2751.530 
5 3170.367 
5 2414.625 
5 2999.625 
5 2805.001 
5 3387.439 
5 3000.566 
5 3161.054 
5 3361.422 
5 2443.993 
5 3169.050 
5 2633.061 
5 2875.703 
5 2787.227 
5 1873.992 
5 3017.187 
5 3301.461 
5 2842.647 
5 3031.459 
5 2607.757 
5 3073.341 
5 2628.801 
5 3635.916 
5 2363.706 
4 3244.828 
5 3981.882 
5 3333.647 
5 2608.612 
5 2582.925 
5 3188.795 
5 2170.336 
5 3151.022 
5 2963.100 
5 3265.164 
5 3074.729 
5 2966.238 
5 2776.839 
5 3057.221 
5 3276.960 
5 3081.482 
5 3323.701 
5 3237.357 
5 2708.099 
5 2895.130 
5 2864.627 
5 3498.603 
5 3523.354 
5 2850.029 
5 3185.084 
5 3686.916 
5 3131.042 
5 2787.588 
5 2741.510 
5 2148.021 
5 3175.984 
5 2658.113 
5 2689.730 
5 3359.143 
5 2786.067 
5 2757.219 
5 3383.928 
5 2866.686 
5 2763.544 
5 2588.718 
5 3447.361 
5 2702.290 
5 3410.292 
5 2923.779 
5 2863.118 
5 3008.257 
5 3032.405 
5 3371.414 
5 2954.758 
5 2329.609 
5 2816.935 
5 2686.194 
5 2991.423 
5 2687.780 
5 3412.666 
5 3121.062 
5 2904.545 
5 1820.969 
5 2827.077 
5 2765.725 
5 3758.066 
5 2380.237 
5 2936.304 
5 3040.042 
5 2461.255 
5 2875.983 
5 2787.150 
5 3351.590 
5 3150.413 
5 3612.910 
5 2753.075 
5 3055.840 
5 3783.089 
5 2981.505 
5 3299.089 
5 3138.537 
5 2613.690 
5 2468.329 
5 3338.428 
5 3104.508 
5 2532.835 
5 2499.034 
5 2763.767 
5 2353.630 
5 2661.900 
5 2698.916 
5 3326.868 
5 3831.675 
5 2333.547 
5 2552.956 
5 3041.307 
5 2636.385 
5 3608.033 
5 2717.500 
5 2357.609 
5 3534.383 
5 3909.268 
5 2734.337 
5 2982.771 
5 2722.288 
5 3000.409 
5 3048.051 
5 2659.897 
5 2845.703 
5 3314.851 
5 2492.995 
5 2970.331 
5 3109.920 
5 3215.292 
5 3882.032 
5 3086.290 
5 2965.261 
5 2707.641 
5 2890.008 
5 3253.190 
5 2353.361 
5 3353.197 
5 2395.916 
5 2842.415 
5 2822.091 
5 2951.175 
5 2646.914 
5 1927.882 
5 2559.594 
5 2774.011 
5 3300.826 
5 3034.623 
5 3327.851 
5 3142.828 
5 3581.739 
5 2475.007 
5 2537.085 
5 2515.293 
5 2503.154 
5 4166.305 
5 2910.642 
5 2443.005 
5 3867.847 
5 3440.322 
5 2841.459 
4 3842.732 
5 3020.332 
5 2712.112 
5 3271.484 
5 3474.783 
5 2421.667 
5 2386.670 
5 2839.107 
5 3337.064 
5 2704.076 
5 2564.398 
5 3245.659 
5 2593.024 
5 2515.768 
5 3222.683 
5 2618.498 
5 3606.997 
5 2771.547 
5 3363.272 
5 2781.604 
4 2704.799 
5 2747.443 
5 2105.151 
5 3185.682 
5 3510.629 
5 3755.473 
5 3329.548 
5 3027.822 
4 2921.617 
5 2784.496 
5 3120.676 
5 2865.371 
4 1713.273 
5 2750.219 
5 2733.713 
5 2718.550 
5 2669.889 
5 3241.898 
5 2473.565 
5 2495.675 
5 2590.733 
5 3535.426 
5 3308.717 
5 2012.554 
5 2674.766 
5 2662.156 
5 3579.485 
5 2905.612 
4 2766.674 
5 3415.910 
5 2972.161 
5 2717.407 
5 3234.429 
5 2959.071 
5 3131.536 
5 2703.156 
5 2722.991 
5 3313.736 
5 2719.158 
5 2264.006 
5 3489.452 
4 2205.107 
5 3378.790 
5 3655.554 
5 3441.630 
5 3218.006 
5 2928.020 
5 2742.237 
5 2284.645 
5 2416.599 
5 2697.736 
5 3264.043 
5 2834.822 
5 4078.053 
5 2499.977 
5 2925.697 
5 2761.145 
5 2566.679 
5 3004.889 
5 3826.347 
5 2897.864 
5 2803.571 
5 2924.742 
5 3342.830 
5 2707.722 
5 3456.288 
5 2986.703 
5 2383.651 
5 2245.885 
5 2666.745 
5 2870.386 
5 2951.275 
5 3642.510 
5 3642.303 
5 1827.150 
5 2477.868 
5 3177.431 
5 3824.722 
5 2913.655 
5 3266.287 
5 3099.346 
5 3075.912 
4 1646.653 
5 2900.753 
5 3044.605 
5 2378.953 
5 3360.275 
5 2994.402 
5 3198.449 
5 2833.791 
5 2932.849 
5 2691.386 
5 3458.608 
5 2820.380 
5 4064.090 
5 3020.866 
5 2445.214 
5 2315.842 
5 1840.499 
5 3485.984 
5 2583.299 
5 2686.364 
5 2872.720 
5 2837.309 
5 2287.829 
5 1464.422 
5 3849.995 
5 2709.642 
5 3087.408 
5 3264.320 
5 3162.404 
5 3320.178 
5 3446.162 
5 2993.100 
5 3005.656 
5 2883.930 
5 2637.484 
5 2916.165 
5 2630.622 
5 2872.661 
5 2525.334 
5 3112.979 
5 3007.696 
5 3420.431 
5 3314.556 
5 2653.042 
5 2112.388 
5 3270.146 
5 2234.767 
5 2485.955 
5 2491.630 
5 3193.079 
5 3424.513 
5 2596.418 
5 3183.958 
5 3070.568 
5 3314.362 
5 2239.743 
5 2639.430 
5 2766.094 
5 2920.768 
5 2681.108 
5 2724.338 
5 3822.892 
5 2633.552 
5 2957.865 
5 3367.858 
5 2819.836 
5 2753.095 
5 3611.387 
5 2600.194 
5 2610.051 
5 2859.509 
5 2912.507 
5 2593.102 
5 2977.371 
5 3321.016 
5 3055.905 
5 2872.965 
5 3160.542 
5 3415.711 
5 2800.981 
5 3159.046 
5 3694.179 
5 2985.369 
5 2647.701 
5 2281.220 
5 2855.587 
5 2231.657 
5 2317.329 
5 3529.049 
5 3303.843 
4 2614.961 
5 2861.581 
5 2665.035 
5 2823.950 
5 2637.186 
5 2911.754 
5 3144.513 
4 2511.730 
5 3015.918 
5 2185.890 
5 2260.280 
5 2631.396 
5 2607.501 
5 2961.513 
5 3060.374 
5 2994.550 
5 1516.228 
5 2934.619 
5 3175.529 
5 2957.478 
5 2928.180 
5 3530.250 
5 2782.635 
5 2280.072 
5 3037.143 
5 2661.005 
5 2731.134 
5 3610.832 
5 2183.708 
5 2982.268 
5 3417.839 
5 2489.598 
5 2238.951 
5 2871.418 
5 3055.275 
5 3063.210 
5 2975.990 
5 2476.403 
5 2766.418 
5 3481.178 
5 2494.642 
5 3175.340 
5 2457.419 
5 3635.506 
5 1959.137 
5 2607.210 
5 2875.755 
5 2850.864 
5 2986.234 
5 3048.645 
5 3319.455 
5 2616.692 
5 2534.149 
5 3331.638 
5 3117.213 
5 2857.024 
5 2845.005 
5 2811.820 
5 3488.871 
5 2466.575 
5 2960.223 
5 2573.759 
5 3511.065 
5 2822.073 
5 3467.666 
5 2609.377 
5 2467.740 
5 2675.344 
5 2795.332 
5 2387.744 
5 3333.066 
5 2643.944 
5 2909.532 
5 3544.175 
5 2760.289 
5 2709.040 
5 1807.823 
5 3288.046 
5 2612.556 
5 2190.783 
5 3374.761 
5 3610.869 
5 3283.838 
5 3085.809 
5 3198.555 
5 2559.538 
5 2504.154 
5 2619.305 
5 2532.954 
5 2383.415 
5 3054.153 
5 2862.003 
5 2685.106 
5 2570.714 
5 2494.651 
5 2853.801 
5 2751.717 
5 3554.350 
5 2166.358 
5 3267.812 
5 2871.230 
5 2473.658 
5 3840.918 
5 2487.550 
5 2580.058 
5 2948.438 
4 1968.269 
5 2878.746 
5 2641.766 
5 2944.071 
5 2784.702 
5 2553.304 
5 3264.614 
5 3081.199 
5 2674.352 
5 3522.752 
5 2082.422 
5 2575.829 
5 3186.577 
5 2699.855 
5 3238.540 
5 2438.088 
5 2256.023 
5 3595.888 
5 3454.166 
5 3185.341 
5 2852.663 
5 2214.678 
5 3324.381 
5 3169.702 
5 3347.065 
5 3621.526 
5 2434.250 
5 1784.282 
5 2090.184 
5 2801.659 
5 2998.008 
5 3113.590 
5 2781.523 
5 3574.474 
5 3118.643 
5 2944.025 
5 3113.712 
5 2420.841 
5 2985.234 
5 2555.715 
5 2838.010 
5 2371.681 
5 2826.519 
5 3380.828 
5 3181.175 
5 2337.229 
5 2743.964 
5 3468.389 
5 3617.319 
5 2598.565 
5 3705.868 
5 2538.206 
5 3465.530 
5 3607.333 
5 2617.155 
4 2203.461 
5 2776.612 
5 2214.328 
5 2651.932 
5 3038.650 
5 2320.026 
4 1464.443 
5 3622.648 
5 2817.670 
5 2821.193 
5 3321.857 
5 2761.997 
5 3467.093 
5 2751.532 
5 2424.271 
5 2435.139 
5 3220.243 
5 3343.650 
5 3440.693 
4 2370.130 
5 3100.248 
5 3554.374 
5 2538.925 
5 2753.866 
5 2995.385 
5 2949.503 
5 2891.721 
5 3126.043 
5 3259.382 
5 3021.567 
5 3512.628 
5 2931.996 
5 2334.553 
5 2966.072 
5 3241.151 
4 3069.786 
5 2358.185 
5 2912.534 
5 3080.359 
5 3215.982 
5 3039.548 
5 2617.479 
5 2603.418 
5 2745.084 
5 2702.015 
5 2527.581 
5 2528.039 
5 3275.902 
5 3232.129 
5 2348.799 
5 3398.931 
5 2559.184 
5 3091.574 
5 3604.854 
5 3078.705 
5 2569.779 
5 3183.586 
5 2890.269 
5 2822.052 
5 2688.025 
5 2985.404 
5 3244.629 
5 3236.712 
5 2931.563 
5 2948.183 
5 2566.628 
5 3204.685 
5 2799.751 
5 3216.279 
5 3006.322 
5 3107.920 
5 3264.441 
5 2995.750 
5 2524.775 
5 3333.892 
5 3473.110 
5 2899.717 
5 2741.740 
5 3485.324 
5 2959.611 
5 2727.014 
5 3029.721 
5 2732.099 
5 3520.132 
5 3785.449 
5 2996.801 
5 2753.939 
5 3050.250 
5 3272.688 
5 2400.173 
5 1934.773 
5 3000.038 
5 3236.198 
5 2721.948 
5 2644.301 
5 2375.331 
5 2893.554 
5 3287.991 
5 3554.927 
5 2441.410 
5 3579.662 
5 2164.421 
5 2658.098 
5 2413.137 
5 2833.746 
5 3093.534 
5 3410.995 
5 2671.638 
5 3224.805 
5 2828.886 
5 3837.146 
5 3136.435 
5 2762.472 
5 3090.484 
5 4068.807 
5 2868.980 
5 3401.518 
5 2919.124 
5 2182.394 
5 3256.209 
5 3033.681 
5 2368.861 
5 2943.017 
5 2668.431 
5 2384.077 
5 3605.718 
5 3105.169 
5 3637.648 
5 2497.875 
5 3050.002 
5 2235.561 
5 3360.908 
5 3176.662 
5 2986.958 
