5 2997.347 
5 3795.832 
5 2905.023 
5 3951.646 
5 3018.611 
5 3254.242 
5 2966.375 
5 2198.562 
5 3804.594 
5 3208.449 
5 2633.021 
5 2468.299 
5 3559.778 
5 3586.186 
5 3193.190 
5 2860.516 
5 3259.154 
4 1697.946 
5 3316.611 
4 1988.139 
5 2677.555 
5 2481.929 
5 3368.884 
5 2761.224 
5 2105.382 
5 2815.453 
4 2775.660 
5 3156.993 
5 2003.302 
5 3258.896 
5 3705.014 
5 3149.748 
5 3004.875 
5 3457.745 
5 2811.988 
4 2306.114 
5 3958.028 
5 2926.905 
5 3569.974 
5 2680.095 
5 2061.884 
5 3667.204 
5 2100.829 
5 3176.983 
5 3419.789 
5 3582.753 
5 2518.951 
5 2021.919 
5 3028.614 
5 2610.944 
5 3268.238 
5 2839.260 
5 2794.248 
5 3302.188 
5 2677.322 
5 3216.284 
5 3198.452 
5 2260.714 
5 2375.243 
5 2383.897 
5 3428.686 
5 3239.385 
5 3306.133 
5 3564.763 
5 3085.854 
5 2939.472 
5 3769.059 
5 2950.692 
5 3490.170 
5 3661.195 
5 2912.626 
5 2532.646 
5 3548.749 
5 1145.440 
5 2696.794 
5 2534.134 
5 2965.858 
5 3117.777 
5 2777.427 
5 3325.385 
5 3136.211 
5 2687.990 
5 3326.137 
5 2526.754 
5 3074.074 
5 2290.976 
5 2754.123 
5 3384.251 
5 2259.490 
5 3044.208 
5 2843.684 
5 2864.923 
5 2786.676 
5 2970.812 
5 2438.434 
5 2721.426 
5 2631.735 
5 3484.083 
5 2581.610 
5 2287.912 
5 2978.492 
5 2348.187 
5 3952.388 
5 2696.982 
5 2775.934 
5 3028.188 
5 3427.993 
5 3053.204 
5 2280.203 
4 2445.056 
5 3007.782 
5 3973.454 
5 3589.181 
5 2551.711 
5 2295.815 
5 2804.117 
5 2669.485 
5 3344.124 
5 2702.058 
5 3305.509 
5 3178.991 
5 2899.059 
5 2592.834 
5 3389.240 
5 3271.823 
5 3238.852 
5 3246.505 
5 3143.891 
5 2493.895 
5 3043.144 
5 2766.856 
5 2228.847 
5 3249.749 
5 3478.946 
5 2944.833 
5 3119.271 
5 2317.278 
5 3247.286 
5 3200.753 
5 3547.923 
5 3329.297 
5 3229.146 
4 2827.622 
5 2669.716 
5 2797.585 
5 2515.471 
5 1499.938 
5 2879.423 
5 2933.800 
5 2677.601 
5 2353.264 
5 2632.797 
5 2659.196 
5 3178.449 
4 2383.054 
5 3898.132 
5 2527.302 
5 2679.255 
5 3332.388 
5 2737.903 
5 2473.106 
4 2213.510 
5 3083.582 
5 3180.063 
5 2621.212 
5 2406.870 
5 2864.818 
5 3701.893 
5 3022.787 
5 2754.629 
5 3157.521 
5 3211.560 
5 3065.540 
5 2773.138 
5 3311.612 
5 3454.429 
5 1990.093 
5 2467.587 
5 2845.490 
5 3070.820 
5 2477.147 
5 2587.431 
5 3433.323 
5 3122.422 
5 2417.183 
5 3378.543 
5 2373.764 
5 3211.284 
5 3343.964 
5 3719.518 
5 2870.339 
5 3760.322 
5 3110.372 
5 3097.659 
4 2520.851 
5 2201.196 
5 3752.079 
5 3108.084 
5 2790.580 
5 3223.702 
5 2663.035 
5 3332.983 
5 2982.399 
5 3162.001 
5 2940.118 
5 3173.059 
5 3066.467 
5 2546.748 
5 2251.789 
5 2580.867 
5 2650.336 
5 3667.459 
5 2624.225 
5 3793.755 
5 3128.778 
5 2928.888 
5 2647.114 
5 2647.843 
5 3307.166 
5 3129.818 
5 3469.124 
5 3158.635 
5 3200.939 
5 2895.792 
5 3540.339 
5 2260.115 
5 3529.399 
5 3267.757 
5 3057.680 
5 3229.906 
5 2970.380 
5 2867.971 
5 3111.036 
5 2145.762 
5 4068.027 
5 2652.621 
4 2827.302 
4 1871.601 
5 2864.515 
5 3300.906 
5 2671.230 
5 2723.917 
5 2374.917 
5 2652.768 
5 2618.929 
5 3535.171 
5 2871.565 
5 2676.899 
5 3769.420 
5 3146.410 
5 3455.825 
5 3378.644 
5 2616.742 
5 4127.983 
5 3189.675 
5 1906.142 
5 3248.871 
5 2538.332 
5 2493.822 
5 3508.634 
5 3232.135 
5 3411.203 
5 3450.564 
5 2099.960 
5 2873.576 
5 2643.266 
5 3616.610 
5 2143.527 
5 3251.322 
5 2519.035 
5 3572.331 
5 2167.357 
5 3083.266 
5 2706.569 
5 3263.881 
5 3054.860 
5 2194.527 
4 2473.201 
5 3422.191 
5 2767.554 
5 2695.837 
5 2678.773 
5 3054.887 
5 3147.410 
4 2915.188 
5 2658.694 
5 3401.641 
5 3240.497 
5 2550.418 
5 2841.642 
5 3113.524 
5 3534.707 
5 3036.647 
5 2866.703 
5 3233.431 
5 2948.449 
5 2698.507 
5 3220.051 
5 2737.783 
5 2691.983 
5 3320.786 
5 3122.361 
5 3085.653 
5 2805.504 
5 3431.850 
5 2882.488 
5 2822.943 
4 2390.306 
5 2717.253 
5 3540.323 
5 3137.635 
5 4240.229 
5 3047.255 
5 2803.952 
5 2915.239 
5 3418.155 
5 3087.481 
5 2248.944 
5 2348.098 
5 3532.853 
5 2022.992 
5 3126.828 
5 2789.351 
5 3967.952 
5 3564.215 
5 3102.804 
5 2666.532 
5 2732.394 
5 2746.061 
5 2960.092 
5 2453.532 
5 3159.356 
5 3309.818 
5 3231.746 
5 2124.661 
5 3150.993 
5 3143.248 
5 3305.922 
5 3274.342 
5 3178.400 
5 3235.271 
5 1892.935 
5 3245.807 
5 2701.934 
5 2386.625 
5 3083.317 
5 2644.427 
5 3081.320 
5 2792.804 
5 2682.610 
5 4160.238 
5 2551.446 
5 3019.184 
5 2970.534 
5 2778.249 
5 2094.650 
5 2899.067 
5 2340.671 
5 2284.407 
5 2682.259 
5 1970.292 
5 2841.304 
5 2773.305 
5 2704.113 
5 2994.194 
5 3313.075 
5 2709.156 
5 3040.700 
5 2625.897 
5 2560.220 
5 3277.133 
5 2718.508 
5 3163.504 
5 3364.547 
5 2523.278 
5 2561.815 
5 3805.189 
5 2804.982 
5 1675.060 
5 2775.053 
5 2554.719 
5 3050.945 
5 1904.944 
5 2754.218 
5 3093.663 
5 3081.914 
5 2770.579 
4 2523.404 
5 2820.404 
5 1916.658 
5 3036.781 
5 3715.180 
5 3491.727 
5 3025.439 
5 2945.538 
5 3173.312 
5 2893.343 
5 2923.662 
5 3687.395 
5 2898.954 
5 2163.960 
5 3043.134 
5 3436.638 
5 2455.786 
5 3225.760 
5 2968.135 
5 2545.760 
5 3151.551 
5 3408.354 
5 3109.354 
5 2702.300 
5 3010.914 
5 3668.539 
5 3414.336 
5 2460.148 
5 3136.774 
5 2403.652 
5 2742.968 
5 3534.829 
5 3821.577 
5 3446.237 
5 2897.060 
5 2454.467 
5 2662.574 
5 2016.719 
5 2419.000 
5 3561.718 
5 2966.762 
5 3304.436 
5 3029.531 
5 2752.884 
5 3182.248 
5 2615.472 
5 2602.328 
5 3102.828 
5 2747.996 
5 2858.162 
5 3396.029 
5 3083.229 
5 2124.204 
5 3508.789 
5 2908.159 
5 4239.410 
5 2371.665 
5 3427.585 
4 2567.164 
5 3172.166 
5 2946.704 
5 3103.909 
5 4590.047 
5 2601.385 
5 3211.649 
5 2961.287 
5 2919.791 
4 2707.590 
5 3590.624 
5 2224.996 
5 3214.868 
5 2886.676 
5 3441.954 
5 3225.666 
5 2339.370 
5 2810.010 
5 2436.351 
5 3193.493 
5 2612.639 
5 2974.171 
5 3018.496 
5 2670.031 
5 3255.448 
5 2725.690 
5 3462.711 
5 2264.723 
5 3010.549 
5 2411.584 
5 2888.176 
5 2191.333 
5 3076.022 
5 2747.704 
5 2338.183 
5 2810.754 
5 2133.856 
5 2763.893 
5 2399.331 
5 2258.220 
5 2459.952 
5 3009.678 
5 1989.219 
5 2930.428 
5 3746.303 
5 2962.042 
5 2793.260 
5 2950.005 
5 3011.969 
4 1197.148 
5 3275.070 
5 2197.681 
5 3535.531 
5 2768.694 
5 2827.981 
4 1900.317 
5 2447.644 
5 2348.308 
5 2551.083 
5 2974.182 
5 3176.743 
5 2233.570 
5 2812.936 
5 2783.342 
5 2876.431 
5 2839.096 
4 1803.423 
5 3060.194 
5 2648.124 
5 3134.702 
5 3201.438 
5 2568.486 
5 2997.201 
5 1936.574 
5 2847.620 
5 3494.848 
5 2439.690 
5 2592.253 
5 2670.155 
5 3428.125 
4 2085.149 
5 3032.063 
5 3254.292 
5 2988.029 
5 2422.692 
5 2711.385 
5 2534.838 
5 1712.097 
5 3440.719 
5 3062.160 
5 3353.949 
5 2611.664 
5 2364.678 
5 2616.009 
5 1831.354 
5 2357.307 
5 2304.420 
5 2833.906 
5 3355.840 
5 3480.573 
5 3600.916 
5 2830.834 
5 3844.252 
5 2304.131 
5 2340.999 
5 2595.270 
5 2451.987 
5 2979.371 
5 2901.476 
5 2956.421 
5 2910.589 
5 3196.477 
5 2942.681 
5 2974.659 
5 3009.471 
5 2987.745 
5 3307.060 
5 2512.135 
4 2577.923 
5 2930.595 
5 3363.671 
5 2863.297 
5 3211.910 
5 3228.928 
5 3620.223 
5 3040.204 
5 2420.321 
5 3443.222 
5 3101.467 
5 3402.186 
5 3199.090 
5 2164.338 
5 2453.560 
5 3041.767 
5 2761.615 
5 2286.921 
5 2822.996 
5 3134.755 
5 3052.359 
5 2274.198 
4 2483.725 
5 2782.304 
5 2914.283 
5 3393.230 
5 2344.627 
5 3214.164 
5 2201.459 
5 2944.770 
5 2788.389 
5 2693.199 
5 3633.010 
5 2932.917 
5 3636.376 
5 3247.050 
4 1890.413 
5 2047.635 
5 2695.660 
5 3288.709 
5 2786.708 
5 1854.281 
5 3046.832 
5 3004.241 
5 2554.631 
5 3346.393 
5 2664.201 
5 2977.565 
5 2829.245 
5 3580.874 
5 3022.453 
5 3019.175 
5 3578.977 
5 2952.961 
5 2933.159 
5 2737.800 
5 2508.992 
5 2970.949 
5 2928.274 
5 3216.860 
5 3130.016 
5 3065.848 
5 3363.004 
5 3111.749 
5 2578.719 
5 2670.357 
5 3743.575 
5 3750.609 
5 3216.122 
5 2691.641 
5 3297.264 
5 2968.067 
5 2211.329 
5 3014.626 
5 3515.800 
5 2372.547 
5 3167.465 
5 2987.469 
5 3186.387 
5 3754.240 
5 4049.180 
5 2631.983 
5 2892.017 
5 2918.041 
5 2144.524 
5 2760.813 
5 3154.998 
5 2791.666 
4 3077.400 
5 3109.188 
5 2864.376 
5 2664.601 
5 3082.671 
5 2840.729 
5 2170.365 
5 2860.152 
5 2495.215 
4 2239.884 
5 2568.565 
5 3301.082 
5 2748.633 
5 2875.176 
5 2961.632 
5 3934.973 
5 3842.527 
5 2732.582 
5 2910.977 
5 2560.661 
5 3024.907 
5 3661.765 
4 2446.201 
5 3136.391 
5 2116.835 
5 2696.426 
5 2800.053 
5 2844.300 
5 3110.655 
5 3889.284 
5 3245.741 
5 2722.025 
5 2514.880 
5 3374.108 
5 3033.423 
5 3452.755 
5 3596.941 
5 2053.848 
5 3296.658 
5 2684.233 
5 3191.968 
5 3874.084 
5 3045.808 
5 2912.905 
5 2875.383 
5 2961.702 
5 3282.230 
5 3497.570 
5 2877.602 
5 2952.929 
4 2652.208 
5 3885.206 
5 3336.244 
5 2685.427 
5 2817.759 
5 3471.346 
5 2583.554 
4 2701.263 
5 2385.794 
5 2451.646 
5 3247.647 
5 2010.571 
5 2748.497 
5 2372.324 
5 3028.194 
5 2657.062 
5 3062.440 
5 2775.048 
5 3134.049 
5 1988.929 
5 1624.731 
5 3426.192 
4 2891.842 
5 2398.325 
5 2848.559 
5 2667.514 
5 3622.606 
5 2763.686 
5 2539.244 
5 3836.037 
5 3097.087 
4 2678.818 
5 2660.775 
5 3050.846 
5 2812.128 
5 2675.984 
5 3253.008 
5 2032.697 
4 2001.512 
5 2580.434 
5 2682.991 
5 2666.004 
5 3082.879 
5 3771.395 
5 3049.877 
5 2282.773 
5 2501.210 
5 2930.185 
5 3387.413 
5 2552.396 
5 3230.413 
5 3998.296 
5 2728.579 
5 3019.491 
5 3547.762 
5 2818.761 
5 3094.492 
5 2667.272 
5 3850.443 
5 3102.243 
5 3275.395 
5 2753.065 
5 3654.606 
5 3388.951 
5 2989.913 
5 3444.869 
5 2859.910 
5 3976.929 
5 2709.408 
5 2540.074 
5 3359.838 
5 3118.208 
5 2839.945 
4 2658.016 
5 3384.126 
5 2579.890 
5 3031.215 
5 2344.000 
5 2320.453 
5 3087.918 
5 2867.417 
5 2150.524 
5 2445.135 
5 3657.552 
5 1960.644 
5 3611.140 
5 2647.946 
5 2137.885 
5 3356.334 
5 2917.514 
4 2146.292 
5 2050.361 
5 2901.549 
5 2606.244 
5 3119.837 
5 3302.377 
5 2539.427 
5 2873.843 
5 3213.066 
5 3399.636 
5 3642.562 
5 2660.181 
5 2970.950 
5 3255.586 
5 2813.684 
5 3082.698 
5 2723.881 
5 3542.518 
5 3581.726 
5 3231.112 
5 3345.588 
5 2175.056 
5 2843.416 
5 1808.196 
5 3399.126 
5 3014.848 
5 2382.281 
5 2575.427 
5 2691.377 
5 3589.539 
5 3651.119 
5 3163.439 
5 2592.169 
5 2499.127 
5 2991.186 
5 2768.612 
5 3496.666 
5 2792.862 
5 2700.873 
5 3091.250 
5 3867.189 
5 3134.731 
5 2602.833 
4 2442.779 
5 3607.957 
5 2869.959 
5 1728.523 
5 2540.848 
5 2262.540 
5 2579.556 
5 3045.395 
5 3255.902 
5 3010.707 
4 3256.275 
5 2952.341 
5 2579.464 
5 3004.141 
5 2886.278 
5 2602.239 
5 2543.520 
5 3779.687 
5 3263.159 
5 3652.124 
5 3541.156 
5 2946.511 
5 3187.325 
5 3024.190 
5 3456.250 
5 2586.123 
5 2062.354 
5 2847.515 
5 3227.954 
5 2708.340 
5 1656.991 
5 2265.154 
5 3356.727 
5 2857.028 
5 2133.176 
5 2758.712 
5 2993.797 
5 3101.948 
5 3015.615 
5 2415.766 
5 2693.996 
5 3027.411 
5 3512.662 
5 3098.971 
5 3356.089 
5 3070.425 
5 2925.120 
5 2799.108 
5 2785.477 
5 2766.319 
5 3386.608 
5 2656.268 
5 2825.333 
5 2829.903 
5 3214.873 
5 2714.992 
5 2773.415 
5 3104.726 
5 2829.945 
5 3436.450 
5 2111.127 
5 3129.019 
5 2575.784 
5 2849.628 
5 3454.481 
5 2436.534 
5 3607.523 
5 3395.584 
5 2496.056 
5 2600.633 
5 3095.437 
5 2801.638 
5 3481.749 
5 1923.160 
5 2822.941 
5 2824.818 
5 2974.797 
5 4167.940 
5 3129.059 
5 4024.216 
5 2761.439 
5 3918.818 
5 2942.197 
5 2874.091 
5 3498.987 
5 2721.560 
5 2915.913 
5 3674.199 
5 2567.648 
5 2830.035 
5 3217.997 
5 3109.031 
5 2201.407 
5 3006.388 
5 3148.531 
5 3332.424 
5 2342.599 
5 3026.120 
5 2692.510 
5 3155.204 
5 3565.216 
5 4267.054 
5 3417.594 
5 2121.156 
5 2844.757 
5 2462.098 
5 2813.155 
5 2324.316 
5 3129.332 
5 2447.351 
5 3336.017 
5 3347.765 
5 3602.409 
5 3387.813 
5 2771.979 
4 2656.932 
5 1807.235 
5 3143.549 
5 2254.371 
5 1986.348 
5 3549.244 
5 2927.466 
5 2695.072 
5 3682.957 
5 3082.768 
5 3966.462 
5 2697.677 
5 2654.539 
5 2440.821 
5 2197.428 
5 2494.758 
5 2278.001 
5 3642.708 
5 3664.580 
5 2943.883 
5 2122.569 
5 2842.780 
5 3306.207 
5 3469.284 
5 2716.602 
5 1759.004 
4 2097.357 
5 3570.489 
5 3040.681 
5 2751.370 
5 2607.649 
4 3295.731 
5 3377.473 
5 2740.539 
5 3235.492 
5 3312.273 
5 3469.422 
5 2969.715 
5 2217.463 
5 3502.879 
5 3017.334 
5 2381.460 
5 2575.490 
5 2501.314 
5 2196.243 
5 2874.394 
5 2446.995 
5 2228.236 
5 3175.895 
5 2805.294 
5 2101.365 
5 2672.671 
5 2305.080 
5 3841.035 
5 2585.285 
5 3024.277 
5 3276.993 
5 2468.838 
5 2837.072 
5 2790.766 
5 3180.133 
5 2841.035 
5 2826.210 
5 2409.006 
5 3071.566 
5 3332.190 
5 3430.957 
5 3443.212 
5 3126.975 
5 2897.866 
5 2113.887 
5 3295.126 
5 2799.984 
4 1931.712 
5 3491.021 
5 3125.889 
5 2942.637 
5 1955.845 
5 3020.858 
5 2682.535 
5 3344.134 
5 1992.534 
5 3359.541 
5 3741.027 
5 3161.841 
5 2804.863 
5 3245.782 
5 3350.613 
5 3597.816 
5 3257.047 
5 3171.016 
5 3263.205 
5 2293.556 
5 2147.292 
5 2143.234 
5 2120.926 
5 3630.061 
4 2426.110 
5 2432.457 
5 3661.698 
5 3467.383 
5 2774.814 
5 3095.698 
5 3346.431 
5 2784.581 
5 3078.021 
5 2881.385 
5 3242.136 
5 2297.747 
5 2741.095 
5 2242.754 
5 2931.285 
5 4044.505 
5 3255.625 
5 3020.169 
5 3491.974 
5 3184.466 
5 2473.003 
5 2707.895 
5 3563.826 
5 3306.647 
5 1893.993 
5 1584.629 
5 3429.151 
5 1975.273 
5 3185.032 
5 2578.129 
5 2426.327 
5 2957.726 
5 2762.457 
5 3059.353 
5 2356.885 
5 2764.979 
5 3533.558 
5 3278.868 
5 2762.690 
5 2431.986 
5 3313.510 
5 3325.053 
5 2563.384 
5 2867.819 
5 2569.140 
5 2972.377 
5 3936.178 
5 2516.864 
5 1966.866 
5 1645.019 
5 2964.265 
5 2181.238 
5 3383.663 
5 2879.009 
5 2693.722 
5 2263.371 
5 2909.459 
5 2474.419 
5 2583.677 
4 2135.491 
5 3046.765 
5 2824.929 
5 2479.106 
5 3024.138 
5 2652.700 
5 2411.150 
5 2589.633 
5 3063.182 
5 4617.794 
5 3087.729 
5 2125.314 
5 2760.170 
5 3175.902 
5 3169.279 
5 4134.954 
5 2794.717 
5 1953.763 
5 2661.050 
5 3296.029 
5 2909.979 
5 2716.354 
4 2262.199 
5 3460.533 
5 2812.938 
5 3019.615 
5 2599.916 
5 2436.686 
5 2720.029 
5 2433.382 
5 2779.803 
5 3346.752 
5 2460.187 
5 2523.661 
5 3114.994 
5 3365.675 
5 3899.505 
5 3129.866 
5 3056.113 
5 2709.940 
5 3774.543 
5 2535.204 
5 2779.159 
5 2479.594 
5 2638.490 
5 3286.178 
5 3250.108 
5 2714.673 
5 2612.484 
5 2159.287 
5 1829.699 
5 3589.246 
5 3197.642 
5 2899.816 
5 2816.833 
5 2496.571 
5 1790.843 
5 2483.527 
5 4716.611 
5 3182.361 
5 3256.582 
5 2449.721 
5 3946.898 
5 2871.342 
5 2196.719 
5 2823.901 
5 3463.347 
5 2692.434 
5 2568.032 
5 3218.981 
5 3226.890 
5 3302.115 
5 3535.206 
5 3353.912 
5 2185.132 
5 3121.996 
5 3467.538 
5 2884.577 
5 3155.437 
5 2463.989 
5 2933.170 
4 1884.932 
4 2984.777 
5 3463.724 
5 3249.830 
5 3679.494 
5 2920.039 
5 2947.575 
5 3295.593 
5 2864.295 
4 3047.419 
5 3296.450 
5 2339.541 
5 2589.357 
5 2319.903 
5 3521.707 
5 3103.445 
5 3209.364 
5 2807.778 
5 3742.132 
5 2960.443 
5 3032.087 
5 3652.923 
5 2396.475 
5 2944.872 
5 2408.631 
4 2631.286 
5 3051.870 
5 2483.271 
5 2894.059 
5 2857.786 
5 2713.232 
5 2563.551 
5 2741.750 
5 2175.331 
5 2770.469 
5 2416.333 
5 2018.353 
5 2431.036 
5 1942.369 
5 3658.384 
5 2805.889 
5 2838.127 
5 3248.095 
5 2622.393 
5 2464.597 
5 2471.140 
5 2493.910 
5 2624.455 
5 3129.404 
5 3021.109 
5 1673.350 
5 2331.194 
5 3490.829 
5 2762.597 
5 3371.002 
5 3406.289 
5 3071.086 
5 2633.997 
5 3374.118 
4 1797.057 
5 3616.340 
5 2564.400 
5 2658.485 
5 1931.892 
5 2259.713 
5 2833.253 
5 3170.415 
5 2569.988 
5 3085.662 
5 2372.117 
5 1805.177 
5 3561.344 
5 3124.170 
5 3134.251 
5 2674.162 
4 2371.911 
5 2987.010 
5 3344.910 
5 2668.386 
5 2078.732 
5 3082.078 
5 2617.104 
5 3087.481 
5 3043.509 
5 3025.576 
5 3041.449 
5 3197.092 
5 3304.681 
5 2947.358 
5 3338.857 
5 3247.499 
5 3520.899 
5 2503.387 
5 2960.733 
5 2968.109 
5 2851.558 
5 3290.795 
5 3229.144 
5 3265.179 
5 1925.612 
5 2963.901 
5 2468.535 
5 2944.977 
4 2241.834 
5 3182.289 
5 2710.701 
5 2351.118 
5 3251.154 
5 3244.823 
5 2694.494 
5 3113.924 
5 2623.177 
5 3431.402 
5 3142.084 
5 2951.937 
5 2539.717 
5 3141.671 
5 2963.926 
5 2956.747 
5 2665.246 
5 2576.831 
5 2740.813 
5 2788.743 
4 1713.676 
5 3046.094 
5 3251.399 
5 2690.032 
5 3393.696 
5 3024.383 
5 2497.391 
5 2785.344 
5 3073.236 
5 3709.711 
5 3186.255 
5 3116.922 
5 2926.999 
5 3159.358 
5 2138.063 
5 2996.534 
5 2984.091 
5 2078.887 
5 2051.716 
5 3085.226 
5 2602.173 
5 2729.271 
5 3860.237 
5 3599.318 
5 2790.288 
4 2055.533 
5 2940.535 
5 2731.586 
5 3299.167 
5 3258.711 
5 2649.760 
5 3209.804 
5 1626.090 
5 2397.300 
5 2902.620 
5 3212.887 
5 2407.716 
5 2664.109 
5 2695.658 
5 2493.591 
5 2964.721 
5 1869.453 
5 3607.318 
5 3325.625 
5 2811.718 
4 2180.915 
5 3406.847 
5 3355.923 
5 3629.049 
5 2568.410 
5 2910.431 
5 3041.206 
5 1890.911 
5 2555.019 
5 2664.349 
5 2369.515 
5 3149.899 
5 3925.449 
5 2835.578 
5 3343.310 
5 3400.396 
5 2979.535 
5 3173.714 
5 3124.545 
5 3528.528 
5 2979.010 
5 2937.904 
5 3479.865 
5 2280.911 
5 3535.232 
5 3114.597 
5 2882.359 
5 2444.076 
4 2523.058 
5 2990.488 
5 1904.497 
5 2635.083 
5 2607.807 
5 2809.405 
5 2875.676 
5 2430.409 
5 3157.394 
5 3363.637 
5 3132.263 
5 2908.654 
5 2983.933 
5 3095.970 
5 2554.199 
5 2848.257 
5 3108.220 
5 2637.102 
5 3111.227 
5 3573.393 
5 3325.895 
5 3205.966 
5 3687.451 
5 2452.657 
5 3462.416 
5 2885.097 
5 2517.201 
5 2619.145 
5 2978.294 
5 3855.875 
5 3343.506 
5 2613.433 
5 2567.322 
5 3077.577 
5 3157.202 
5 2927.319 
5 3207.620 
5 2675.472 
5 2466.015 
5 2715.905 
5 3479.142 
5 3386.054 
5 2523.374 
5 2902.224 
5 3270.326 
5 4118.003 
5 2352.507 
5 2870.753 
5 3057.487 
5 2840.456 
5 2793.570 
5 2908.799 
5 2622.640 
5 3353.339 
5 3010.381 
5 2933.633 
5 2888.914 
5 3209.592 
5 3087.488 
5 2791.471 
5 2994.392 
5 3050.704 
5 2491.950 
5 3079.833 
5 2796.533 
5 3756.379 
5 3126.460 
5 2436.779 
5 3315.910 
5 2845.609 
5 3007.971 
5 3089.580 
5 2799.578 
5 2793.450 
5 3041.838 
5 2436.642 
5 3714.411 
5 3052.787 
5 3457.853 
5 2413.550 
5 2987.219 
5 2387.348 
4 2555.240 
5 3844.937 
5 2794.529 
5 3316.598 
5 2681.498 
5 3247.323 
5 3633.911 
5 2919.772 
5 2304.633 
5 3127.475 
5 3695.603 
5 3262.523 
5 3471.719 
5 3085.018 
5 3603.131 
5 2631.182 
5 3600.984 
5 3219.361 
5 2755.141 
4 2370.574 
5 3064.972 
5 2402.460 
5 3217.688 
5 2906.893 
5 2182.939 
5 2692.297 
5 3312.830 
5 2475.230 
5 2715.520 
5 2302.512 
4 2539.665 
5 3641.742 
5 2959.164 
5 2191.819 
5 3500.546 
5 2658.438 
5 3229.003 
5 3235.937 
5 2846.483 
5 2425.313 
5 2704.298 
5 2636.979 
5 3034.271 
5 3533.905 
5 1802.228 
5 2557.457 
5 3122.493 
5 3495.998 
5 2396.688 
5 2693.943 
5 2874.569 
5 2947.262 
5 3516.395 
5 3273.871 
5 2820.525 
5 3223.819 
5 2378.949 
5 3916.890 
5 2688.677 
5 3056.266 
5 2748.642 
5 2767.960 
5 3461.577 
5 2693.544 
5 2906.082 
5 3388.006 
5 2016.890 
5 2969.748 
5 3267.419 
5 3436.771 
5 2796.292 
5 3304.637 
5 2823.291 
5 3203.876 
5 2725.935 
5 2830.605 
5 2693.630 
5 2916.417 
5 3265.041 
4 2581.490 
5 2798.306 
5 2962.817 
4 2504.978 
5 3298.117 
5 2487.812 
5 2705.688 
5 2722.234 
5 2569.061 
5 3061.611 
5 3229.019 
5 3101.995 
4 2940.280 
5 2296.946 
5 3687.609 
5 2408.748 
5 3033.346 
5 3911.911 
5 2956.335 
5 2733.049 
5 3462.082 
5 1997.604 
5 3307.907 
5 3328.727 
5 2432.165 
5 3635.692 
5 2277.873 
5 1955.952 
5 3342.448 
5 3069.439 
5 2975.177 
5 2070.689 
4 2403.236 
5 2643.344 
5 3134.970 
5 2552.885 
5 2409.844 
5 3820.831 
5 3899.010 
5 2139.710 
5 3447.326 
5 2332.147 
5 2784.885 
5 3313.376 
5 3492.496 
5 2523.058 
5 3304.847 
5 3076.758 
5 2445.048 
5 3491.127 
5 3133.429 
5 2811.942 
5 3103.063 
5 2368.066 
5 3141.631 
5 2890.356 
5 3607.659 
5 3337.259 
5 2650.481 
5 3241.513 
5 2936.906 
5 3440.807 
5 2746.733 
5 3419.125 
5 3097.325 
5 3245.836 
5 3223.839 
5 3179.812 
5 3021.509 
5 2735.033 
5 2362.884 
5 2816.650 
5 3131.451 
5 2982.100 
5 3165.947 
5 2795.031 
5 2642.862 
5 3124.585 
5 3364.073 
5 2653.839 
4 2117.598 
5 3039.763 
5 3111.820 
5 3692.841 
5 3422.456 
5 3246.637 
5 3440.771 
5 3399.124 
5 3366.527 
4 2415.306 
5 3544.943 
4 2275.862 
5 2655.012 
5 3947.714 
5 2655.986 
5 2503.222 
5 2745.692 
5 3380.303 
5 3263.107 
5 3129.446 
5 1824.891 
5 3376.193 
5 2539.608 
5 2676.593 
5 3339.354 
5 3351.976 
5 3276.531 
5 2605.439 
5 2898.741 
5 3341.118 
5 3381.573 
5 2859.960 
5 3082.528 
5 3839.669 
5 2406.064 
5 2931.612 
5 2468.076 
5 2773.496 
5 3152.050 
5 3345.671 
5 2842.785 
5 2824.585 
4 1704.527 
5 3478.166 
5 3254.412 
5 3177.126 
5 2534.598 
5 2584.929 
5 2553.936 
5 3838.396 
5 3151.778 
5 3355.035 
5 2772.686 
5 2542.455 
5 3851.256 
5 3009.828 
5 2385.790 
5 3084.629 
5 3425.898 
5 2450.096 
5 2305.638 
5 2797.771 
5 2935.692 
5 3138.414 
5 2889.966 
5 3771.830 
4 1946.091 
5 3201.823 
5 3355.417 
5 2828.493 
4 2423.762 
5 2692.484 
5 3194.600 
5 2833.697 
5 2970.420 
4 2294.776 
5 3107.509 
5 2931.857 
5 2921.692 
5 3408.975 
5 2829.668 
5 2182.504 
5 3304.333 
5 2526.752 
5 3192.738 
5 3549.509 
5 2604.375 
5 3438.496 
5 3618.857 
5 2039.136 
5 3894.012 
5 2787.034 
5 2958.637 
5 2999.061 
5 2931.280 
5 2162.785 
5 2694.883 
5 2400.888 
4 2481.882 
5 4201.980 
5 2734.219 
5 1738.282 
5 3028.580 
5 3492.685 
5 3167.874 
4 2283.479 
5 2513.460 
5 3121.036 
5 2466.130 
5 3167.267 
5 1681.779 
4 2864.196 
5 2780.869 
5 3258.424 
5 2660.961 
5 3262.338 
5 3147.147 
5 3756.480 
5 3286.988 
5 2373.628 
5 2677.199 
5 2993.672 
4 1962.255 
5 3186.372 
5 2674.079 
4 2693.586 
5 2410.900 
5 3681.019 
5 2774.395 
5 3388.940 
5 2932.010 
5 2739.190 
5 2854.486 
5 3267.742 
5 2567.711 
5 2940.116 
5 3504.189 
5 3049.818 
5 2549.358 
5 2710.312 
5 3178.915 
5 2843.388 
5 3844.043 
5 2126.609 
5 3027.189 
5 3402.216 
5 3785.936 
4 2080.807 
5 3816.790 
5 3387.001 
5 2736.553 
5 2241.473 
5 3044.229 
5 4067.095 
5 3282.068 
5 3260.078 
5 2891.814 
5 3007.010 
5 3336.875 
5 3526.408 
5 3851.382 
5 3404.550 
5 3466.458 
5 2681.511 
5 2502.805 
5 2926.994 
5 3465.270 
5 2858.869 
5 2728.780 
5 2046.885 
5 2781.242 
5 2522.171 
5 3365.018 
5 2788.706 
5 3364.448 
5 3328.498 
5 2831.140 
5 3105.209 
5 2904.744 
5 3221.731 
5 2799.146 
5 3157.429 
5 3464.809 
5 3193.706 
5 3262.048 
5 3984.883 
5 2559.438 
5 2433.607 
5 1875.638 
5 2499.806 
5 2923.862 
5 2364.365 
5 2508.521 
5 3207.014 
4 2625.843 
4 2280.692 
5 2461.656 
5 2711.086 
5 3192.419 
5 3331.410 
5 3629.994 
5 3291.352 
5 2257.137 
5 3605.730 
5 3495.927 
5 2685.091 
5 2981.338 
5 3549.278 
4 3237.071 
5 3804.202 
5 3220.418 
5 2309.763 
5 3111.169 
5 2676.508 
5 2240.585 
5 3727.724 
5 2558.090 
5 3529.615 
5 2762.536 
5 3203.570 
5 3036.516 
5 2559.625 
5 2682.682 
5 3129.267 
5 3262.987 
5 2910.007 
5 2577.064 
5 3489.311 
5 3632.817 
5 2891.646 
5 2802.254 
5 2418.387 
5 3816.268 
5 3277.169 
5 2522.756 
5 2399.017 
5 3473.135 
5 2148.292 
5 2251.354 
5 3213.223 
5 2805.516 
5 3859.869 
5 2384.771 
5 3179.636 
5 1905.732 
5 3482.435 
5 3253.013 
5 3347.916 
5 3055.084 
5 3558.320 
5 2471.895 
5 2332.583 
5 2717.172 
5 2694.877 
5 2465.292 
5 2764.092 
5 2949.207 
5 2432.073 
5 2983.324 
5 2906.292 
5 3535.758 
5 2784.138 
5 3243.695 
5 2398.250 
5 2960.220 
5 2521.382 
5 2684.663 
5 2612.458 
5 2563.448 
5 2843.182 
5 2742.196 
5 3412.986 
5 2433.920 
5 3091.356 
5 2491.643 
5 3405.722 
5 3029.204 
5 2165.323 
5 4087.803 
5 2750.859 
5 2992.213 
5 2476.345 
5 2748.764 
5 2539.013 
5 2289.198 
5 2757.642 
5 3306.113 
5 2127.816 
5 2827.414 
5 3113.981 
5 3140.367 
5 2692.281 
5 2657.378 
5 2914.472 
5 2970.858 
5 2412.295 
5 2580.398 
5 3195.469 
5 3495.778 
5 2648.317 
5 3574.557 
5 2820.830 
5 3131.304 
5 2249.950 
5 2659.671 
5 3063.525 
5 2741.436 
5 3446.466 
5 2196.198 
5 3010.828 
5 2541.074 
5 3065.753 
5 2732.562 
5 3161.679 
5 2118.903 
5 3820.667 
5 2830.274 
5 2422.497 
5 3441.793 
5 2225.547 
5 3403.516 
5 3065.080 
5 3111.805 
5 2083.820 
5 2938.352 
5 3675.734 
5 3308.526 
5 2100.169 
5 3037.737 
5 2445.639 
5 3104.678 
5 3207.450 
5 3392.767 
5 2703.691 
5 3341.452 
5 3344.848 
5 3442.523 
5 3154.665 
5 3644.077 
5 3284.503 
5 2936.733 
5 3490.388 
5 3135.861 
5 3383.544 
5 3731.102 
5 3572.897 
5 2943.165 
5 3196.680 
5 2916.077 
5 3551.674 
5 2419.123 
5 2895.495 
5 3080.278 
5 3078.110 
5 2422.199 
5 3195.546 
5 2635.157 
5 3220.245 
5 2895.449 
5 2818.967 
5 2741.563 
5 2525.971 
5 3055.895 
5 3000.716 
5 2699.729 
5 2812.071 
5 2648.795 
5 3112.995 
5 2616.253 
5 2159.534 
5 2836.317 
5 3193.218 
5 2629.523 
5 3591.639 
5 2052.232 
5 2267.321 
5 3269.046 
5 2523.839 
5 3239.831 
5 2258.789 
5 3103.143 
5 2249.873 
5 2724.320 
5 2676.828 
5 3071.549 
5 3571.301 
5 3104.593 
5 2857.281 
5 3187.746 
4 2327.958 
5 3421.902 
5 2703.864 
5 2804.627 
5 3214.212 
5 1481.505 
5 2750.954 
5 2104.777 
5 3314.124 
5 1947.621 
5 1633.625 
5 2860.815 
5 2900.534 
5 2437.611 
5 2852.019 
5 3223.293 
5 3618.962 
5 3000.223 
5 2644.980 
5 2005.728 
5 3051.170 
5 2697.600 
5 3342.641 
5 3799.566 
5 3130.292 
5 2818.891 
5 2881.425 
5 2728.553 
5 1583.459 
5 2789.108 
4 2274.028 
4 2463.341 
5 2604.596 
5 3523.624 
5 2526.997 
5 3085.203 
5 3154.968 
5 2975.943 
5 2145.071 
5 3354.496 
5 3891.631 
5 3609.015 
5 2963.046 
5 2464.941 
5 3048.312 
5 3284.383 
4 3206.976 
5 2745.674 
5 2860.677 
5 3109.922 
5 2768.182 
5 3164.797 
5 2084.497 
5 2627.056 
5 2472.728 
5 2663.023 
5 3097.204 
5 2685.030 
5 3510.346 
5 3022.840 
4 2670.365 
5 2518.592 
5 2851.524 
5 3470.348 
5 3199.415 
5 3519.340 
5 3057.271 
5 2545.687 
5 2792.889 
5 2459.732 
5 3241.334 
5 3791.481 
5 3179.232 
5 2587.283 
5 3189.739 
5 3276.931 
4 3012.846 
5 4110.081 
5 2677.908 
5 3085.196 
5 2031.349 
5 2631.438 
5 3611.178 
5 3312.864 
5 2908.331 
5 2530.536 
5 2693.362 
5 2269.437 
5 2846.853 
5 2224.677 
5 2737.357 
5 2956.340 
5 2332.205 
5 3044.263 
5 3470.163 
5 2674.974 
5 2762.330 
5 3675.810 
5 2524.328 
4 1520.188 
5 2859.735 
5 2917.538 
5 2076.745 
5 3378.860 
5 3526.737 
5 3017.913 
5 3178.826 
4 2352.549 
4 2758.754 
5 3988.667 
5 3397.954 
5 3410.594 
5 3272.952 
5 3169.511 
5 3724.038 
5 2178.935 
5 3206.007 
5 3132.835 
5 3444.705 
5 3459.082 
5 3283.601 
5 3055.341 
5 3556.913 
5 2521.852 
5 3522.896 
5 2309.628 
5 3770.730 
5 3272.809 
5 3607.399 
5 2286.051 
5 3080.774 
5 3492.649 
5 4743.198 
5 2724.368 
5 3034.278 
4 2355.842 
5 3657.150 
5 2873.074 
5 3261.289 
5 2614.935 
5 3011.889 
5 2820.834 
5 3095.452 
5 3380.639 
5 3952.519 
5 2721.873 
5 2645.401 
5 3472.419 
5 2801.809 
5 2964.902 
5 2688.167 
5 2365.967 
5 2417.115 
5 2792.331 
5 3864.530 
5 4201.632 
5 2841.561 
5 2754.913 
5 3130.135 
5 2870.484 
5 2807.546 
4 2148.474 
5 3187.426 
5 3242.748 
5 3178.133 
5 3040.499 
5 2420.967 
5 2980.503 
5 3487.074 
5 2689.786 
5 3743.039 
5 2425.278 
5 3322.210 
5 3024.042 
5 3321.802 
5 3164.465 
5 3200.830 
4 2297.210 
5 3205.460 
5 3124.593 
5 2880.842 
5 2791.913 
5 3376.431 
4 2496.728 
5 2729.315 
5 4071.761 
5 3216.792 
5 3314.057 
4 1700.068 
5 2499.297 
5 3114.543 
5 2983.166 
5 2954.100 
5 2012.611 
5 3762.607 
5 2994.410 
5 2491.422 
5 2694.833 
5 3628.819 
5 2818.283 
5 2168.360 
5 2989.671 
5 3459.723 
5 2854.963 
5 3151.464 
5 2306.833 
5 3340.388 
5 3678.407 
4 2098.364 
5 2870.464 
5 2719.407 
5 2630.125 
5 2680.916 
5 3391.251 
5 2656.372 
5 2576.513 
5 3655.959 
5 2266.855 
5 2769.973 
5 2454.925 
5 2720.602 
5 2575.277 
5 2040.644 
5 2058.603 
5 3504.567 
5 2633.112 
5 2793.191 
5 2885.582 
5 2883.800 
5 3216.258 
5 2867.924 
5 3104.837 
5 3638.904 
5 2951.252 
5 2122.608 
5 2887.760 
5 3471.149 
5 3609.350 
5 2423.814 
5 2275.061 
5 2670.878 
5 3639.290 
5 3094.074 
5 2977.101 
5 2397.794 
5 2704.879 
5 3334.690 
5 1903.739 
5 3128.370 
5 2693.328 
5 2062.431 
5 2949.016 
5 3255.298 
5 4167.264 
5 2181.011 
5 2581.576 
5 3655.895 
5 2734.622 
5 1763.256 
5 3043.052 
5 2819.196 
5 3039.605 
5 2669.394 
5 3358.203 
5 2904.917 
5 2780.916 
4 2704.457 
5 3599.461 
5 2851.363 
5 3183.089 
5 2656.803 
5 2135.257 
5 3109.453 
5 3392.015 
5 3118.528 
5 3047.110 
5 2750.529 
4 2165.918 
4 2305.336 
5 3321.462 
5 3229.567 
5 3904.196 
5 2847.014 
5 2579.054 
5 2328.040 
5 3087.900 
5 3745.429 
5 2453.782 
5 2609.713 
5 2938.802 
5 2687.897 
4 2972.992 
5 2964.239 
5 2242.231 
5 3084.364 
5 3228.927 
5 3488.730 
5 3288.967 
5 2695.127 
5 2591.580 
5 3141.512 
5 2562.490 
5 2833.789 
5 3220.686 
5 3271.152 
5 3278.985 
5 3016.185 
5 2467.027 
5 3036.976 
5 3279.528 
5 3626.544 
4 2685.799 
5 2799.902 
5 3148.071 
5 2925.058 
4 3468.314 
5 3315.590 
5 4033.549 
5 3053.804 
5 3185.222 
5 2537.219 
5 2474.001 
5 3160.340 
5 2622.439 
5 3657.231 
4 2636.169 
5 2989.304 
5 3059.910 
5 2743.433 
5 2236.989 
5 3067.225 
5 2364.719 
5 3064.825 
5 3748.296 
5 2562.361 
5 2736.405 
5 2940.760 
5 2271.363 
5 2785.646 
5 3109.970 
5 2846.427 
5 3125.083 
5 3027.524 
5 2770.840 
5 3528.469 
5 2738.468 
5 2551.558 
5 2841.736 
5 2593.609 
5 3012.670 
5 3318.290 
5 3093.915 
5 2866.004 
5 2529.963 
5 2716.049 
5 3133.013 
5 2832.156 
5 2574.897 
5 2949.139 
5 3841.390 
5 2796.807 
5 2369.710 
5 3800.280 
5 2854.531 
5 3003.985 
5 3272.387 
5 3295.554 
4 2167.296 
5 2705.660 
5 3299.986 
5 2082.833 
5 3274.971 
5 3446.238 
5 2880.336 
5 3012.354 
5 3693.677 
5 2607.490 
5 3602.009 
5 2782.674 
5 3056.719 
5 3213.311 
5 2083.099 
5 2560.365 
5 3702.025 
5 3648.371 
5 2780.043 
5 3586.605 
5 2646.785 
5 2441.731 
5 1578.258 
5 2740.131 
5 3059.637 
5 2659.664 
5 2745.408 
5 2290.899 
5 2601.014 
5 2438.204 
5 3247.011 
5 2844.796 
5 3027.039 
4 2196.639 
5 2678.347 
5 3240.877 
5 3470.508 
5 3573.937 
5 4662.525 
5 2508.730 
5 2547.599 
5 3086.852 
5 3279.125 
5 2539.667 
5 2941.358 
5 3071.469 
5 3283.101 
5 2992.439 
5 2417.590 
5 1753.226 
5 2282.566 
5 2423.822 
5 2622.165 
5 2393.992 
5 2297.118 
5 3145.120 
5 2592.674 
5 2903.738 
5 3003.617 
5 3572.088 
5 3052.662 
5 2624.819 
5 3344.254 
5 3668.894 
5 3732.619 
5 2441.163 
4 2599.925 
5 2525.347 
5 3111.061 
5 3248.406 
5 3292.950 
5 3212.583 
5 3203.413 
5 2466.442 
5 2908.177 
5 3287.868 
5 3214.944 
5 2916.190 
5 3494.209 
4 1755.442 
5 2826.645 
5 2862.741 
5 2602.679 
5 2761.682 
5 2542.159 
5 3268.448 
5 2854.579 
5 2511.803 
5 3358.531 
5 2938.431 
4 2829.598 
5 3344.458 
5 3442.831 
5 3292.775 
5 3409.389 
5 3199.157 
5 2379.727 
5 3203.081 
5 3041.749 
5 3280.539 
5 2767.088 
5 2769.918 
5 2957.060 
5 3327.747 
5 2516.937 
5 4372.288 
5 2045.994 
5 2757.396 
5 2047.164 
5 4119.186 
5 3081.614 
5 1853.175 
4 2339.295 
5 3329.671 
5 2953.640 
5 2881.233 
5 2936.602 
5 1756.283 
5 2521.626 
5 3323.708 
5 3303.212 
5 2756.016 
5 3429.014 
5 3885.674 
5 2662.082 
5 3018.834 
5 2763.141 
5 3209.424 
5 3081.507 
5 3140.808 
5 3660.698 
5 3585.068 
5 2734.901 
5 3588.355 
5 3767.881 
5 2524.507 
5 3056.639 
5 2578.712 
5 4429.171 
5 2985.500 
5 2440.024 
5 2403.053 
5 3321.920 
5 2086.685 
5 3433.551 
5 2509.819 
5 2576.917 
5 2538.036 
5 2342.289 
5 2766.107 
5 2366.118 
5 3128.024 
5 2880.056 
5 2997.867 
5 3433.102 
5 4364.580 
5 2893.469 
5 2650.816 
5 2188.055 
5 2904.715 
5 2358.010 
5 2983.687 
5 2663.998 
5 3203.112 
5 2761.051 
5 2580.377 
5 3208.697 
5 3344.644 
5 2471.094 
5 3121.102 
5 2428.981 
5 2021.118 
5 3306.840 
5 3780.848 
5 2714.081 
5 3729.060 
5 2513.662 
5 3143.997 
5 2784.748 
5 2625.479 
5 2760.599 
5 2653.758 
5 2735.400 
5 2717.679 
5 2747.009 
5 2527.763 
5 3658.925 
5 3070.757 
5 3406.554 
5 3171.950 
5 2231.794 
5 2595.120 
5 2917.790 
5 3105.375 
5 3127.590 
5 3264.639 
5 2861.970 
5 2385.913 
5 2384.877 
5 3067.833 
5 2527.183 
5 4151.231 
5 3410.923 
5 3242.066 
5 3515.122 
5 3654.940 
5 3104.920 
5 3422.961 
5 2454.404 
5 3698.187 
5 3594.604 
5 3648.603 
5 3797.459 
5 2801.162 
5 2767.362 
5 2333.436 
5 2760.282 
5 3230.781 
5 2378.602 
5 2540.829 
5 3464.449 
5 3695.514 
5 2987.899 
5 2789.488 
5 3548.999 
5 2162.255 
5 2393.447 
5 2402.385 
5 3239.110 
5 2603.079 
5 2932.133 
5 2965.293 
5 2707.873 
5 2759.835 
5 3061.434 
5 1813.609 
5 2897.381 
5 3258.116 
5 3473.994 
5 3362.763 
5 2938.494 
5 3523.934 
5 2515.175 
5 3307.688 
5 2821.557 
5 2193.290 
5 2407.622 
5 2917.144 
5 2906.418 
5 3489.017 
5 3893.004 
5 3521.702 
5 2798.404 
5 2728.792 
5 2793.006 
5 2890.179 
5 3654.274 
5 2380.334 
5 2537.820 
5 2556.707 
5 2949.579 
5 2560.205 
5 3010.099 
5 3501.439 
5 2727.481 
5 3176.569 
5 3416.912 
5 3098.146 
5 1963.155 
5 3110.475 
5 3695.786 
5 2648.358 
5 2171.833 
5 2671.329 
5 2187.381 
5 2861.477 
5 2813.747 
5 2463.078 
5 3396.505 
5 3403.997 
5 2307.653 
5 3656.964 
5 2568.356 
4 2510.465 
5 2998.708 
5 3340.959 
5 2720.067 
5 2756.544 
5 2119.527 
5 2555.655 
5 2270.640 
5 3013.820 
5 2840.367 
5 2931.561 
5 2375.767 
5 4093.803 
5 3194.253 
5 2379.476 
5 2369.172 
5 2954.151 
5 2496.481 
5 2620.383 
5 3145.019 
5 3086.458 
5 3869.920 
4 2959.786 
5 2346.861 
5 3236.350 
5 2638.778 
5 2496.502 
5 2740.552 
5 3067.746 
5 3325.268 
5 2830.556 
5 3044.556 
5 3071.277 
5 3435.253 
4 2641.007 
5 2635.993 
5 3631.281 
5 2498.593 
4 2149.927 
5 2707.427 
5 2817.208 
5 2615.474 
5 2421.296 
5 2144.008 
5 3000.325 
5 3447.724 
5 3536.380 
5 2815.770 
5 3034.926 
5 2999.410 
5 2509.602 
5 2991.390 
4 2463.190 
5 3673.659 
5 2792.526 
5 2382.982 
5 3339.225 
5 2759.413 
5 3644.546 
5 2811.409 
5 3017.092 
5 2867.037 
5 3115.033 
5 3164.079 
5 1763.557 
5 3085.316 
5 3172.981 
5 3368.433 
5 3267.653 
4 2024.206 
5 3181.862 
5 3829.955 
5 3291.449 
5 2700.378 
5 3241.714 
5 3858.419 
5 2538.387 
5 2421.461 
5 2804.171 
5 3487.772 
5 2437.400 
5 3229.802 
5 3090.646 
5 3192.594 
5 3259.389 
5 3088.729 
5 3821.047 
5 3294.403 
5 2647.045 
5 2368.132 
5 2808.044 
5 3379.304 
5 4161.827 
5 2448.208 
5 3259.576 
5 3352.582 
5 3627.675 
5 2887.345 
5 2789.590 
5 2401.110 
5 2705.556 
5 3311.846 
5 3090.600 
5 2904.872 
5 2711.041 
5 2316.939 
5 3012.804 
5 3092.792 
5 2630.887 
5 3052.559 
5 2852.059 
5 3060.589 
5 3494.653 
5 2070.932 
5 2029.363 
5 2369.620 
5 2433.625 
5 2855.790 
5 2212.499 
5 2918.208 
5 3506.644 
4 2915.448 
5 4083.472 
5 3542.823 
5 2921.243 
5 2894.147 
5 2680.146 
5 2451.333 
5 3267.332 
5 2322.266 
5 2486.735 
5 3887.898 
5 2538.922 
5 3178.628 
5 2485.368 
5 2392.504 
5 3072.941 
5 2356.562 
5 2400.529 
5 2299.808 
4 2024.041 
5 3239.164 
5 3382.220 
5 3007.233 
4 2648.575 
5 2755.773 
5 3283.614 
5 2836.581 
5 1889.884 
5 3048.260 
5 3029.815 
5 3707.661 
5 2567.276 
5 3583.453 
5 2780.223 
5 2486.498 
5 3357.288 
5 3301.800 
5 2670.728 
5 2341.837 
5 2038.331 
5 2591.824 
5 2095.008 
4 1882.387 
5 2824.675 
5 2290.842 
5 4325.698 
5 2634.039 
5 2195.455 
5 3855.745 
5 3307.121 
