5 605.150 
5 892.232 
5 727.092 
4 759.112 
5 817.909 
5 1171.757 
5 1131.612 
5 687.668 
4 675.705 
5 795.514 
5 1010.823 
5 633.119 
5 791.867 
5 857.220 
4 761.150 
5 728.852 
5 700.065 
5 897.529 
5 1012.278 
5 909.627 
4 821.866 
4 722.361 
4 711.127 
5 662.010 
5 1236.579 
5 960.660 
5 638.035 
5 728.964 
5 654.043 
5 868.567 
4 646.472 
5 831.166 
5 1166.487 
5 787.725 
5 957.603 
5 1044.409 
5 784.657 
4 1569.399 
5 1039.641 
5 607.797 
5 787.864 
5 1179.857 
5 703.547 
5 708.687 
5 1670.314 
5 641.244 
5 854.990 
5 893.442 
5 880.801 
5 691.237 
5 615.188 
5 853.511 
5 772.999 
5 1151.099 
5 725.607 
5 1121.329 
5 687.564 
5 706.769 
5 852.068 
4 1206.083 
5 852.632 
4 968.280 
5 685.132 
5 866.235 
5 1410.485 
5 783.615 
5 1045.797 
4 604.797 
5 769.415 
4 679.432 
5 1388.286 
4 900.414 
5 606.223 
5 625.359 
5 799.656 
5 763.040 
5 792.438 
5 874.865 
5 1271.329 
5 812.162 
5 909.926 
5 667.678 
5 1049.331 
5 724.933 
5 740.542 
5 734.385 
5 636.237 
5 706.799 
5 843.173 
5 782.514 
5 721.281 
5 1032.409 
5 1228.562 
5 777.009 
4 753.426 
5 906.837 
5 722.722 
5 916.749 
5 814.718 
5 686.832 
5 644.669 
5 1255.964 
5 769.989 
4 765.487 
5 823.011 
5 1025.674 
5 848.411 
5 704.999 
5 1049.043 
5 1005.701 
5 799.046 
5 757.460 
5 795.093 
5 844.395 
5 768.151 
5 907.807 
5 733.927 
5 691.984 
5 755.045 
5 913.261 
5 794.028 
5 851.794 
4 618.059 
5 927.218 
4 1076.822 
4 2191.638 
4 648.701 
5 615.343 
5 632.424 
5 643.614 
5 746.668 
5 863.227 
5 1320.769 
5 779.710 
5 830.487 
5 1286.858 
5 1540.618 
5 989.129 
5 816.083 
5 603.589 
5 724.265 
5 783.940 
5 682.696 
5 636.713 
5 673.603 
5 783.755 
5 1036.048 
5 645.010 
5 637.304 
5 756.968 
5 816.819 
5 985.394 
5 636.819 
4 612.460 
5 711.299 
5 1082.906 
4 670.393 
5 805.907 
5 709.312 
5 804.096 
5 872.240 
5 872.714 
5 674.216 
5 1175.817 
5 940.382 
5 1099.958 
5 1058.703 
5 824.659 
5 612.426 
5 941.775 
5 756.251 
5 672.095 
5 2090.301 
4 1128.657 
4 1024.290 
5 771.834 
5 789.120 
5 1032.418 
5 769.137 
5 671.970 
5 652.109 
4 1075.896 
5 823.429 
4 612.406 
5 1049.941 
5 763.458 
5 897.042 
5 880.812 
5 818.809 
5 657.311 
5 605.160 
5 944.185 
4 804.471 
4 1335.510 
4 713.623 
4 613.895 
5 745.266 
5 816.821 
5 933.104 
5 922.404 
5 694.524 
5 1720.488 
4 672.904 
5 717.599 
5 695.549 
5 835.955 
5 829.334 
5 613.342 
5 685.711 
5 775.779 
5 766.344 
5 1130.648 
5 730.415 
4 743.582 
5 698.622 
5 841.317 
5 877.120 
4 821.443 
4 788.066 
5 706.752 
5 750.445 
5 709.499 
5 616.496 
5 712.285 
4 801.883 
4 1045.958 
5 726.729 
5 1107.680 
5 844.415 
5 802.733 
5 696.890 
4 822.396 
5 938.020 
4 1019.302 
5 821.277 
5 914.920 
5 625.844 
4 647.391 
4 1045.658 
5 706.500 
5 794.807 
5 721.907 
5 794.514 
5 605.803 
5 1032.700 
4 713.945 
5 641.880 
5 962.454 
5 1273.821 
4 662.771 
4 882.438 
5 864.710 
4 666.687 
4 1161.021 
4 646.076 
5 613.709 
4 678.231 
5 741.321 
5 785.668 
4 694.476 
5 772.469 
4 828.058 
5 1511.612 
5 1165.211 
5 649.093 
5 1078.827 
5 849.187 
5 794.564 
4 607.116 
5 606.904 
5 695.317 
5 963.306 
5 774.718 
5 1109.027 
5 647.284 
5 1011.062 
5 894.133 
5 681.552 
5 903.650 
4 686.688 
4 1213.307 
5 641.267 
5 874.005 
5 787.116 
5 615.238 
4 611.863 
5 708.779 
5 1096.396 
5 803.061 
5 881.997 
5 730.329 
5 1208.936 
5 1245.339 
5 699.249 
5 826.876 
5 1160.185 
5 875.218 
5 779.685 
5 1073.432 
5 729.156 
5 1253.344 
4 804.451 
5 926.376 
4 795.854 
5 898.232 
5 730.035 
5 789.665 
5 963.662 
5 704.119 
5 764.165 
4 1149.197 
5 1061.593 
5 1565.929 
5 810.897 
5 1100.206 
5 715.149 
5 650.464 
5 1111.121 
5 757.392 
5 697.315 
5 737.814 
5 806.365 
5 870.983 
5 661.188 
5 823.521 
5 742.596 
5 885.460 
5 965.023 
5 679.943 
5 661.596 
5 704.102 
5 738.560 
5 611.288 
5 883.301 
5 849.172 
5 877.941 
4 1012.646 
5 774.695 
5 882.790 
5 787.451 
5 780.576 
5 1387.932 
5 745.183 
4 857.457 
5 997.747 
4 793.542 
5 706.537 
5 750.986 
5 849.787 
4 719.138 
5 710.059 
5 1008.670 
5 664.996 
5 662.975 
5 720.028 
5 604.522 
5 783.908 
5 602.655 
5 784.264 
5 807.454 
5 899.478 
5 1238.372 
5 978.358 
5 779.086 
5 804.063 
5 1062.579 
5 831.919 
5 1039.800 
5 1002.897 
5 829.480 
5 2111.097 
5 882.282 
5 1000.907 
5 718.822 
5 907.807 
4 714.086 
5 641.472 
5 973.822 
5 762.022 
5 679.454 
5 788.605 
5 729.598 
5 674.939 
5 609.023 
5 1023.207 
5 1068.389 
5 792.816 
5 933.322 
5 957.594 
5 1025.626 
5 845.541 
5 1516.792 
5 1181.362 
5 937.726 
5 662.462 
5 766.064 
5 856.585 
5 669.329 
5 791.729 
5 1115.144 
5 915.411 
5 785.006 
5 1026.565 
5 1898.604 
5 885.535 
4 996.473 
5 671.598 
5 831.752 
5 660.798 
5 738.421 
5 1480.213 
5 2637.295 
5 1078.018 
4 811.010 
4 1283.867 
5 721.670 
5 1012.256 
5 830.188 
5 1387.564 
4 777.364 
5 618.983 
5 811.959 
5 741.194 
5 1878.856 
5 1431.499 
5 1135.915 
5 800.768 
5 847.371 
5 808.164 
5 603.487 
5 1073.015 
5 1233.712 
5 957.970 
5 882.460 
5 996.292 
5 1291.956 
5 878.392 
5 806.458 
5 1044.087 
4 950.612 
5 902.146 
5 603.672 
5 980.380 
5 909.158 
4 687.381 
4 1478.005 
5 1037.941 
5 1415.005 
5 773.635 
5 790.922 
5 1195.341 
5 1091.295 
5 608.051 
5 698.525 
5 717.740 
5 665.669 
4 701.778 
5 743.865 
5 669.566 
4 741.756 
4 613.606 
5 1076.172 
5 1060.167 
5 959.540 
5 1115.006 
5 1014.867 
5 881.230 
5 748.287 
5 788.399 
5 910.917 
5 801.460 
5 670.795 
5 658.623 
4 844.414 
5 813.387 
5 906.154 
5 823.116 
4 671.276 
5 934.561 
5 943.559 
5 748.827 
5 982.104 
5 901.498 
5 733.732 
5 1071.535 
5 1247.563 
5 1175.682 
4 653.346 
4 690.421 
5 920.348 
4 860.595 
5 795.100 
5 838.353 
5 852.282 
5 769.824 
4 887.167 
5 623.520 
5 942.882 
5 700.639 
5 637.661 
4 1069.297 
4 730.074 
5 857.765 
5 777.786 
5 729.682 
5 1287.796 
5 800.018 
5 681.254 
5 1610.885 
4 601.525 
5 934.469 
5 807.729 
5 1016.759 
5 809.603 
5 952.944 
5 844.760 
5 650.083 
5 731.354 
5 777.789 
5 792.931 
5 888.245 
5 901.096 
4 831.127 
5 1158.826 
5 666.166 
5 629.399 
5 839.334 
5 641.423 
5 865.744 
5 980.919 
5 1225.620 
5 985.255 
5 729.256 
5 869.976 
4 1314.358 
5 727.934 
5 1139.150 
5 1103.251 
5 957.155 
5 864.393 
5 1625.436 
5 893.471 
4 658.339 
5 698.014 
4 789.501 
5 1213.857 
5 1332.607 
5 836.025 
4 836.430 
5 832.525 
5 711.014 
4 866.144 
5 639.190 
5 812.666 
5 914.960 
5 666.631 
5 842.997 
5 697.457 
4 917.972 
5 822.538 
5 646.899 
5 877.520 
4 771.295 
5 941.391 
5 679.569 
5 749.971 
5 1302.067 
5 993.019 
5 794.488 
5 701.538 
5 1331.370 
5 743.341 
5 944.428 
5 1460.667 
5 739.782 
5 657.017 
5 887.750 
5 825.528 
5 906.975 
5 897.212 
5 703.719 
4 637.992 
5 777.576 
5 666.553 
4 883.590 
5 960.339 
4 601.965 
5 610.213 
5 817.892 
4 889.741 
5 920.107 
4 666.856 
5 717.940 
5 608.105 
5 736.018 
5 1231.656 
5 996.594 
5 797.298 
4 1266.978 
5 896.067 
5 1264.973 
5 613.564 
5 729.726 
5 1008.756 
5 685.100 
5 1510.432 
5 903.249 
5 933.256 
5 682.545 
5 604.211 
5 687.936 
5 994.857 
4 911.816 
4 855.370 
5 1101.115 
5 938.254 
4 902.959 
5 878.809 
5 895.780 
5 861.315 
5 813.503 
5 783.080 
5 795.667 
5 748.464 
5 1099.699 
5 650.240 
5 996.542 
5 1061.324 
5 870.509 
5 779.697 
4 623.113 
5 702.018 
4 963.246 
4 634.623 
5 881.901 
4 805.397 
5 697.076 
5 707.777 
5 868.514 
5 723.873 
4 884.360 
5 808.522 
5 1010.852 
4 1045.918 
4 916.171 
5 1606.908 
5 866.397 
5 799.543 
5 792.177 
5 974.381 
5 933.205 
4 851.244 
5 907.103 
4 647.593 
5 903.456 
5 669.417 
5 733.732 
5 760.988 
5 740.484 
5 784.476 
5 717.409 
5 809.774 
5 662.672 
5 722.907 
5 863.177 
5 781.574 
5 798.721 
5 648.661 
5 799.611 
5 1083.614 
5 1268.181 
5 835.275 
5 1099.913 
5 870.475 
5 1003.983 
5 799.662 
5 647.487 
4 674.285 
5 1039.948 
5 1081.206 
5 773.519 
5 981.755 
5 1678.289 
5 691.474 
5 738.014 
5 787.787 
5 907.643 
5 1361.808 
5 674.838 
5 1005.835 
5 925.034 
5 1221.432 
4 781.419 
5 675.202 
5 774.087 
5 918.781 
5 881.371 
5 1258.674 
5 800.403 
5 706.479 
5 1171.794 
5 757.980 
5 975.276 
5 977.408 
5 637.000 
4 1060.907 
5 1078.035 
5 748.983 
5 1075.006 
5 1062.691 
5 677.818 
5 951.858 
5 831.817 
5 840.110 
5 1140.852 
5 958.540 
5 1008.914 
5 653.191 
5 1239.027 
5 730.408 
5 600.873 
5 613.094 
5 1294.313 
5 1202.202 
5 909.144 
5 722.907 
5 1050.753 
5 974.414 
5 804.906 
5 986.010 
4 944.488 
5 607.075 
5 869.739 
5 844.323 
5 793.969 
5 838.637 
4 1445.887 
5 735.680 
5 1393.825 
5 889.707 
5 746.338 
5 912.747 
5 739.624 
4 878.191 
5 655.450 
5 977.276 
5 893.199 
4 830.632 
5 610.961 
5 815.006 
4 892.509 
5 949.899 
5 906.638 
5 993.014 
5 832.667 
5 930.848 
5 1011.768 
5 678.015 
5 783.949 
5 998.555 
5 840.434 
5 926.116 
5 665.351 
4 1012.694 
4 880.885 
5 630.989 
5 791.115 
5 918.580 
5 870.318 
5 770.863 
5 726.160 
4 910.053 
5 655.967 
5 1194.227 
4 619.394 
5 1296.179 
5 669.646 
5 766.665 
5 801.863 
5 983.840 
5 896.357 
5 894.529 
4 619.399 
4 617.491 
5 614.262 
4 718.337 
5 1127.656 
5 1139.672 
5 930.646 
4 953.745 
4 773.634 
4 620.802 
5 754.550 
5 1149.721 
5 753.047 
5 1169.733 
5 930.117 
5 637.590 
5 798.134 
5 1555.171 
5 846.188 
5 765.028 
5 868.720 
5 874.834 
5 755.859 
5 1217.893 
5 1034.854 
4 808.591 
4 640.548 
5 651.927 
5 996.369 
5 931.743 
5 1017.852 
4 718.805 
5 1375.657 
5 711.148 
5 851.913 
5 637.608 
5 733.381 
5 741.353 
5 788.816 
5 647.165 
5 685.478 
5 771.299 
5 799.320 
5 1035.946 
5 704.646 
5 978.517 
5 1258.868 
5 1071.672 
5 1177.255 
5 914.135 
5 1062.199 
4 1078.087 
5 853.919 
5 1014.902 
5 982.482 
5 838.477 
5 837.534 
5 1259.931 
5 871.961 
5 833.524 
5 779.325 
5 1391.887 
5 937.057 
5 727.909 
5 896.296 
5 774.559 
5 774.670 
5 602.432 
5 812.182 
5 612.885 
5 833.946 
4 691.674 
5 657.660 
5 987.241 
5 1410.282 
5 773.108 
5 887.622 
5 720.215 
5 877.093 
5 681.584 
5 754.585 
5 653.977 
5 1137.594 
5 1027.345 
4 695.292 
5 777.148 
5 816.143 
5 1101.741 
5 680.994 
5 1297.290 
5 810.433 
5 860.105 
5 761.319 
4 742.661 
5 1269.866 
5 629.331 
5 811.145 
4 685.102 
5 773.768 
5 1088.973 
5 895.069 
4 695.181 
5 880.988 
5 1455.205 
5 948.892 
5 608.743 
5 898.817 
5 684.732 
4 609.457 
5 898.625 
4 604.499 
5 653.201 
5 900.335 
4 797.775 
5 934.138 
5 1311.661 
5 1358.261 
5 617.097 
5 988.480 
5 899.846 
5 760.459 
5 622.495 
5 1156.208 
5 1081.759 
5 695.015 
5 1064.271 
5 683.856 
5 694.975 
5 1506.085 
5 1044.283 
5 880.963 
5 607.077 
4 842.581 
4 933.152 
5 843.542 
5 726.749 
5 940.350 
5 1049.681 
5 763.064 
5 979.084 
5 656.047 
5 912.285 
5 991.559 
5 711.161 
5 671.756 
5 677.070 
5 611.626 
5 906.060 
4 775.451 
5 1038.807 
5 955.204 
5 894.770 
4 662.107 
5 815.906 
5 901.434 
5 644.414 
5 725.626 
5 1176.003 
5 821.747 
5 1139.904 
5 978.683 
5 869.517 
5 887.994 
5 1108.884 
5 698.815 
5 1048.193 
5 718.213 
5 671.831 
5 1113.203 
5 694.861 
5 750.364 
5 839.896 
5 746.614 
5 1367.821 
5 904.077 
5 1410.447 
5 966.920 
5 699.566 
5 903.482 
5 1742.375 
5 1468.493 
4 1084.970 
4 1217.471 
5 726.252 
5 807.106 
5 888.186 
5 645.806 
5 798.997 
5 775.962 
5 658.470 
5 688.277 
5 801.134 
5 691.014 
4 634.201 
5 703.363 
5 708.701 
5 1025.068 
5 987.956 
5 605.338 
5 601.226 
5 999.713 
4 862.898 
5 993.777 
5 926.070 
5 878.208 
5 984.639 
5 851.439 
4 675.038 
5 990.608 
4 1043.388 
5 1088.463 
5 2059.925 
5 1029.049 
4 613.590 
5 674.262 
5 1120.933 
5 794.132 
5 870.364 
5 1231.698 
5 645.051 
5 966.292 
5 1248.444 
5 1864.558 
4 630.133 
5 843.573 
5 944.047 
5 1196.904 
4 858.092 
5 741.942 
5 1076.581 
4 620.256 
5 977.788 
4 704.082 
4 923.713 
4 691.614 
5 1051.177 
4 1247.750 
5 895.871 
5 1297.466 
4 611.848 
5 664.243 
5 1006.288 
5 887.482 
5 687.524 
5 684.411 
5 1232.366 
5 745.504 
5 817.442 
5 2011.747 
5 685.471 
4 1002.974 
5 616.049 
5 1364.674 
4 703.386 
5 889.602 
5 819.929 
5 916.937 
5 1314.286 
5 889.398 
5 704.219 
5 683.664 
5 801.201 
5 969.346 
5 626.735 
5 1153.271 
5 776.827 
5 1195.162 
5 801.082 
5 812.258 
5 736.566 
4 646.138 
5 862.016 
4 722.522 
4 1194.676 
5 890.032 
5 718.582 
5 683.969 
5 1184.635 
5 665.282 
5 744.040 
5 619.627 
4 1642.827 
5 1243.981 
5 724.294 
4 810.984 
4 659.510 
5 877.388 
5 996.455 
5 989.734 
5 687.410 
5 970.974 
5 655.917 
5 1012.876 
5 725.188 
5 1158.439 
5 1013.335 
5 812.739 
5 702.627 
5 892.074 
5 1580.319 
5 719.784 
5 624.199 
5 1025.659 
5 654.299 
5 896.776 
5 660.812 
5 633.481 
5 802.407 
5 1135.991 
5 1234.041 
5 1042.220 
5 775.681 
5 750.417 
5 1288.849 
5 782.435 
5 740.725 
5 834.716 
5 919.445 
5 1149.301 
4 869.085 
5 1369.030 
5 968.151 
5 623.928 
5 1194.036 
5 986.463 
5 797.189 
4 756.299 
5 735.756 
5 947.776 
5 1218.222 
5 858.569 
5 638.340 
5 623.300 
4 1672.480 
5 1407.507 
5 911.509 
5 620.008 
5 752.304 
5 923.987 
5 790.987 
5 1367.573 
5 790.303 
5 1061.217 
5 830.958 
5 871.425 
5 912.913 
5 717.127 
5 773.461 
5 807.488 
5 1145.122 
5 861.980 
5 701.386 
5 623.122 
5 650.063 
4 787.110 
5 1062.545 
5 900.139 
5 1164.457 
5 749.848 
5 724.158 
5 832.967 
5 1007.853 
5 725.383 
5 1100.146 
4 668.124 
5 879.724 
5 699.486 
5 898.495 
5 698.404 
5 827.188 
5 1077.152 
5 705.653 
5 1440.434 
5 765.886 
5 877.854 
5 1001.339 
5 893.484 
5 703.466 
5 1210.818 
4 783.534 
5 1377.040 
5 1252.493 
4 874.518 
5 919.067 
4 851.220 
5 764.908 
5 963.372 
5 1170.825 
5 849.967 
5 820.271 
5 721.029 
5 807.675 
5 879.173 
5 988.401 
5 733.093 
5 700.323 
5 708.371 
5 936.769 
5 1142.358 
5 1026.138 
5 663.870 
5 615.529 
5 759.970 
5 665.924 
5 772.289 
5 731.308 
5 737.302 
5 1145.530 
5 888.025 
5 2193.565 
5 818.282 
5 675.420 
5 764.459 
5 950.864 
5 702.760 
5 609.705 
5 1342.636 
5 698.581 
5 704.764 
5 1100.458 
5 1200.633 
5 1091.782 
5 771.016 
5 604.723 
5 722.577 
5 880.483 
5 1080.176 
5 756.155 
4 1067.271 
5 921.293 
5 1158.702 
5 836.865 
5 870.248 
5 829.392 
5 808.738 
5 715.825 
5 630.161 
5 734.973 
5 645.026 
5 1025.318 
5 891.149 
5 886.674 
5 1824.752 
5 1046.797 
5 1166.911 
5 1113.275 
5 801.928 
5 756.703 
4 1038.638 
5 844.032 
5 610.684 
5 1117.227 
5 822.928 
5 795.378 
5 923.462 
5 807.295 
5 730.349 
5 1121.198 
5 734.537 
5 1304.753 
5 1081.636 
5 637.434 
5 874.896 
5 1070.435 
5 685.202 
5 1010.241 
4 717.217 
5 1367.507 
5 645.962 
5 983.997 
5 987.422 
5 953.060 
5 933.164 
5 1081.091 
5 866.362 
5 1146.084 
5 772.742 
4 670.743 
5 1025.066 
5 800.724 
5 1011.818 
5 815.207 
5 886.781 
5 839.738 
5 700.914 
5 948.274 
5 752.095 
5 1578.038 
5 849.200 
5 932.984 
4 790.511 
5 836.471 
5 715.423 
5 957.793 
4 708.572 
5 797.383 
5 1358.288 
5 1552.525 
5 906.822 
5 1046.771 
5 918.074 
5 1298.591 
4 736.048 
5 790.139 
5 800.137 
5 638.819 
5 874.928 
5 701.101 
5 767.897 
5 758.954 
5 823.487 
5 821.156 
5 907.928 
5 920.467 
5 882.829 
5 950.162 
5 1111.656 
4 647.503 
5 1131.902 
5 764.876 
5 863.166 
5 755.084 
5 605.346 
5 1036.201 
5 814.579 
5 802.035 
5 1451.188 
5 865.210 
5 721.886 
5 947.338 
4 790.071 
5 841.166 
4 765.422 
4 760.984 
5 744.303 
5 837.646 
5 899.950 
5 1001.650 
5 1271.320 
5 1168.644 
5 725.795 
4 647.438 
5 771.328 
5 845.341 
4 770.437 
5 844.978 
4 614.930 
5 896.993 
5 725.704 
5 926.629 
5 673.693 
5 1039.765 
5 1013.915 
5 911.593 
5 957.347 
5 736.699 
5 718.172 
5 640.276 
5 782.862 
5 765.854 
5 760.260 
5 615.570 
5 754.831 
4 669.643 
4 629.526 
4 807.129 
4 826.243 
5 1079.094 
5 604.925 
5 1004.295 
5 885.172 
5 828.628 
5 806.879 
5 773.609 
5 1169.466 
5 678.794 
5 693.523 
5 914.362 
5 628.638 
5 935.693 
5 643.072 
5 976.104 
5 880.421 
5 677.586 
5 1015.723 
4 657.505 
5 1322.522 
5 1101.156 
5 790.554 
5 652.027 
5 1290.025 
4 1533.424 
5 868.919 
5 1030.158 
4 653.662 
5 623.951 
5 864.562 
5 731.233 
5 727.645 
4 1118.272 
5 1236.531 
5 1342.054 
4 781.284 
5 1288.097 
5 889.135 
5 779.535 
5 779.204 
5 941.406 
5 825.475 
5 742.716 
5 838.158 
5 938.480 
5 1203.396 
5 848.275 
5 823.486 
5 969.508 
4 720.329 
5 683.279 
5 1142.121 
5 808.501 
5 788.889 
5 1017.207 
5 891.765 
4 694.764 
5 754.338 
5 1006.591 
5 787.056 
5 815.957 
5 826.998 
5 849.904 
5 701.717 
4 999.725 
4 1003.278 
4 765.221 
5 940.396 
5 1197.984 
5 966.312 
5 722.042 
5 1247.577 
5 1058.282 
5 811.845 
5 937.137 
5 994.896 
5 620.252 
5 1099.703 
5 861.539 
5 727.885 
4 602.562 
5 759.904 
5 1652.474 
5 773.892 
5 847.339 
5 783.380 
5 734.394 
5 756.018 
5 741.047 
5 998.692 
5 848.641 
5 1029.621 
5 818.317 
5 680.319 
5 1212.022 
5 747.237 
5 688.228 
5 638.973 
5 983.212 
5 776.459 
5 666.283 
4 849.171 
5 1029.109 
5 1748.127 
5 1087.491 
4 623.665 
5 884.751 
5 1136.182 
5 984.229 
5 909.765 
5 995.832 
5 706.269 
5 800.102 
5 713.844 
5 1821.377 
4 831.467 
5 618.603 
5 799.614 
5 774.815 
5 885.876 
5 996.431 
5 877.904 
5 659.899 
5 893.316 
5 874.329 
5 810.293 
5 1205.498 
5 1219.152 
5 937.559 
5 739.199 
5 702.144 
5 956.168 
5 1637.424 
4 1001.674 
5 1024.147 
5 699.445 
5 636.213 
5 900.399 
5 797.028 
5 724.869 
5 677.810 
4 871.853 
5 727.216 
5 1077.820 
5 1207.248 
5 837.117 
5 845.069 
4 763.602 
5 1132.232 
4 804.396 
5 830.200 
5 687.372 
4 1255.316 
5 884.643 
5 1046.955 
5 812.986 
5 913.653 
5 702.836 
5 802.352 
5 686.198 
5 980.727 
5 781.827 
5 739.909 
5 904.187 
5 698.252 
4 870.385 
5 786.044 
5 603.614 
5 1234.779 
5 898.273 
5 1240.174 
5 749.127 
5 998.342 
5 971.512 
5 642.870 
5 910.892 
5 880.315 
5 2038.030 
5 605.257 
5 1372.016 
5 1044.550 
5 798.643 
5 943.314 
5 1010.496 
5 738.284 
5 729.560 
5 829.314 
5 949.488 
5 1032.823 
5 853.413 
5 774.539 
5 756.977 
5 819.643 
5 1011.980 
5 645.676 
5 882.038 
4 1063.503 
5 752.500 
4 769.121 
5 637.803 
5 1037.830 
4 799.664 
5 752.347 
5 1676.016 
4 875.872 
5 874.701 
5 790.895 
5 724.529 
5 690.614 
5 788.448 
5 1181.220 
5 821.767 
5 1171.194 
5 728.199 
5 660.531 
5 1309.471 
5 891.691 
5 851.986 
5 755.170 
5 791.775 
5 911.724 
5 627.898 
5 1031.679 
5 798.715 
5 881.423 
4 686.757 
5 710.781 
5 908.348 
5 907.296 
5 759.764 
5 829.404 
5 992.256 
5 1430.289 
4 1134.130 
5 1174.433 
5 774.351 
5 785.490 
5 844.149 
5 810.643 
5 709.142 
5 1033.540 
5 739.210 
4 1188.246 
5 874.435 
4 691.986 
5 823.130 
5 799.567 
5 1202.682 
5 1367.730 
5 646.812 
5 1352.746 
5 625.338 
5 810.860 
5 1163.270 
5 759.911 
4 797.267 
5 1239.316 
5 650.930 
5 897.396 
5 826.838 
5 1113.315 
5 851.753 
5 835.955 
5 679.478 
5 812.487 
5 648.576 
5 933.611 
5 736.619 
5 758.115 
5 702.216 
5 825.114 
5 827.831 
5 721.344 
5 1819.846 
5 700.018 
5 1062.759 
5 1011.166 
5 650.180 
5 823.349 
5 734.619 
5 1026.841 
5 912.296 
5 883.525 
5 1143.262 
5 737.948 
5 855.120 
5 704.583 
5 1293.293 
5 1157.933 
5 738.240 
5 621.764 
5 864.231 
5 1080.364 
5 899.356 
5 724.976 
5 822.187 
5 796.928 
5 796.155 
4 714.563 
5 872.423 
5 769.296 
4 669.227 
5 859.238 
5 1059.878 
5 708.690 
5 850.488 
5 747.637 
5 769.523 
5 703.325 
5 646.164 
5 869.431 
5 976.692 
5 661.923 
5 632.208 
5 1262.689 
5 709.918 
5 630.270 
5 831.521 
5 1127.062 
5 680.350 
5 972.450 
5 1065.612 
5 861.937 
5 803.681 
4 612.355 
5 1095.335 
5 717.361 
5 950.491 
5 624.354 
5 1142.302 
5 764.442 
5 1083.767 
4 1260.998 
5 808.968 
5 2721.578 
5 1117.103 
5 671.041 
5 807.713 
4 652.795 
5 679.316 
5 887.267 
5 853.414 
5 1204.082 
5 774.727 
5 1159.636 
5 780.170 
5 1117.744 
4 991.465 
5 799.116 
5 779.318 
5 1502.160 
5 1080.048 
5 613.964 
5 746.301 
5 900.163 
4 761.180 
5 1160.714 
4 705.813 
5 810.203 
5 1366.768 
5 884.304 
5 781.352 
5 638.572 
5 933.323 
5 939.123 
5 860.185 
5 1023.856 
5 963.362 
5 1334.951 
5 804.180 
5 867.615 
5 748.548 
5 727.910 
5 768.562 
5 1201.656 
5 838.764 
5 1078.333 
5 781.185 
4 676.075 
5 912.684 
5 880.103 
4 770.212 
5 896.421 
5 724.547 
5 692.097 
5 1065.288 
4 825.228 
5 612.071 
5 819.050 
5 757.565 
4 769.002 
5 715.266 
5 1182.333 
5 1525.712 
5 832.925 
5 636.700 
4 1123.511 
5 734.647 
5 832.015 
5 769.983 
5 779.545 
5 1022.438 
5 820.159 
5 701.556 
5 1684.157 
5 1103.021 
4 1068.184 
5 723.387 
5 752.622 
5 786.182 
5 1245.498 
4 781.057 
4 811.512 
5 631.258 
5 1282.799 
5 762.087 
5 964.664 
5 710.352 
4 819.522 
4 935.706 
5 693.911 
5 753.340 
5 613.190 
5 702.985 
5 794.789 
5 1305.329 
5 665.664 
5 938.981 
5 901.189 
5 1634.154 
5 895.788 
5 1294.753 
5 1290.384 
5 1468.045 
5 928.273 
5 1360.262 
4 901.150 
5 863.307 
5 909.943 
4 849.015 
5 1256.695 
5 752.990 
5 917.563 
5 1085.568 
5 1005.026 
5 1020.014 
5 727.579 
5 2161.604 
4 700.908 
5 1189.859 
4 692.081 
5 1396.787 
5 855.701 
5 721.786 
5 803.223 
5 1528.448 
5 893.830 
5 910.616 
5 885.536 
5 1826.858 
5 1466.757 
5 942.927 
5 852.817 
5 732.412 
5 791.596 
5 627.635 
5 806.468 
5 876.341 
5 1247.099 
5 691.139 
5 608.941 
5 853.773 
5 657.677 
5 950.189 
4 1204.571 
5 843.910 
5 827.789 
5 728.849 
4 657.567 
5 958.652 
5 635.391 
5 957.211 
5 867.960 
5 600.692 
5 955.454 
5 1010.409 
5 693.859 
5 1213.913 
5 1608.863 
5 1068.550 
5 687.895 
5 674.920 
4 672.212 
5 1454.232 
5 1021.293 
4 646.146 
5 1331.996 
4 752.652 
5 975.336 
5 994.488 
5 742.337 
5 786.093 
5 1401.989 
4 929.721 
5 1552.503 
4 863.840 
5 1042.247 
5 1061.231 
5 1452.369 
5 820.351 
5 669.532 
5 956.626 
5 686.530 
5 657.066 
5 1105.804 
5 1147.499 
5 919.923 
5 1737.525 
5 647.454 
5 669.010 
5 1023.865 
5 746.856 
5 899.436 
5 866.507 
5 902.449 
5 810.218 
5 1450.094 
5 789.045 
5 1179.274 
5 867.769 
5 662.741 
5 748.030 
5 1300.407 
5 1158.619 
5 799.379 
5 637.011 
5 737.160 
5 1549.534 
5 779.864 
5 686.111 
5 1113.343 
5 858.481 
5 995.190 
5 611.981 
5 724.872 
5 923.721 
5 780.480 
5 787.542 
5 796.329 
5 753.786 
5 838.338 
5 1002.108 
5 862.661 
5 1086.072 
4 706.440 
5 1048.551 
5 852.905 
5 628.665 
5 600.905 
5 1228.689 
5 1308.174 
5 840.532 
5 696.565 
5 841.311 
4 909.477 
5 971.270 
5 868.183 
5 685.985 
5 784.936 
5 1122.321 
5 1014.345 
5 819.897 
5 817.027 
5 1476.354 
5 901.816 
5 821.501 
5 1082.974 
5 909.941 
5 894.032 
5 1034.668 
5 735.813 
5 665.097 
5 1011.881 
5 880.084 
5 707.257 
4 823.268 
5 961.155 
5 700.665 
4 709.074 
4 1122.576 
5 939.281 
5 966.483 
5 927.654 
5 825.480 
4 711.809 
5 1137.724 
5 808.133 
5 1005.973 
5 655.374 
5 860.074 
5 723.711 
5 911.353 
5 647.701 
5 679.307 
5 1189.897 
5 1082.057 
5 1526.753 
5 685.499 
5 828.504 
5 840.583 
5 1063.844 
5 722.637 
4 716.451 
5 842.598 
5 733.975 
4 926.376 
5 765.922 
5 1556.539 
5 684.166 
5 968.099 
5 1610.317 
5 732.496 
5 790.401 
5 779.578 
5 1023.026 
5 795.804 
5 666.916 
5 646.674 
4 718.408 
5 1048.860 
5 710.860 
5 962.937 
5 689.379 
5 740.319 
5 940.880 
5 662.385 
5 1024.684 
5 844.491 
5 803.562 
5 818.426 
5 903.658 
5 658.509 
4 701.761 
5 784.066 
5 832.400 
5 857.175 
5 691.812 
5 920.378 
4 897.100 
5 695.454 
5 646.527 
5 878.966 
5 916.471 
4 607.871 
5 636.543 
5 775.563 
5 751.696 
5 740.709 
5 930.442 
5 1094.927 
5 688.523 
5 853.663 
5 979.069 
5 702.902 
5 899.296 
5 1442.577 
5 607.670 
5 1131.558 
5 1431.817 
4 738.938 
5 707.051 
5 1037.700 
5 1402.055 
5 634.664 
5 990.601 
4 875.423 
5 911.777 
5 723.090 
5 817.082 
5 695.363 
5 662.672 
5 1321.059 
5 757.091 
4 1791.713 
5 950.379 
5 708.205 
4 805.658 
5 1038.830 
5 729.908 
5 731.381 
4 1001.390 
5 822.967 
4 602.038 
5 900.764 
5 715.287 
5 1185.904 
5 835.178 
5 741.559 
5 872.854 
5 881.111 
5 839.438 
5 1236.058 
5 737.560 
5 872.093 
5 921.805 
5 660.666 
5 838.178 
5 1002.554 
5 1270.082 
5 858.799 
5 750.496 
5 1016.651 
4 634.737 
5 830.712 
5 838.624 
5 636.756 
5 719.842 
5 983.818 
4 614.550 
5 1121.945 
5 966.339 
5 1362.671 
5 646.761 
5 805.115 
5 836.706 
5 881.472 
5 650.120 
5 1795.374 
5 769.147 
5 1070.911 
4 877.190 
5 897.694 
5 1518.768 
5 626.375 
5 773.871 
5 952.120 
5 717.147 
5 779.935 
4 627.509 
5 684.961 
5 698.783 
5 834.978 
5 1889.639 
5 863.353 
5 966.586 
5 765.559 
4 875.634 
5 701.779 
5 748.129 
5 1134.883 
5 746.376 
5 823.644 
5 752.966 
5 1132.727 
5 853.628 
5 773.265 
5 752.614 
5 666.876 
5 1607.057 
5 1337.123 
4 849.936 
5 679.503 
4 825.502 
5 698.738 
4 850.264 
5 868.108 
5 759.388 
5 734.877 
5 659.624 
5 705.516 
5 795.762 
5 687.391 
5 1315.839 
5 1340.332 
5 766.927 
5 877.215 
5 1070.106 
5 1125.744 
5 798.946 
5 818.928 
5 982.311 
5 1849.573 
5 718.066 
5 665.029 
5 1255.325 
5 1531.470 
5 836.488 
5 810.362 
5 1231.979 
5 1079.682 
5 682.345 
5 952.853 
5 1170.024 
5 800.690 
5 855.141 
5 1156.655 
5 798.701 
5 951.977 
5 757.631 
5 648.433 
5 906.069 
4 920.137 
4 688.456 
4 670.787 
5 604.808 
5 813.377 
5 1339.473 
4 635.213 
5 681.691 
5 713.253 
5 835.115 
5 620.620 
5 833.577 
4 675.055 
5 774.674 
5 978.177 
5 993.036 
5 1036.422 
4 695.265 
5 859.659 
5 746.597 
4 631.704 
5 710.085 
5 845.602 
5 913.732 
5 791.610 
5 880.232 
5 604.960 
5 897.873 
5 771.128 
5 967.858 
5 912.727 
5 933.115 
5 936.575 
5 695.513 
5 746.809 
5 747.929 
4 650.023 
5 801.251 
5 1339.535 
5 1011.218 
4 842.546 
5 926.049 
5 807.811 
5 734.732 
5 1184.524 
5 976.857 
5 1027.441 
5 1237.921 
5 802.258 
5 650.736 
5 1142.536 
5 849.165 
5 1502.385 
5 693.863 
5 637.832 
5 872.926 
4 1093.607 
5 1197.745 
5 738.640 
5 660.622 
5 851.081 
5 688.203 
5 641.907 
5 1030.259 
5 1055.790 
5 740.383 
5 844.517 
4 1342.477 
5 977.257 
5 634.179 
5 925.315 
5 939.938 
5 723.787 
5 1024.558 
5 727.660 
5 929.157 
4 606.210 
5 1044.587 
5 705.931 
5 769.650 
5 699.785 
5 619.326 
5 722.114 
5 1121.296 
5 656.136 
5 865.871 
5 686.009 
5 813.287 
5 744.089 
5 733.037 
5 776.003 
5 617.990 
5 1069.996 
5 893.149 
5 898.704 
5 787.062 
5 801.622 
5 720.473 
5 749.925 
5 934.605 
5 1164.399 
5 866.649 
4 1000.557 
5 815.300 
5 661.461 
5 906.657 
5 637.143 
5 965.072 
5 824.432 
5 993.377 
5 667.813 
5 755.284 
4 680.717 
5 815.665 
5 1251.877 
5 1407.071 
5 916.139 
5 654.206 
5 609.152 
5 780.338 
5 700.730 
5 765.624 
5 762.911 
5 668.959 
5 1111.164 
4 813.565 
5 749.955 
5 711.154 
5 1018.715 
5 1079.365 
5 1056.127 
5 641.986 
5 863.751 
5 964.646 
5 648.123 
4 689.967 
5 889.925 
5 724.495 
5 894.865 
5 1289.318 
5 798.958 
4 658.648 
5 608.501 
5 1069.609 
5 1485.024 
5 1957.252 
4 871.425 
5 730.705 
5 805.947 
5 714.485 
5 839.075 
4 633.272 
5 883.357 
5 617.573 
5 748.972 
5 984.103 
4 1002.394 
5 702.910 
5 1539.501 
4 721.592 
5 819.359 
5 658.736 
5 830.601 
5 1229.010 
5 1128.735 
5 809.697 
5 855.001 
4 1085.691 
5 724.103 
5 702.824 
4 1335.885 
5 1331.487 
5 788.475 
5 753.089 
5 825.892 
5 822.597 
5 1277.923 
5 857.162 
5 1191.210 
5 874.498 
4 1250.648 
5 718.343 
5 639.035 
4 825.762 
5 684.654 
5 903.307 
4 668.856 
5 719.702 
5 1708.894 
5 857.855 
5 972.146 
5 742.102 
5 828.210 
5 1335.227 
5 894.445 
5 732.430 
5 825.142 
5 881.026 
5 780.318 
4 718.331 
5 1034.680 
4 972.487 
5 1542.927 
4 638.317 
5 899.831 
5 1242.755 
5 1391.712 
5 1366.515 
4 771.317 
5 853.148 
4 763.776 
5 838.377 
5 727.813 
5 1291.976 
4 799.841 
4 744.073 
4 851.627 
5 1578.896 
4 1273.075 
5 685.005 
5 841.254 
5 682.047 
4 959.847 
5 816.985 
5 1791.546 
5 761.984 
5 1097.139 
5 741.188 
5 826.985 
5 1123.495 
5 629.020 
5 647.598 
5 1137.383 
5 832.718 
5 796.135 
5 882.012 
5 694.850 
5 709.676 
5 791.630 
5 897.336 
4 808.571 
5 1114.754 
5 820.029 
5 761.243 
5 700.926 
5 688.115 
5 833.827 
5 882.070 
5 782.267 
5 755.834 
4 695.323 
5 985.594 
5 702.627 
5 849.490 
5 1090.032 
5 1261.993 
5 652.266 
5 1046.853 
5 932.253 
4 633.546 
5 873.546 
5 711.435 
5 1173.179 
5 1486.769 
5 774.730 
5 1211.490 
5 697.706 
5 712.083 
5 1287.491 
4 654.238 
4 814.480 
5 939.076 
5 1194.077 
5 1208.944 
5 716.349 
5 662.818 
5 2261.725 
5 1173.208 
5 1267.516 
5 1049.649 
5 823.903 
5 1120.432 
5 764.195 
5 1155.610 
5 768.814 
5 818.111 
5 729.171 
4 859.174 
4 827.053 
5 920.396 
5 1065.501 
5 921.030 
5 946.869 
5 674.174 
5 632.617 
5 920.868 
4 902.983 
5 1170.542 
4 847.799 
5 708.762 
5 1185.029 
5 605.974 
5 1257.888 
5 1014.524 
5 625.076 
5 644.834 
5 686.832 
5 838.564 
5 771.015 
5 800.937 
5 631.133 
5 1047.116 
5 840.882 
5 2502.600 
5 817.675 
5 610.868 
5 674.133 
5 749.533 
4 709.986 
5 798.604 
5 712.464 
5 1177.195 
5 718.878 
5 731.388 
5 738.350 
4 722.007 
5 613.416 
5 929.045 
5 761.822 
4 853.168 
5 991.446 
5 730.856 
5 685.886 
5 790.723 
4 1324.793 
5 681.983 
5 739.616 
5 1789.737 
5 822.710 
5 678.547 
4 1340.048 
5 1258.719 
5 933.513 
5 799.299 
5 867.943 
5 759.991 
5 875.950 
5 730.407 
5 1103.420 
4 679.805 
5 684.938 
4 609.284 
4 1204.527 
5 935.748 
5 1438.889 
4 802.922 
5 916.457 
5 1039.914 
5 825.461 
5 823.519 
4 990.831 
4 1328.263 
5 766.336 
5 792.174 
5 717.430 
4 661.945 
5 654.724 
4 2094.903 
5 791.417 
4 703.740 
5 1264.113 
4 670.556 
4 998.351 
4 663.020 
5 683.343 
5 854.966 
5 859.078 
5 874.036 
5 769.228 
5 624.548 
5 903.775 
5 905.739 
5 899.006 
5 965.139 
5 1483.775 
5 740.858 
5 1172.403 
5 663.152 
5 1288.338 
4 605.883 
5 668.739 
5 1174.854 
5 819.361 
4 691.858 
5 706.693 
5 878.435 
5 668.886 
5 727.929 
5 859.934 
5 975.666 
5 1041.974 
4 845.135 
5 781.946 
5 627.419 
5 1515.171 
5 1172.956 
4 708.678 
5 705.445 
5 1139.467 
4 919.437 
5 716.957 
5 696.133 
5 1263.480 
5 689.274 
5 1132.809 
5 901.818 
4 717.545 
5 1087.170 
5 751.483 
5 784.419 
5 823.173 
4 739.609 
5 2273.930 
5 1083.828 
5 723.836 
4 638.978 
5 752.070 
5 639.714 
5 888.388 
5 1243.620 
5 616.323 
5 722.249 
5 708.250 
5 1139.639 
5 1117.369 
5 897.219 
5 624.393 
4 1347.911 
5 1259.002 
5 741.434 
5 788.489 
5 976.445 
5 1009.916 
5 678.361 
5 864.342 
5 920.323 
5 876.414 
5 760.216 
5 954.462 
5 790.958 
5 724.412 
4 728.885 
5 639.125 
5 695.206 
5 1436.780 
5 788.803 
5 998.869 
5 854.552 
5 759.862 
5 802.921 
5 1034.343 
5 785.543 
5 853.495 
5 911.367 
5 981.483 
5 727.275 
4 1055.276 
5 1021.442 
5 828.670 
5 824.614 
5 912.203 
4 683.487 
5 994.173 
5 989.545 
5 1064.830 
5 611.485 
5 1428.987 
5 704.916 
5 828.749 
5 977.890 
5 1156.084 
5 715.530 
5 676.733 
5 719.704 
5 1248.624 
5 1216.077 
5 742.880 
5 869.686 
5 1644.240 
5 903.260 
5 891.157 
5 1626.243 
5 718.093 
5 1170.620 
5 660.087 
5 1007.020 
5 936.028 
5 1872.779 
4 881.595 
5 804.395 
5 610.481 
5 726.269 
5 680.359 
5 761.735 
5 694.775 
5 1224.404 
5 991.707 
5 663.513 
5 859.551 
5 1143.419 
5 1246.684 
5 674.520 
5 1128.123 
5 1133.858 
4 641.971 
5 866.736 
5 706.828 
5 656.426 
4 881.574 
5 973.800 
5 973.493 
4 858.303 
5 855.111 
5 612.925 
5 752.124 
4 1280.248 
5 707.255 
4 793.945 
5 990.183 
5 906.653 
5 1086.136 
5 699.095 
4 899.895 
5 873.847 
4 802.591 
5 1059.446 
4 709.564 
5 730.257 
5 1162.246 
5 799.687 
5 1124.125 
5 884.231 
5 1164.027 
4 1818.909 
5 961.567 
5 747.437 
5 620.550 
5 672.650 
5 1022.527 
5 871.807 
4 648.665 
4 1248.927 
5 791.024 
5 1655.151 
5 1017.366 
5 712.173 
5 1043.809 
5 910.698 
4 821.945 
5 986.778 
5 895.235 
5 1171.340 
5 1093.034 
5 1173.270 
4 982.973 
5 839.799 
5 876.864 
5 627.643 
5 670.145 
5 620.363 
5 801.865 
5 758.675 
5 698.803 
5 750.408 
5 1755.764 
5 909.493 
5 697.837 
5 743.162 
4 878.599 
5 1055.668 
5 648.539 
4 743.400 
5 1059.396 
5 643.551 
5 984.577 
5 735.488 
5 820.374 
5 1092.794 
5 961.794 
5 971.011 
5 879.352 
5 987.620 
5 721.200 
5 1067.518 
5 1507.394 
5 898.804 
5 665.773 
5 691.376 
5 930.509 
5 829.677 
5 818.860 
5 689.613 
5 657.982 
5 667.029 
4 912.698 
5 749.124 
5 752.395 
5 1020.115 
5 874.083 
5 659.005 
5 1056.311 
4 1247.046 
5 1027.794 
5 939.242 
5 819.490 
5 826.846 
5 838.174 
5 622.657 
5 676.304 
5 777.262 
5 1042.734 
4 1150.683 
4 1029.874 
5 1289.544 
4 823.201 
5 656.127 
4 1034.434 
5 753.133 
5 1186.389 
5 790.949 
