5 1054.170 
5 901.097 
5 1125.852 
5 852.988 
5 1163.414 
5 866.143 
4 847.125 
4 973.660 
5 990.305 
5 1222.973 
5 1228.852 
4 923.310 
5 860.288 
5 951.089 
5 1112.987 
5 1138.336 
5 954.478 
5 742.592 
5 876.022 
5 1192.088 
5 1242.524 
4 1141.095 
5 979.989 
5 1366.798 
5 1444.120 
5 884.885 
5 841.776 
5 962.814 
4 760.843 
5 928.027 
5 858.773 
4 931.264 
5 1291.664 
5 752.939 
5 959.988 
5 1492.990 
5 1306.205 
5 974.928 
5 777.835 
5 1610.618 
5 703.315 
5 868.458 
5 972.433 
5 687.671 
4 970.339 
5 1009.484 
5 972.910 
5 1519.660 
5 842.820 
4 725.813 
4 963.372 
5 798.986 
5 1276.530 
5 1143.254 
5 933.187 
5 1143.649 
5 1159.995 
5 1119.726 
5 754.586 
5 1435.731 
4 1511.113 
5 700.992 
5 824.143 
5 1000.530 
5 732.092 
5 848.896 
4 1358.115 
5 999.540 
5 1559.131 
5 1235.722 
5 1589.846 
5 725.544 
5 1193.858 
5 993.328 
5 616.464 
5 850.956 
5 948.208 
5 1249.206 
5 827.589 
5 865.777 
5 1114.679 
5 1012.840 
5 928.047 
5 1173.635 
5 1259.001 
5 1076.168 
5 1032.514 
5 837.818 
5 1289.219 
5 1076.129 
4 621.964 
5 1214.466 
5 797.616 
5 1204.181 
5 1090.231 
5 1057.692 
5 868.343 
4 1317.783 
5 1038.566 
4 634.864 
5 944.581 
5 912.722 
5 1506.526 
5 973.552 
5 1188.884 
5 1108.990 
5 960.137 
5 1232.916 
5 662.806 
5 1277.738 
5 739.729 
4 875.237 
5 895.755 
5 1163.551 
5 959.135 
5 745.162 
5 1227.195 
4 881.550 
4 820.159 
5 1109.711 
5 974.905 
5 1410.980 
5 1030.458 
5 843.338 
4 772.867 
5 1130.573 
5 945.145 
5 927.426 
5 899.611 
5 913.514 
5 920.350 
4 979.938 
5 1292.348 
5 1029.711 
5 1275.371 
5 1183.878 
5 1347.442 
4 1280.118 
4 866.568 
4 1381.250 
5 1051.973 
5 1404.883 
5 963.145 
5 646.958 
4 938.838 
5 918.635 
5 1366.487 
4 946.428 
5 1326.693 
5 917.357 
4 1165.725 
5 811.170 
5 1106.172 
5 952.940 
5 1261.193 
5 1364.945 
5 1179.489 
5 1424.405 
4 900.346 
4 1095.728 
5 830.784 
5 974.268 
5 958.425 
5 920.730 
5 674.597 
5 794.055 
5 1051.467 
4 1321.965 
5 1570.509 
5 859.380 
5 1390.456 
5 1053.477 
5 970.326 
5 981.682 
5 972.885 
5 1079.618 
5 1057.156 
5 1094.392 
5 944.339 
5 1072.618 
5 756.336 
5 1336.338 
5 1058.887 
5 1410.225 
5 1274.318 
5 975.837 
4 818.213 
5 857.627 
5 988.982 
5 1191.657 
5 1026.172 
5 921.904 
5 1227.678 
5 1584.841 
5 1099.996 
5 865.969 
5 1888.502 
5 844.337 
5 1481.622 
5 827.678 
5 824.545 
5 916.287 
5 943.083 
5 1012.055 
4 843.563 
5 1324.137 
4 665.571 
5 1140.048 
5 685.904 
5 803.498 
5 883.272 
5 683.683 
5 1051.104 
5 638.228 
4 835.596 
5 993.036 
5 957.242 
5 899.242 
5 1021.887 
5 1530.876 
5 1516.014 
4 851.334 
5 970.973 
5 984.896 
5 1042.720 
5 892.421 
4 662.576 
5 756.198 
5 847.786 
5 907.361 
5 1086.442 
5 781.043 
4 743.991 
5 1346.393 
5 1019.675 
5 860.113 
5 1158.645 
5 958.973 
5 921.915 
5 1249.314 
5 1026.929 
5 886.931 
5 869.590 
5 889.996 
5 1026.794 
5 986.991 
5 1003.857 
5 1291.929 
5 816.825 
5 1122.660 
5 1233.217 
5 1084.258 
5 901.378 
5 956.766 
4 779.535 
5 1774.888 
5 741.995 
4 629.694 
5 914.604 
5 875.468 
5 978.450 
5 738.676 
5 804.015 
5 1292.329 
5 1348.040 
5 987.820 
5 1249.530 
5 1581.639 
4 1018.901 
5 1530.532 
5 1150.948 
5 983.647 
5 1111.745 
5 1804.203 
5 1119.563 
5 1203.500 
5 1312.169 
5 1026.661 
5 1223.526 
5 745.469 
5 1769.192 
5 1221.150 
5 1283.342 
4 1086.989 
5 820.482 
5 834.432 
5 1225.446 
5 1044.269 
5 822.908 
5 753.009 
5 1247.106 
5 1180.277 
5 1346.139 
5 961.302 
5 1029.793 
5 873.344 
5 1679.920 
5 877.543 
5 651.880 
4 1103.448 
5 1131.614 
5 874.072 
4 837.861 
4 963.023 
5 1182.157 
5 753.478 
5 843.836 
5 2324.558 
5 1224.903 
5 1273.323 
5 819.760 
5 1514.401 
4 979.264 
5 925.424 
5 1034.362 
5 1024.924 
5 939.536 
5 1667.094 
5 946.152 
5 1411.686 
5 897.069 
4 700.912 
5 757.172 
5 1229.807 
5 790.233 
5 1059.990 
5 979.615 
5 1754.223 
5 939.887 
5 994.094 
5 869.431 
5 940.038 
5 2241.065 
5 846.278 
5 1353.367 
5 1325.029 
5 962.872 
5 1322.609 
5 1489.905 
5 1129.150 
5 957.717 
5 1227.404 
4 877.286 
5 1056.443 
4 1063.210 
5 1536.182 
5 1009.054 
5 1589.286 
5 1684.211 
5 1225.226 
5 741.008 
4 843.677 
5 1327.148 
5 707.494 
5 1053.285 
5 843.692 
5 970.020 
5 1136.444 
5 946.935 
4 1401.116 
5 1141.498 
4 1060.380 
5 1478.322 
5 909.861 
5 928.339 
5 1283.969 
5 892.384 
5 1364.276 
5 1301.888 
5 955.403 
5 1393.411 
5 1078.523 
5 959.436 
5 724.360 
5 1259.886 
5 854.568 
4 626.237 
5 1174.766 
5 1199.197 
4 1024.746 
5 1026.817 
4 865.437 
5 976.717 
4 1941.604 
5 1786.695 
5 1162.756 
5 792.710 
5 1068.703 
5 1172.676 
5 922.448 
5 2138.557 
5 1086.735 
5 1142.949 
5 1334.876 
5 2405.767 
5 836.340 
5 774.104 
5 1187.555 
5 940.194 
4 1236.356 
5 881.909 
5 1667.339 
5 1735.121 
5 1636.422 
5 1211.543 
5 965.084 
5 895.054 
5 823.130 
4 1426.400 
5 873.772 
5 1221.944 
5 1295.577 
5 641.019 
5 1205.347 
5 861.206 
4 1317.795 
5 909.318 
5 1378.314 
5 1109.387 
5 974.133 
5 1048.418 
5 1356.850 
5 1248.938 
4 765.709 
5 835.035 
5 1295.598 
5 719.159 
5 1019.687 
4 875.425 
5 902.191 
5 1095.574 
5 1115.028 
5 1014.538 
5 1233.671 
5 1011.521 
4 725.904 
5 912.390 
4 849.989 
4 1089.393 
5 2105.904 
5 1198.437 
5 933.821 
4 1214.525 
5 1430.847 
5 934.388 
5 1819.675 
5 1217.491 
4 836.689 
5 1367.138 
5 997.917 
4 1124.204 
5 1180.600 
5 1104.113 
5 974.474 
5 1303.057 
5 1032.944 
5 1045.286 
5 1711.231 
5 901.403 
4 778.884 
5 1333.862 
5 1158.349 
5 1018.306 
4 1483.151 
5 1370.051 
5 863.751 
5 683.837 
5 1017.733 
5 983.366 
5 891.254 
4 807.151 
5 1048.274 
5 896.185 
5 1714.444 
5 1466.444 
5 1169.060 
5 1012.214 
5 812.096 
4 1625.332 
5 1071.192 
5 1282.753 
5 882.048 
5 863.416 
5 813.603 
4 870.322 
5 780.198 
4 1225.629 
5 1418.664 
5 1192.284 
5 1021.271 
4 1024.636 
5 1005.536 
5 1098.596 
5 722.602 
5 1267.926 
5 953.602 
5 1243.308 
5 858.569 
5 1095.432 
5 1257.303 
5 943.196 
5 799.993 
5 1196.791 
5 1106.663 
5 1200.612 
5 1028.578 
5 954.408 
5 884.612 
5 1260.818 
5 909.691 
4 1536.323 
5 931.925 
4 1213.790 
5 1100.493 
5 1266.335 
5 640.445 
5 1509.505 
5 1096.636 
5 1142.217 
5 1241.053 
5 881.217 
5 833.896 
5 1455.664 
4 803.934 
5 1087.354 
5 955.883 
5 894.444 
5 1152.726 
5 1372.104 
5 2300.779 
5 1105.263 
4 867.651 
4 1013.469 
4 1123.487 
5 945.886 
4 853.846 
4 1095.601 
5 845.256 
5 950.865 
5 825.455 
5 939.063 
5 1907.607 
5 844.691 
5 1276.977 
5 991.386 
5 1049.158 
5 1063.896 
5 1395.328 
5 986.168 
5 1086.277 
5 933.017 
5 1132.287 
5 1375.647 
5 636.746 
5 1879.153 
5 947.654 
5 979.880 
5 1598.658 
5 854.462 
4 948.165 
5 829.661 
4 1291.424 
5 838.016 
4 720.844 
5 1089.631 
5 728.191 
5 959.988 
5 1396.746 
5 997.201 
5 1196.280 
5 624.195 
5 792.502 
5 1038.540 
4 1250.790 
5 1096.714 
5 1117.811 
5 922.995 
5 1013.359 
5 774.918 
5 971.392 
5 871.597 
5 971.517 
5 1187.586 
5 845.530 
5 1228.785 
5 1105.667 
5 760.057 
5 1301.102 
4 698.635 
5 719.668 
5 842.740 
5 1250.780 
5 920.490 
5 1418.112 
5 951.780 
5 1368.427 
5 1178.434 
5 1605.652 
5 1066.195 
5 899.483 
4 934.231 
5 1123.363 
4 743.492 
5 706.844 
5 986.909 
5 858.249 
5 802.899 
4 673.366 
5 1000.297 
5 1627.031 
5 971.035 
5 887.302 
5 1548.872 
5 829.782 
5 1095.137 
5 1061.377 
4 1408.714 
5 1436.232 
5 1634.484 
5 721.834 
5 1279.282 
5 716.911 
5 1111.113 
5 1076.750 
5 1093.365 
5 1014.508 
5 823.066 
5 924.935 
5 1603.151 
5 874.388 
5 771.851 
4 986.607 
4 1235.537 
5 1131.228 
5 1322.403 
5 978.418 
4 782.406 
5 1263.357 
5 1330.323 
5 1163.234 
4 728.776 
5 1333.147 
5 1251.255 
5 1076.167 
5 1627.906 
5 908.188 
4 865.070 
5 1967.367 
5 1136.341 
5 1345.184 
5 1260.797 
5 1066.581 
4 754.719 
5 898.995 
5 857.087 
5 1144.026 
5 1039.976 
5 1193.964 
5 1115.701 
5 1051.809 
5 940.446 
5 868.906 
4 855.844 
4 821.838 
5 1687.174 
5 1171.216 
5 1169.144 
5 1303.003 
4 1106.707 
5 887.039 
5 756.667 
5 1433.410 
5 993.846 
5 1210.502 
5 1797.175 
5 1009.771 
5 1102.183 
5 1170.595 
4 1203.933 
5 984.266 
4 968.935 
5 808.217 
5 1272.849 
4 1261.057 
5 1047.638 
5 769.876 
5 857.537 
5 825.756 
5 1153.179 
5 1235.541 
5 825.809 
4 1364.821 
5 1464.306 
4 891.911 
5 1072.301 
5 882.947 
5 798.998 
5 1136.863 
5 1011.412 
5 739.860 
5 1041.227 
5 828.702 
5 898.306 
5 1076.935 
5 998.714 
5 1057.244 
5 1206.039 
5 861.451 
5 675.500 
5 641.261 
5 1223.690 
5 994.218 
5 1004.231 
5 1044.115 
4 741.610 
5 953.216 
4 1253.163 
5 922.010 
5 1016.779 
4 1281.775 
5 1256.515 
4 1300.042 
5 1914.332 
5 1394.163 
5 1314.650 
4 869.384 
5 791.275 
5 1208.183 
5 685.750 
5 1139.324 
5 1220.892 
5 1221.098 
5 1109.463 
5 1179.513 
5 1090.965 
5 754.821 
5 1453.136 
5 1076.005 
5 804.637 
5 1189.849 
5 1487.781 
5 702.105 
4 1126.958 
4 958.923 
5 910.199 
4 1231.119 
5 1641.217 
5 1178.034 
5 1102.250 
5 1309.330 
5 1079.116 
4 871.415 
5 824.407 
5 1046.739 
5 933.953 
5 913.699 
5 1502.748 
5 717.942 
5 897.057 
5 1209.964 
5 1067.318 
5 1311.764 
5 1346.968 
5 1142.647 
5 890.859 
5 1440.788 
5 1029.002 
5 1219.287 
5 879.175 
5 1170.570 
5 981.793 
4 1196.218 
4 1254.159 
5 1129.256 
5 1010.211 
5 731.116 
5 1212.758 
5 673.403 
5 1116.206 
5 1332.621 
5 1049.967 
5 953.744 
5 1218.467 
5 1038.929 
5 848.733 
5 1143.859 
5 1128.913 
5 915.843 
5 730.782 
5 855.791 
5 1107.613 
5 1030.519 
5 1172.578 
5 869.384 
5 1479.713 
5 1319.605 
5 863.125 
5 1597.993 
5 834.758 
5 1084.644 
5 1241.590 
5 1015.607 
5 852.928 
5 1427.657 
5 967.701 
5 972.819 
4 696.935 
5 1006.526 
5 1364.720 
5 829.313 
5 1704.704 
5 1516.615 
5 908.808 
5 1089.197 
5 1368.734 
5 1492.467 
5 696.652 
5 698.809 
5 895.381 
5 775.963 
5 1258.688 
5 1673.186 
5 787.359 
5 1141.666 
5 887.661 
5 647.943 
5 920.196 
5 773.272 
5 966.524 
5 741.178 
5 935.536 
5 951.164 
5 1261.781 
5 882.873 
4 856.542 
5 1866.505 
4 847.039 
4 1451.766 
4 992.910 
5 855.208 
5 981.402 
5 827.632 
5 1130.140 
5 906.439 
5 1132.241 
5 789.546 
5 1175.375 
5 994.634 
4 1206.553 
5 856.553 
5 1304.517 
5 853.389 
4 905.597 
5 1209.087 
5 1214.730 
5 853.660 
5 1548.162 
5 960.111 
5 1215.489 
5 1070.379 
4 844.013 
5 927.873 
5 1254.110 
5 866.124 
5 999.043 
5 1408.231 
5 1358.365 
5 1366.897 
5 904.833 
5 1407.182 
5 1121.906 
5 863.009 
5 708.760 
5 866.249 
5 1506.453 
5 1199.778 
4 1297.019 
5 1029.580 
5 819.459 
5 1084.751 
4 886.471 
5 937.894 
5 709.165 
5 1224.607 
5 845.381 
5 1232.370 
5 799.374 
5 752.346 
5 1365.704 
5 1141.709 
5 1263.105 
5 1013.049 
5 1028.743 
4 1005.802 
5 1198.249 
5 1437.155 
5 1284.443 
4 786.053 
5 1017.960 
5 1618.704 
5 1046.369 
5 731.728 
5 1915.114 
5 1106.526 
5 1110.292 
5 902.327 
5 1147.179 
4 1404.669 
5 1329.816 
5 1349.889 
5 995.116 
5 1003.211 
5 940.881 
5 691.641 
5 1263.930 
4 1117.546 
5 1707.606 
5 970.524 
5 877.034 
5 893.600 
5 772.843 
5 1071.195 
5 897.171 
5 812.629 
5 646.225 
5 958.921 
5 1409.790 
5 1094.044 
5 898.526 
5 1506.945 
5 1129.921 
5 1404.946 
5 1296.777 
5 874.950 
5 1292.353 
5 880.318 
4 798.440 
4 845.323 
5 1316.083 
5 933.281 
5 849.527 
5 1641.908 
5 1253.912 
5 1163.685 
5 948.574 
5 711.763 
5 953.699 
5 1276.055 
5 943.208 
5 856.699 
5 1152.702 
5 871.847 
5 912.256 
5 1046.889 
5 994.109 
5 832.819 
5 932.656 
5 930.125 
5 2131.551 
5 809.444 
5 884.606 
5 824.313 
5 1652.281 
5 1209.785 
5 869.917 
4 892.903 
5 1306.865 
4 821.918 
5 1898.375 
5 1035.813 
5 1109.108 
5 1494.710 
5 726.736 
5 1031.331 
5 898.264 
5 924.417 
5 1027.390 
5 1509.328 
5 1303.593 
4 1240.695 
5 875.325 
5 794.504 
5 1130.650 
5 999.602 
5 803.051 
5 898.882 
5 726.809 
5 791.773 
5 942.426 
5 1044.067 
5 1172.521 
5 1430.635 
5 1116.129 
4 912.913 
5 805.350 
5 1236.584 
5 1140.988 
5 1063.172 
5 1147.573 
4 657.870 
5 984.757 
4 953.815 
4 1404.709 
5 1471.512 
5 946.449 
5 992.996 
5 1035.458 
4 883.275 
4 1106.118 
5 906.410 
5 1115.244 
5 1029.298 
5 1043.962 
5 1132.321 
4 1309.141 
5 1424.732 
5 1110.565 
5 1100.324 
5 991.748 
5 1222.117 
4 690.579 
5 1136.921 
5 1120.044 
5 1094.929 
5 1332.659 
5 1059.781 
4 1788.387 
5 1653.110 
5 974.597 
5 894.258 
5 954.628 
5 1248.883 
5 952.272 
5 940.897 
5 960.299 
5 1592.082 
5 1226.699 
5 793.174 
5 1470.702 
4 1119.419 
5 931.355 
5 970.787 
5 1182.696 
5 1300.763 
5 1058.610 
5 854.749 
5 856.061 
5 991.445 
5 2060.252 
5 1391.762 
5 701.950 
5 1180.790 
5 1009.934 
5 989.322 
5 1161.608 
5 1176.623 
5 671.994 
5 1261.890 
5 887.432 
4 710.120 
5 944.025 
5 991.651 
5 1079.462 
5 1326.622 
5 2078.785 
5 1116.368 
5 740.658 
5 1003.597 
5 1324.988 
5 1539.925 
5 1355.958 
5 1590.878 
5 1408.693 
4 745.849 
5 1328.830 
5 728.064 
4 785.691 
5 1011.711 
5 920.437 
5 1274.452 
4 1130.495 
4 1058.436 
5 1281.763 
5 961.270 
5 888.885 
5 703.091 
5 749.722 
5 884.059 
4 1450.596 
5 839.838 
5 1137.724 
5 1085.734 
4 1506.156 
5 1305.401 
5 895.479 
4 792.730 
5 1384.464 
5 834.509 
5 1082.791 
5 1275.855 
5 1424.986 
5 2269.446 
4 1424.685 
5 671.667 
5 1299.577 
5 1277.806 
5 1423.151 
5 837.174 
5 1751.829 
5 961.622 
5 1034.786 
5 976.066 
5 1135.497 
5 856.116 
5 968.813 
4 798.156 
5 1411.027 
5 947.995 
5 1056.473 
5 759.887 
5 1863.463 
5 716.303 
5 950.542 
4 937.216 
5 1255.380 
5 897.406 
5 1059.145 
4 648.875 
5 873.108 
4 1285.751 
4 1192.011 
4 631.754 
5 799.193 
5 1116.079 
5 954.943 
5 1404.672 
5 895.068 
5 922.542 
5 1395.961 
4 931.827 
5 1601.970 
5 1355.050 
5 1061.659 
5 763.035 
5 827.554 
5 697.076 
5 1229.620 
5 1265.273 
4 1287.638 
5 1694.520 
5 1218.990 
5 983.684 
5 794.225 
4 651.987 
5 774.780 
5 1615.039 
5 1427.649 
5 1240.268 
4 1123.734 
5 1066.216 
4 702.552 
5 1133.411 
5 906.365 
4 786.891 
5 1105.102 
5 836.731 
5 943.472 
4 778.585 
5 613.160 
5 841.955 
5 751.566 
4 1509.720 
4 799.690 
5 814.328 
5 1079.213 
5 1001.780 
5 1524.656 
5 1187.383 
5 944.576 
5 1685.539 
5 891.477 
5 1588.730 
5 750.025 
5 1033.364 
5 1134.206 
5 1342.651 
5 1048.943 
5 1231.938 
5 1157.266 
5 1228.088 
5 1353.924 
5 1791.949 
5 1166.171 
5 1864.859 
5 1059.704 
5 899.462 
5 1312.340 
5 990.652 
4 1274.345 
5 956.672 
5 974.544 
5 1154.647 
5 841.974 
5 847.935 
5 846.974 
5 1259.124 
5 682.767 
5 1103.803 
5 1163.349 
5 687.312 
5 1302.854 
5 930.956 
5 1233.033 
5 943.658 
4 1088.996 
5 992.259 
5 1058.998 
5 2479.507 
5 1575.531 
5 774.091 
5 1027.672 
5 1556.600 
5 863.223 
5 1390.144 
5 1232.670 
5 978.422 
4 850.125 
5 959.004 
4 1245.807 
5 1003.683 
5 1715.848 
5 1179.832 
5 870.892 
5 1094.505 
5 1050.839 
5 1015.758 
5 790.112 
5 1722.488 
5 1805.280 
5 1092.577 
4 1022.189 
5 928.074 
5 783.109 
5 1128.279 
5 989.587 
5 1038.908 
5 889.590 
5 885.495 
5 1580.158 
5 838.336 
4 1143.547 
5 968.940 
5 1183.610 
5 978.291 
5 1241.778 
5 784.447 
5 1337.601 
5 939.558 
5 1252.176 
5 1117.862 
5 1152.050 
5 734.130 
5 1569.730 
5 1380.238 
5 721.755 
5 1453.387 
5 1024.479 
5 901.763 
5 1058.168 
5 839.996 
5 1253.732 
5 1171.750 
5 735.871 
5 1368.772 
5 981.969 
5 925.995 
5 1434.692 
5 869.697 
5 823.066 
5 1122.692 
5 1131.393 
5 1049.323 
5 1294.522 
5 824.894 
4 1073.276 
5 1454.936 
5 950.497 
5 1151.888 
5 940.353 
5 1063.557 
5 1625.219 
5 1075.976 
5 900.662 
5 1224.286 
5 997.415 
5 858.535 
5 1255.405 
4 1033.237 
5 1028.651 
5 1227.548 
5 1289.929 
5 854.723 
4 720.577 
5 993.281 
5 1241.492 
5 1541.347 
5 1417.952 
5 917.569 
5 1339.947 
5 1366.703 
5 938.519 
5 698.864 
5 966.043 
5 980.915 
5 848.843 
5 769.457 
4 710.488 
5 1007.275 
5 883.143 
5 816.336 
5 1264.167 
5 841.114 
5 1042.422 
5 791.115 
5 1800.526 
5 1767.188 
5 993.849 
4 708.903 
5 828.828 
5 1095.707 
5 1077.305 
5 627.065 
4 1574.188 
5 959.494 
5 1106.029 
5 1025.168 
5 799.396 
5 1343.691 
5 951.680 
5 826.469 
5 858.168 
4 906.089 
5 813.462 
5 803.572 
5 985.059 
5 808.295 
5 872.552 
5 1512.609 
5 971.254 
5 2043.623 
4 840.358 
4 854.772 
5 913.835 
5 1382.810 
5 1162.497 
4 1002.617 
5 1094.169 
5 1144.101 
5 1094.536 
5 937.287 
5 1220.760 
5 1193.444 
5 1551.238 
5 901.486 
5 1094.596 
4 1044.678 
5 1236.887 
5 975.068 
5 1462.872 
4 937.925 
5 1447.973 
5 810.665 
5 765.838 
5 809.493 
5 649.179 
5 1093.134 
4 916.667 
5 690.532 
5 920.788 
5 888.974 
5 868.214 
5 1544.882 
5 1408.176 
4 950.833 
5 1075.312 
5 960.872 
5 1013.633 
4 1522.720 
5 661.921 
5 1140.324 
5 652.568 
5 1007.538 
5 1399.073 
5 1164.392 
5 1091.357 
5 805.906 
5 945.944 
5 1412.458 
5 932.912 
4 995.124 
5 1383.721 
5 1066.138 
5 1163.101 
5 869.221 
5 1238.089 
5 1115.684 
5 1378.128 
5 930.545 
5 849.475 
5 1134.770 
5 861.015 
5 1042.995 
5 888.011 
5 1404.185 
5 1640.199 
5 926.622 
5 954.529 
5 1099.115 
5 1241.820 
5 832.133 
5 1162.150 
5 1249.330 
5 1343.598 
4 902.849 
5 1035.830 
5 1017.324 
5 987.887 
4 934.966 
5 996.205 
5 1001.943 
5 807.511 
5 869.903 
5 1321.459 
4 871.503 
5 1080.738 
5 1228.666 
5 1437.752 
5 790.176 
5 1034.438 
5 1530.660 
5 1277.752 
5 960.017 
5 1306.628 
5 959.597 
5 1445.975 
5 1248.176 
5 1043.535 
5 1111.627 
5 871.697 
5 619.676 
5 841.007 
5 1309.664 
5 1295.923 
5 985.896 
5 1049.977 
4 941.681 
5 978.333 
5 1034.138 
5 808.597 
5 946.554 
5 872.484 
5 831.372 
5 1100.145 
5 1138.597 
5 1156.872 
5 742.507 
5 1374.357 
4 1180.340 
5 1067.358 
5 1114.567 
5 703.357 
5 1089.850 
5 1088.487 
5 765.616 
5 1223.125 
5 1262.705 
5 938.610 
5 1513.883 
5 1170.766 
5 1312.090 
5 923.548 
5 1133.111 
5 988.582 
5 922.409 
5 1021.909 
4 776.817 
5 800.416 
5 1081.675 
5 1443.188 
5 940.320 
5 1159.326 
5 1893.226 
5 1088.785 
5 1035.237 
5 1080.595 
5 1062.754 
5 1060.054 
5 917.235 
5 942.529 
5 1574.727 
5 814.737 
5 1152.405 
5 1076.190 
5 1244.849 
4 883.077 
4 1093.610 
5 785.790 
5 1319.386 
5 702.568 
5 1053.794 
5 838.306 
5 767.553 
4 1244.595 
5 977.471 
5 1475.975 
5 683.818 
5 1843.667 
5 860.507 
5 1173.546 
5 880.074 
5 1080.958 
5 1177.011 
5 1419.644 
5 745.350 
5 1520.165 
4 1153.605 
4 741.782 
4 844.242 
5 1312.907 
5 965.702 
5 826.199 
5 1253.228 
5 1048.868 
5 895.376 
4 837.363 
5 1243.181 
5 796.832 
5 1088.387 
5 988.352 
5 1279.762 
5 1368.787 
5 2243.191 
5 1871.579 
5 1157.711 
5 695.436 
4 769.656 
5 1527.747 
5 942.282 
5 782.955 
5 1534.266 
5 1182.709 
5 1564.377 
5 791.670 
5 773.667 
5 1474.977 
5 817.624 
5 1321.775 
5 953.674 
5 1140.072 
5 814.900 
5 946.306 
5 996.153 
5 1415.789 
4 1071.988 
5 1086.448 
5 1240.271 
5 1323.940 
4 753.810 
5 751.341 
5 1176.719 
5 1339.203 
5 1298.655 
5 1041.426 
5 1379.845 
5 857.083 
5 909.832 
5 939.985 
5 1294.103 
5 1007.048 
5 1150.749 
5 1341.130 
5 1308.467 
5 899.809 
5 1116.165 
5 878.880 
4 874.471 
5 696.340 
5 790.750 
5 1105.854 
5 684.176 
5 873.335 
5 1140.880 
5 1364.328 
5 1241.358 
5 1104.359 
5 855.357 
4 992.833 
4 1059.720 
5 704.731 
5 1356.132 
5 1563.986 
5 1486.488 
5 1093.655 
5 898.139 
4 782.684 
5 861.750 
5 894.187 
5 1407.513 
5 935.893 
4 765.098 
5 843.519 
4 1966.438 
5 915.170 
5 1151.607 
4 1789.018 
5 1467.951 
5 1394.511 
5 1120.052 
5 1479.665 
5 930.366 
5 977.688 
5 1358.199 
5 1397.339 
5 862.932 
5 1016.419 
5 1794.648 
5 684.014 
5 1473.835 
5 953.940 
5 956.607 
5 851.684 
5 1117.450 
4 672.255 
5 1122.720 
5 995.272 
5 817.956 
5 2409.411 
5 1045.592 
5 1531.707 
5 1319.827 
5 1354.213 
5 735.300 
5 839.742 
5 1073.684 
5 964.361 
5 908.190 
5 926.225 
5 1039.785 
5 1004.019 
5 1230.106 
5 1035.721 
4 882.835 
5 1294.582 
5 845.067 
5 864.451 
4 964.170 
5 998.696 
5 806.646 
5 1647.633 
5 868.057 
5 853.919 
5 1098.628 
5 1832.039 
5 871.163 
5 958.633 
5 1317.630 
5 1445.898 
5 947.871 
5 1444.250 
5 1615.692 
4 1177.604 
5 1117.208 
5 891.308 
5 839.327 
5 1161.224 
4 1334.585 
5 1185.380 
5 802.681 
5 896.092 
5 1057.536 
5 801.917 
5 835.070 
5 1121.706 
5 1118.644 
5 1459.118 
5 1103.571 
5 1134.320 
5 1609.616 
5 703.589 
5 1379.485 
5 938.734 
5 1041.233 
5 1130.207 
5 871.588 
5 1388.431 
5 1023.132 
5 1023.504 
5 2259.721 
5 956.892 
5 1019.208 
4 683.003 
4 792.304 
5 1011.482 
5 1082.083 
5 1150.382 
5 1188.772 
5 1175.447 
4 1203.046 
4 682.807 
5 821.653 
5 1327.918 
5 1074.226 
5 683.979 
5 1101.991 
5 778.172 
5 1551.920 
5 1271.287 
4 918.898 
5 986.486 
5 999.210 
4 1019.337 
5 1145.947 
5 920.002 
5 1544.476 
5 655.512 
5 1253.049 
4 634.423 
5 888.590 
5 914.563 
5 1214.262 
5 1039.900 
5 935.533 
5 1048.001 
5 981.450 
5 1371.252 
5 1320.008 
4 991.224 
5 898.510 
5 1035.831 
5 1795.459 
5 940.776 
5 967.077 
5 976.496 
5 1055.828 
5 727.005 
5 775.470 
5 967.550 
5 1810.161 
5 1300.680 
4 1136.154 
5 958.946 
5 873.256 
5 880.996 
5 1207.951 
5 674.898 
5 931.106 
5 1017.960 
5 826.250 
5 860.368 
5 1103.022 
4 789.313 
5 1521.259 
5 825.273 
5 928.908 
5 926.169 
4 1105.308 
5 839.879 
4 1190.246 
5 1030.277 
5 1312.818 
5 1008.608 
5 1987.027 
5 932.058 
5 976.702 
5 1284.855 
5 959.263 
5 812.612 
5 946.871 
5 1499.391 
5 771.459 
5 867.306 
5 955.935 
5 908.500 
5 1288.671 
5 1589.627 
5 949.082 
5 1049.152 
5 1147.558 
4 798.244 
5 712.462 
5 1191.059 
5 1216.426 
5 935.214 
4 896.359 
5 1069.350 
5 841.625 
5 1312.654 
5 896.608 
5 1094.663 
5 1353.811 
4 1261.234 
5 1448.825 
4 889.944 
5 1786.326 
5 1059.711 
5 1040.682 
5 865.594 
5 780.971 
5 1020.385 
5 1814.692 
5 1225.377 
5 998.907 
5 2291.814 
5 1206.861 
5 1187.345 
5 881.129 
5 1447.112 
5 1263.906 
5 1016.936 
5 1216.184 
5 1107.336 
5 905.196 
5 1600.344 
5 1020.959 
5 814.309 
5 981.614 
5 1759.519 
5 1131.634 
5 1001.799 
5 898.922 
5 873.033 
5 1331.999 
5 935.875 
5 975.425 
5 974.586 
5 788.127 
5 636.696 
5 1329.426 
5 992.414 
5 1209.779 
5 1157.908 
5 1277.117 
5 873.293 
5 1498.892 
5 905.546 
5 1446.834 
5 958.326 
5 1335.833 
5 879.386 
5 892.280 
5 884.623 
5 769.290 
5 1176.120 
4 878.580 
5 958.395 
5 1724.549 
5 936.354 
4 890.254 
5 1048.637 
5 977.585 
4 1036.231 
5 1034.358 
4 972.398 
5 913.035 
4 1374.180 
5 1064.505 
5 909.193 
5 1391.447 
5 1446.659 
5 1166.516 
5 900.230 
4 843.033 
5 861.326 
5 929.731 
5 1124.206 
5 1042.812 
5 1598.586 
5 1501.317 
5 857.047 
5 1063.648 
5 838.032 
4 671.245 
4 1415.665 
5 679.908 
5 1120.429 
5 1391.669 
5 795.144 
5 862.961 
5 1452.513 
5 847.697 
5 1172.081 
5 1166.483 
5 982.530 
5 904.876 
4 1151.063 
4 1706.274 
5 978.072 
5 718.971 
5 742.191 
5 943.740 
5 931.876 
5 969.477 
5 1539.866 
4 1221.134 
5 1139.059 
5 913.214 
5 860.206 
5 627.512 
4 1269.175 
5 962.737 
5 1341.820 
4 812.907 
5 1099.813 
5 729.780 
5 994.451 
5 1064.962 
5 1656.816 
4 1171.251 
5 1021.411 
4 1372.489 
5 1153.116 
5 1008.059 
5 1144.401 
5 966.074 
5 1095.367 
5 635.720 
4 1715.038 
5 1165.925 
5 952.018 
5 1158.799 
5 1171.429 
5 1151.340 
5 609.498 
5 990.478 
5 1203.657 
5 874.723 
5 1108.828 
5 859.907 
5 1067.975 
5 843.629 
5 918.537 
4 1021.280 
5 1226.332 
5 1335.230 
5 896.655 
5 968.062 
5 1231.092 
4 678.520 
5 890.248 
5 967.097 
4 1205.507 
5 658.158 
5 1085.591 
5 1346.407 
5 1011.218 
5 1163.070 
4 924.917 
4 986.352 
5 1093.137 
5 1119.829 
5 1262.305 
5 882.217 
4 913.783 
5 882.103 
5 1297.946 
5 697.400 
5 965.826 
5 1045.758 
4 910.695 
5 976.390 
5 1452.702 
5 1042.605 
5 976.846 
5 1286.900 
5 889.686 
5 999.437 
5 1160.969 
4 977.906 
4 1307.601 
5 1119.665 
5 994.699 
5 1018.210 
4 641.314 
5 905.923 
5 1135.010 
5 1169.176 
5 822.476 
5 854.828 
5 1057.202 
5 802.888 
4 901.723 
5 928.040 
5 911.595 
5 1013.323 
5 1063.685 
5 1741.662 
4 1764.499 
4 1077.812 
5 1453.512 
5 1550.647 
5 855.923 
5 920.921 
4 701.312 
5 1029.064 
5 1162.769 
5 1594.708 
5 1061.890 
5 1284.217 
5 1043.272 
5 966.835 
5 1491.069 
5 836.014 
5 731.342 
5 824.535 
5 940.537 
5 1417.165 
4 858.391 
5 898.529 
4 1178.583 
5 768.297 
5 1298.528 
4 829.371 
5 1353.394 
5 1246.649 
5 889.658 
4 1050.811 
5 1090.113 
5 1143.885 
4 753.677 
5 1127.417 
5 1118.076 
5 1327.585 
5 1012.149 
5 837.363 
4 751.315 
5 774.993 
5 1057.123 
5 748.995 
5 1438.982 
4 868.119 
5 1351.561 
5 1235.485 
5 706.822 
5 1425.277 
5 939.545 
5 1012.347 
5 1216.818 
4 963.653 
5 1323.294 
5 860.776 
5 636.941 
5 709.770 
5 725.298 
4 1260.536 
5 754.650 
5 837.337 
5 1020.774 
5 2251.369 
4 1107.871 
5 1203.901 
5 2064.701 
5 642.201 
5 1164.479 
5 1000.031 
4 807.218 
5 962.818 
5 908.732 
4 1475.440 
5 857.748 
5 1163.714 
4 777.071 
5 979.844 
5 1237.781 
5 1140.953 
5 790.338 
5 1275.857 
5 934.758 
5 898.312 
5 768.807 
5 974.768 
4 1147.365 
4 1118.080 
5 1104.668 
5 911.036 
5 914.329 
5 1493.878 
5 1211.640 
5 839.431 
5 1265.143 
5 1059.075 
5 1070.819 
5 755.341 
5 938.049 
5 1000.368 
5 847.543 
5 2096.249 
5 1338.146 
5 1562.934 
5 819.181 
5 1264.854 
5 994.010 
5 927.133 
4 957.190 
5 944.154 
5 794.991 
5 1182.558 
4 1123.740 
5 1056.263 
5 1107.806 
5 1730.526 
5 1275.771 
5 1006.681 
5 1430.728 
5 760.427 
5 1073.992 
4 1012.724 
5 795.070 
5 1438.509 
5 1161.005 
5 1460.807 
5 875.851 
5 868.289 
5 892.185 
5 764.494 
5 908.279 
5 1130.217 
5 849.440 
5 996.795 
5 1186.131 
4 1306.673 
4 821.401 
4 1200.838 
5 1203.553 
4 1435.427 
5 2073.271 
5 1360.414 
4 860.142 
4 1542.686 
5 845.696 
5 782.140 
5 1130.095 
5 1173.346 
5 1261.198 
4 970.359 
5 1133.527 
5 962.170 
5 933.932 
5 1282.827 
5 1092.720 
5 913.521 
5 1313.100 
5 963.074 
5 1410.745 
4 1281.463 
5 1474.270 
4 1316.153 
5 1066.459 
5 997.160 
5 1170.281 
4 723.757 
5 936.878 
5 1281.588 
5 1471.541 
5 718.345 
5 841.079 
5 1177.394 
5 952.933 
5 1007.686 
5 780.597 
5 849.164 
5 801.001 
5 622.025 
5 1054.195 
5 775.709 
5 741.310 
5 1007.693 
5 796.701 
5 662.827 
5 1601.046 
5 1018.291 
4 1249.912 
5 1275.619 
5 988.094 
5 718.060 
5 832.583 
5 1233.069 
5 1227.361 
5 1268.650 
4 765.294 
5 964.433 
4 756.519 
5 1127.154 
5 1002.041 
5 871.673 
5 1188.359 
5 1049.604 
5 1160.169 
5 1019.130 
4 976.865 
5 934.502 
5 905.669 
5 1068.412 
5 1023.541 
5 1362.125 
5 999.419 
5 802.372 
5 1299.686 
5 1132.694 
5 967.421 
5 1177.320 
5 813.525 
5 1841.763 
5 1117.776 
5 1290.020 
5 1057.521 
5 965.962 
5 890.856 
5 914.733 
5 763.272 
5 759.611 
5 1116.634 
5 1177.695 
4 758.012 
5 1124.356 
5 1021.407 
5 832.141 
5 1009.048 
5 1158.584 
5 726.347 
5 1155.980 
5 896.449 
5 917.648 
5 1805.238 
5 1052.806 
5 1458.356 
5 896.183 
5 1129.635 
5 884.603 
5 1205.969 
5 1006.947 
4 753.852 
5 859.107 
5 1118.759 
5 1494.614 
5 1066.849 
4 658.808 
4 818.338 
5 978.253 
4 1180.281 
5 644.329 
4 865.263 
5 1152.175 
5 1293.654 
5 1401.449 
5 920.571 
4 1279.655 
4 1299.982 
5 793.345 
4 1137.377 
5 1096.493 
4 988.784 
5 717.072 
5 1004.055 
5 1081.182 
4 1055.382 
5 1117.499 
5 1649.049 
5 904.358 
5 877.132 
5 847.833 
5 963.269 
5 1428.465 
4 1331.967 
5 893.914 
5 1127.415 
5 1093.923 
5 1282.769 
5 1553.084 
5 923.391 
5 1400.796 
5 763.558 
4 1242.110 
5 727.967 
5 841.385 
5 1103.965 
5 736.571 
5 1014.086 
5 1265.409 
5 864.318 
5 765.092 
5 727.445 
5 1009.637 
5 1223.562 
5 681.858 
5 1331.366 
5 1211.356 
5 871.941 
5 983.327 
5 846.066 
5 789.094 
5 746.827 
4 934.794 
5 1059.594 
5 782.811 
5 1168.439 
5 831.876 
4 1290.099 
5 1227.621 
4 824.869 
4 1105.261 
5 1085.141 
5 897.148 
5 1148.415 
5 1043.038 
5 917.193 
4 812.890 
5 1483.386 
4 702.939 
5 902.013 
5 1025.431 
5 892.538 
5 1264.657 
4 691.768 
5 1345.167 
5 843.452 
5 1033.937 
5 937.202 
4 1015.478 
5 887.304 
5 868.869 
5 1458.655 
5 820.400 
5 1079.136 
5 1042.625 
5 1211.826 
5 1128.872 
5 1619.548 
5 791.163 
5 1150.723 
5 1292.639 
5 713.413 
5 1237.452 
4 1191.261 
5 779.459 
5 886.750 
5 1033.369 
5 1109.142 
5 726.532 
5 950.565 
5 942.534 
5 818.416 
4 844.777 
5 1132.235 
5 1001.620 
5 1100.704 
4 954.179 
5 1275.897 
5 942.171 
5 726.716 
5 600.704 
5 1113.240 
5 918.543 
5 964.261 
5 977.262 
5 1205.708 
5 1263.352 
5 1358.810 
5 1071.375 
5 939.260 
4 773.387 
5 1165.223 
5 1285.288 
5 1340.768 
5 951.273 
5 1307.053 
5 1037.353 
5 1207.366 
5 1077.577 
5 1085.600 
5 822.445 
5 987.940 
5 1000.460 
5 2010.434 
5 936.785 
5 774.757 
4 1037.228 
4 1051.685 
4 1189.096 
5 943.421 
4 1610.608 
5 825.810 
5 1041.270 
5 1248.458 
5 1113.266 
4 799.484 
5 1563.527 
4 1295.269 
5 1145.030 
5 825.577 
5 1544.746 
5 829.439 
5 798.701 
5 1047.643 
5 1204.578 
5 803.211 
5 679.633 
4 1181.943 
4 615.852 
4 850.572 
5 1081.474 
5 853.920 
5 1650.325 
5 900.988 
5 1023.263 
5 1369.456 
5 1377.762 
5 1239.883 
5 998.497 
5 1029.276 
5 679.941 
5 1051.602 
5 633.466 
5 1061.611 
5 1304.070 
5 1076.646 
5 1050.675 
5 1227.801 
5 811.905 
4 676.664 
5 1651.335 
5 864.491 
5 1309.471 
5 885.158 
5 892.756 
5 1278.480 
5 1264.274 
5 798.067 
4 1046.574 
5 649.515 
5 921.485 
5 648.905 
5 904.975 
5 1127.111 
5 1163.419 
5 1280.650 
5 888.091 
5 1081.081 
5 1819.242 
5 1305.533 
5 754.330 
5 1096.916 
4 976.920 
5 958.447 
5 880.017 
5 1080.252 
5 1310.111 
5 880.298 
5 1311.149 
5 1697.553 
5 797.775 
5 1194.713 
5 1277.826 
5 962.368 
5 1186.445 
5 995.151 
4 968.174 
5 728.429 
4 954.160 
5 886.680 
5 1392.216 
5 1437.534 
5 753.931 
5 843.578 
4 1219.339 
5 1280.545 
5 1122.778 
5 1021.629 
5 878.685 
5 1217.641 
5 1119.324 
5 1171.370 
5 1385.779 
5 878.114 
4 870.764 
5 2526.620 
5 942.494 
5 903.591 
5 770.726 
4 1169.240 
5 2036.876 
4 935.901 
5 1025.260 
5 2050.925 
5 1090.321 
5 917.031 
5 861.693 
5 924.420 
4 641.064 
5 1407.319 
5 1044.528 
4 920.558 
5 1257.833 
5 1108.789 
4 1051.900 
5 1207.084 
5 1057.607 
5 904.417 
5 910.270 
4 940.040 
5 1018.261 
5 766.441 
5 679.015 
5 933.808 
5 1022.772 
5 955.461 
5 843.726 
5 1267.333 
4 1847.435 
5 863.071 
5 760.093 
5 947.187 
5 946.163 
5 1671.554 
5 1166.438 
5 1196.998 
5 865.421 
5 1630.245 
5 888.468 
4 1239.749 
5 853.802 
4 796.690 
5 921.227 
5 759.455 
5 879.178 
5 1588.001 
5 757.396 
5 1333.914 
5 1806.909 
5 1659.850 
5 870.884 
4 1893.773 
4 944.647 
5 1070.399 
5 1085.723 
4 823.373 
5 729.237 
5 1149.127 
5 1007.756 
5 856.340 
5 1005.517 
5 1120.480 
5 854.803 
4 1163.042 
5 1351.231 
5 1295.515 
4 933.823 
5 986.742 
5 744.350 
4 762.449 
5 1196.599 
4 850.991 
5 932.142 
5 738.166 
5 663.694 
5 973.424 
4 682.157 
5 1059.789 
5 1082.281 
5 1312.542 
4 1444.609 
5 789.463 
5 767.838 
5 1057.273 
5 903.458 
5 695.757 
4 1322.095 
5 1067.071 
5 1118.220 
4 941.647 
5 862.719 
5 1371.559 
5 1428.913 
5 1644.731 
5 841.018 
5 737.654 
5 1010.287 
5 898.197 
5 1155.802 
5 1028.755 
4 906.776 
4 817.856 
5 943.437 
5 1360.291 
5 1412.266 
4 732.795 
5 1034.717 
5 966.219 
5 1374.860 
5 978.655 
5 1411.409 
4 935.417 
5 1866.870 
5 988.225 
5 908.601 
5 1201.475 
5 1284.256 
4 939.639 
5 911.356 
5 1940.102 
5 736.011 
4 1723.886 
5 891.336 
5 1619.737 
5 1647.378 
5 1103.029 
5 1030.110 
5 1123.927 
5 1296.845 
4 981.534 
5 867.013 
5 1625.769 
5 625.915 
5 750.754 
5 839.835 
4 633.201 
5 963.173 
5 1485.944 
5 660.631 
4 1016.787 
5 784.686 
5 777.122 
5 1101.098 
5 1144.870 
4 1285.002 
4 955.694 
5 1525.607 
5 994.152 
5 1010.003 
5 1001.505 
4 1041.393 
4 708.807 
5 953.101 
5 1146.019 
5 1091.129 
5 1027.500 
5 807.582 
5 854.265 
5 918.937 
5 1140.720 
5 1155.741 
5 1673.988 
5 847.939 
5 766.572 
5 1082.869 
5 954.977 
5 1115.619 
5 966.511 
5 819.204 
5 1105.874 
5 1021.474 
5 743.523 
4 701.586 
5 880.579 
5 840.147 
4 958.319 
5 766.024 
5 812.728 
5 909.064 
5 666.753 
5 1270.139 
5 1538.270 
5 855.606 
5 1238.443 
4 957.132 
5 1106.873 
5 1185.928 
5 997.255 
5 899.859 
5 1776.185 
5 719.046 
5 750.009 
5 1231.531 
5 1275.561 
5 657.898 
5 683.065 
5 1035.207 
5 1033.150 
5 795.721 
5 1057.925 
5 997.594 
5 788.422 
5 656.198 
5 865.592 
5 878.585 
5 1197.867 
5 1128.499 
5 708.553 
4 1131.268 
5 949.749 
5 910.619 
5 866.521 
5 792.207 
5 1167.951 
5 1475.027 
5 833.123 
4 880.162 
5 917.073 
5 778.791 
5 1507.169 
5 703.567 
5 994.809 
5 1318.385 
5 1247.929 
4 1004.724 
5 922.070 
4 770.659 
5 900.424 
5 1280.127 
4 859.601 
5 924.577 
5 1094.590 
4 1047.074 
5 850.087 
5 1057.682 
5 694.222 
5 702.450 
5 1102.610 
5 1424.705 
4 657.707 
5 897.280 
5 1052.868 
5 868.753 
5 781.911 
5 621.867 
5 1322.219 
4 903.578 
5 1316.595 
5 970.728 
5 1122.390 
5 1682.682 
5 1057.393 
5 1219.258 
4 817.024 
5 952.504 
5 742.085 
5 1027.947 
4 1232.578 
5 1495.560 
5 1044.777 
5 763.528 
5 1226.304 
5 914.351 
5 1892.223 
5 1022.790 
4 791.220 
4 1896.325 
5 986.129 
5 1309.714 
5 993.168 
5 1196.764 
5 1071.335 
5 978.017 
5 1044.003 
5 1071.907 
5 955.680 
5 916.755 
5 958.303 
5 1147.851 
5 889.494 
5 742.376 
5 935.772 
5 827.322 
5 785.615 
5 1103.888 
5 882.794 
4 1185.542 
5 1088.206 
5 1481.552 
5 1243.228 
5 954.915 
5 663.497 
5 793.607 
5 1321.814 
5 1002.451 
5 1162.739 
5 1128.517 
5 988.159 
5 1098.365 
5 1094.229 
5 953.431 
5 950.419 
4 867.489 
5 833.630 
5 1223.275 
5 768.733 
4 1774.726 
5 2047.998 
5 1373.722 
5 1297.766 
5 1251.036 
5 1261.025 
5 787.288 
5 1173.153 
5 1125.148 
5 864.324 
5 1206.114 
5 1150.691 
5 858.161 
5 1206.920 
5 742.720 
5 901.273 
5 1105.710 
5 751.737 
5 990.090 
5 1356.766 
5 1842.600 
5 1818.206 
4 786.271 
5 1333.412 
5 775.500 
4 1809.836 
5 932.273 
5 1348.954 
5 1170.047 
5 1096.765 
5 920.808 
5 816.658 
5 1049.310 
5 1162.574 
5 943.672 
5 817.275 
5 1180.988 
5 1525.830 
5 1051.283 
5 949.037 
5 1024.445 
5 852.411 
4 841.644 
5 1173.131 
5 1209.401 
5 883.722 
5 909.755 
4 1262.188 
5 705.705 
5 784.243 
5 1937.214 
5 843.753 
4 857.548 
5 904.151 
5 1541.158 
5 1081.630 
5 1068.885 
5 940.617 
4 1320.109 
5 977.772 
5 772.919 
5 938.487 
5 1093.374 
5 1497.802 
4 970.896 
5 903.561 
5 802.017 
5 790.807 
4 933.671 
5 1023.445 
5 1109.526 
5 684.710 
5 1157.705 
4 669.107 
5 942.778 
5 928.090 
5 957.036 
5 1638.250 
5 1067.429 
5 755.653 
5 856.841 
4 874.062 
5 1042.233 
5 1018.247 
5 904.324 
5 982.521 
5 1285.825 
5 938.834 
5 703.510 
5 1070.590 
5 689.821 
5 897.630 
5 959.113 
5 1049.536 
5 967.647 
5 1194.761 
5 922.534 
5 1150.852 
5 1114.549 
5 1002.809 
5 1141.874 
5 884.016 
5 1137.121 
5 865.067 
4 1696.725 
5 801.600 
5 1618.766 
5 795.775 
5 849.669 
5 1291.433 
5 1157.075 
5 1379.917 
5 1112.365 
5 841.555 
5 725.845 
4 984.125 
5 639.727 
5 840.626 
5 1025.393 
5 1112.899 
5 1732.296 
5 1537.532 
5 829.603 
5 917.609 
5 1373.860 
4 1621.031 
5 1162.505 
5 965.874 
4 1325.218 
5 1156.615 
5 1274.680 
5 1005.216 
5 1143.749 
5 1072.376 
5 1748.236 
5 1001.802 
5 1123.590 
5 743.686 
5 997.610 
5 1029.464 
5 1759.509 
5 846.122 
5 1170.885 
5 1369.378 
4 701.114 
5 1065.189 
4 953.296 
5 1559.598 
5 896.744 
5 729.342 
5 1266.852 
5 1028.441 
5 906.578 
5 943.927 
5 889.325 
4 707.194 
5 1056.615 
5 919.958 
5 1192.148 
4 1073.989 
5 1660.823 
5 1830.811 
5 883.862 
4 1043.449 
5 859.246 
5 1200.864 
5 689.652 
4 797.526 
5 905.708 
5 1296.960 
5 1045.788 
5 929.563 
5 1179.462 
5 1180.136 
5 841.517 
5 859.461 
5 1104.609 
5 894.121 
4 616.572 
4 741.263 
5 655.400 
5 639.385 
5 970.587 
4 1161.138 
5 677.223 
5 1777.813 
5 804.665 
5 1188.470 
5 902.926 
5 1831.279 
4 1267.063 
5 1101.845 
5 767.897 
5 1253.505 
5 1158.045 
4 1358.048 
4 905.717 
5 879.286 
5 975.961 
5 994.110 
5 1228.673 
5 1156.613 
5 1961.731 
5 991.809 
5 1133.423 
5 1124.287 
4 939.169 
5 1944.664 
5 952.195 
5 1068.379 
4 1000.201 
5 1605.265 
5 1433.220 
5 1219.867 
5 1793.071 
5 1356.187 
4 1033.059 
5 1146.368 
5 856.858 
5 1366.563 
5 937.749 
4 1768.141 
5 1172.731 
5 1067.546 
5 794.023 
5 811.368 
5 794.728 
5 1821.291 
5 1323.430 
5 608.444 
5 841.323 
5 850.439 
5 841.672 
4 888.326 
5 897.861 
5 1061.919 
5 988.093 
5 1336.910 
5 610.684 
5 1100.589 
5 884.773 
4 935.348 
5 1003.268 
5 1397.893 
5 1323.455 
5 809.939 
5 1270.636 
5 1260.833 
4 970.932 
5 816.732 
5 1302.501 
5 1170.146 
5 788.543 
5 1174.332 
4 657.503 
5 1721.482 
5 964.487 
5 952.890 
5 896.174 
5 1311.297 
5 776.087 
4 686.071 
4 898.438 
5 1694.878 
5 984.501 
5 1284.307 
5 741.284 
5 969.163 
5 1322.020 
5 860.265 
5 1001.847 
5 978.024 
5 1678.882 
5 1750.013 
5 1013.255 
5 1431.986 
5 1116.176 
5 1312.374 
5 719.543 
5 764.837 
5 1278.560 
5 922.470 
4 1038.396 
5 603.452 
4 796.162 
5 1017.207 
5 860.059 
5 1137.565 
5 834.573 
5 825.075 
5 921.909 
5 810.206 
4 1084.984 
5 2126.640 
5 2036.430 
5 1081.003 
4 757.178 
5 1461.960 
4 1264.492 
5 1090.470 
5 2016.219 
5 1430.137 
5 1118.672 
5 1173.494 
5 1063.877 
5 1407.810 
5 962.276 
5 924.567 
5 766.083 
4 1510.947 
4 942.285 
5 733.589 
5 1026.527 
5 683.141 
5 1011.863 
5 901.120 
5 1063.587 
5 1050.513 
5 897.180 
5 1397.888 
5 1079.206 
5 930.625 
5 876.176 
5 1229.673 
4 1071.970 
5 718.242 
5 1122.649 
5 652.114 
4 700.963 
5 1459.630 
5 1029.598 
5 1306.173 
5 956.822 
5 2006.884 
5 1193.521 
5 897.154 
5 1202.069 
5 1267.848 
5 912.955 
5 926.035 
5 1213.871 
5 795.809 
5 1784.057 
5 1067.045 
5 1020.724 
5 791.498 
5 950.397 
5 1162.394 
5 804.870 
5 1085.813 
5 1669.342 
4 1048.949 
5 1151.056 
5 967.640 
5 1245.337 
5 1778.215 
5 836.021 
5 1036.005 
5 1225.423 
5 1148.594 
5 1687.105 
5 918.076 
5 999.204 
5 657.805 
5 1979.148 
5 1640.317 
5 1264.365 
5 1025.965 
5 1404.306 
5 1530.952 
5 936.218 
5 1029.629 
5 747.888 
4 1039.340 
5 922.984 
5 1371.332 
4 714.862 
5 746.579 
5 986.516 
5 1481.436 
5 752.035 
5 1126.210 
5 1256.910 
5 774.995 
5 817.621 
5 717.308 
5 1310.797 
5 1052.359 
5 839.801 
4 918.730 
5 1404.605 
5 1112.729 
5 991.973 
5 873.485 
5 1150.769 
5 1001.616 
4 1038.802 
5 1189.655 
4 1035.242 
5 1145.788 
5 891.647 
5 706.043 
5 745.815 
5 1405.655 
5 1072.958 
5 1104.229 
5 714.470 
5 1021.974 
5 1115.865 
5 865.796 
5 965.156 
5 895.737 
5 935.703 
4 993.129 
5 1047.144 
4 1276.207 
4 1370.629 
4 1118.479 
5 1067.641 
5 1542.164 
5 856.870 
5 1053.315 
5 946.718 
5 938.149 
5 1047.321 
5 1213.152 
5 922.268 
5 1902.615 
5 900.741 
5 1135.474 
5 632.222 
5 1412.540 
4 694.657 
5 860.722 
4 1388.573 
5 919.773 
5 1344.930 
5 725.829 
5 1095.798 
5 1355.795 
5 937.143 
5 1014.071 
5 1070.460 
5 1051.201 
4 2451.582 
5 1120.443 
5 842.579 
5 1346.262 
5 930.635 
4 870.536 
5 1240.530 
5 1162.781 
5 826.065 
5 1610.146 
5 1460.545 
5 1002.299 
5 1310.697 
5 1056.341 
5 1462.712 
5 1273.705 
5 1064.775 
5 1176.391 
5 815.252 
5 871.933 
5 1112.005 
5 1482.153 
5 724.555 
5 1379.038 
5 1038.206 
5 1782.447 
5 978.977 
5 858.420 
5 1139.556 
5 1109.311 
5 1379.929 
5 834.622 
4 1046.794 
5 923.361 
5 1146.957 
5 899.154 
5 1261.525 
5 1049.309 
5 802.114 
5 917.370 
5 1164.508 
5 1084.051 
5 635.623 
5 2109.067 
5 1311.542 
5 1251.958 
5 829.175 
5 1278.021 
5 1483.035 
5 711.473 
5 1055.697 
5 1085.140 
5 1167.260 
5 1263.432 
5 686.782 
5 1030.413 
5 656.605 
5 1034.874 
5 981.584 
5 968.086 
5 2026.234 
5 1076.470 
4 1499.399 
5 895.958 
5 1173.035 
5 767.548 
5 868.699 
5 1112.388 
5 944.325 
5 1491.662 
5 1188.089 
5 985.316 
5 870.307 
5 1270.560 
5 639.909 
5 1147.061 
4 672.900 
5 972.003 
5 1082.838 
5 986.000 
5 930.897 
5 959.568 
5 776.169 
4 1255.645 
5 1354.728 
5 1322.110 
4 911.733 
5 1376.864 
5 1367.487 
5 910.509 
5 1434.644 
5 1216.714 
4 1106.392 
5 1353.626 
5 791.771 
5 1004.571 
5 1416.872 
5 660.827 
5 1040.917 
4 819.599 
5 964.373 
4 1209.594 
5 1266.619 
5 1005.233 
5 863.917 
5 808.855 
5 918.922 
4 688.721 
5 1546.392 
5 812.192 
5 963.816 
5 1019.384 
5 1182.572 
5 1383.938 
4 1077.293 
5 936.132 
5 846.245 
5 1470.452 
5 1122.509 
5 1292.994 
4 1701.895 
5 1421.663 
5 871.180 
5 927.723 
5 764.997 
5 842.100 
5 808.147 
5 998.453 
5 1308.755 
4 956.885 
5 996.710 
4 877.444 
5 1553.172 
5 1297.078 
5 1113.772 
5 1570.917 
5 924.634 
5 898.554 
5 1090.601 
5 921.102 
5 757.221 
5 1141.912 
5 851.841 
5 673.367 
5 1149.795 
5 1088.632 
5 1136.954 
5 1138.035 
5 1757.320 
5 1012.308 
5 714.761 
5 850.097 
5 919.393 
4 1120.126 
5 694.476 
5 677.807 
5 934.994 
5 912.293 
5 798.706 
5 1058.123 
5 1127.348 
5 804.631 
5 1955.680 
5 909.200 
4 690.728 
5 1223.429 
5 1179.710 
5 832.421 
4 840.536 
5 1021.034 
5 897.955 
5 886.460 
5 1751.787 
5 1002.885 
5 1029.973 
5 611.400 
5 2041.393 
5 1266.552 
5 934.928 
5 1362.751 
5 1444.393 
5 1026.233 
5 774.546 
5 840.173 
4 1775.551 
5 1137.877 
5 874.356 
5 951.727 
5 704.404 
5 1695.328 
5 894.843 
5 1620.133 
4 1639.528 
5 726.887 
5 739.365 
5 1218.779 
5 1230.786 
5 1036.761 
5 890.991 
4 897.832 
4 706.070 
4 1125.064 
5 831.387 
5 704.915 
5 1044.595 
5 1026.449 
5 1154.007 
5 1060.842 
5 1147.745 
4 731.933 
5 832.090 
5 1183.847 
5 968.487 
4 768.653 
5 732.718 
5 987.702 
5 1478.755 
5 1025.515 
5 1154.825 
5 1316.189 
5 1102.854 
5 838.772 
5 1167.416 
5 822.494 
5 754.340 
5 1461.490 
5 930.644 
5 1335.646 
5 746.796 
4 916.836 
5 803.334 
5 965.068 
5 844.106 
5 1274.303 
5 904.728 
5 788.627 
5 1416.377 
5 1325.156 
4 1901.509 
5 949.105 
5 715.939 
4 904.256 
5 1188.747 
5 818.753 
5 1272.855 
5 926.992 
4 1792.659 
5 1049.240 
5 1487.124 
4 880.072 
5 1168.314 
5 1163.531 
5 693.452 
5 1332.535 
5 1128.168 
5 985.807 
5 666.389 
5 787.054 
5 998.158 
5 1193.333 
5 1003.621 
5 1140.629 
4 1366.266 
5 961.967 
5 1260.318 
5 1033.732 
5 1042.832 
4 974.630 
5 959.703 
5 1297.171 
5 871.111 
5 1491.183 
5 1036.484 
4 808.211 
5 1098.648 
5 1534.840 
5 1312.148 
5 879.389 
4 963.614 
5 997.447 
5 949.955 
5 1021.923 
5 972.161 
4 1351.712 
5 1346.203 
5 1335.373 
5 1288.714 
5 1011.078 
5 939.705 
5 790.004 
5 880.447 
5 1559.596 
5 954.733 
5 923.206 
5 1786.154 
5 1123.403 
5 1139.938 
5 1085.155 
5 841.479 
5 1128.146 
5 1130.213 
5 1073.517 
5 812.713 
5 1127.674 
5 797.375 
5 1061.680 
5 994.844 
5 1067.374 
5 1400.947 
5 1183.356 
5 1446.188 
5 1042.982 
5 1301.820 
5 987.770 
5 1063.766 
5 837.650 
5 1954.258 
5 1600.003 
4 898.795 
5 1554.274 
5 1080.111 
5 1010.056 
5 1151.701 
5 818.643 
5 926.918 
5 1696.102 
5 1029.806 
5 889.682 
5 1424.523 
5 1033.918 
5 1186.018 
5 904.726 
5 996.849 
5 942.385 
5 971.400 
5 823.587 
5 1770.838 
5 794.952 
5 761.102 
5 1177.883 
5 854.156 
5 735.284 
5 847.671 
4 1204.711 
5 959.330 
5 858.564 
5 1036.148 
5 1694.078 
5 812.240 
5 1135.843 
5 1180.479 
5 962.903 
5 905.542 
5 1182.289 
5 1020.161 
5 1534.265 
5 1441.590 
4 677.868 
5 779.729 
5 806.983 
5 917.869 
4 1897.048 
5 1122.933 
5 938.560 
4 1252.152 
5 786.445 
5 968.215 
4 836.115 
5 776.715 
5 800.501 
5 980.800 
5 1081.170 
5 736.700 
5 817.738 
5 1002.388 
5 952.378 
5 1203.108 
5 1123.448 
5 1299.389 
5 1478.496 
5 906.714 
5 1078.772 
5 1090.514 
5 1119.918 
5 1136.897 
5 1708.358 
5 1113.581 
5 1020.864 
5 998.281 
5 1157.296 
5 1158.870 
5 934.147 
5 966.572 
4 816.611 
5 831.066 
5 860.911 
5 1002.012 
4 803.129 
5 926.087 
4 957.238 
5 955.074 
5 944.600 
5 792.212 
5 614.247 
5 1075.833 
5 1049.163 
4 861.371 
5 965.136 
5 1255.177 
5 819.430 
5 652.402 
5 867.771 
5 1270.004 
5 1076.780 
5 1355.596 
5 1244.244 
4 850.927 
5 774.787 
5 1117.353 
5 806.780 
5 2456.716 
5 869.429 
5 1423.620 
5 858.937 
5 906.312 
5 838.277 
5 925.277 
5 983.519 
5 1721.079 
5 992.675 
5 895.519 
4 1629.720 
