5 1874.190 
5 1024.032 
5 1181.122 
5 1456.554 
5 1140.704 
5 949.167 
5 1523.849 
5 1935.314 
5 872.423 
5 1199.926 
4 1010.565 
5 1238.594 
5 1643.474 
5 1608.730 
5 1000.416 
5 1813.743 
5 1308.869 
5 1267.698 
4 1781.731 
5 1152.812 
5 852.591 
4 1116.662 
4 1194.625 
5 1969.930 
5 1027.405 
5 1900.506 
5 1589.418 
5 1264.787 
5 1506.642 
5 1118.228 
5 1087.194 
5 846.451 
5 1794.940 
5 1384.265 
5 843.983 
4 967.433 
5 2020.917 
5 1318.704 
5 1518.056 
5 1182.408 
5 1775.406 
5 1260.952 
5 1927.912 
5 1987.700 
5 1275.934 
5 855.285 
5 1234.952 
5 1406.143 
4 1048.718 
5 1363.364 
5 1170.272 
5 1415.862 
5 1061.996 
5 1569.647 
5 1288.131 
5 1239.739 
5 836.291 
4 1115.737 
5 1226.221 
5 1225.461 
5 1427.362 
5 1010.978 
5 1229.205 
4 1623.332 
5 1329.340 
5 881.529 
5 1302.725 
5 1988.090 
4 636.095 
5 1155.630 
4 1310.227 
5 1400.670 
5 934.705 
5 1518.001 
5 1216.619 
5 2224.940 
5 1096.819 
5 1127.590 
5 1422.676 
5 1479.671 
5 882.609 
5 846.386 
5 1225.150 
5 1525.098 
5 1093.189 
5 1215.081 
5 997.631 
5 866.596 
5 1245.622 
5 1178.323 
5 1116.770 
5 1197.537 
5 1014.861 
5 1315.763 
5 1190.851 
5 1897.745 
5 1026.863 
5 1586.977 
5 1251.113 
5 1328.130 
5 1702.298 
4 1653.186 
5 1511.165 
5 1117.859 
5 1310.092 
5 1235.023 
5 1088.339 
5 1222.304 
5 786.906 
5 1254.677 
5 1083.807 
5 1343.999 
5 1930.797 
5 1181.738 
5 941.674 
5 1191.421 
4 1540.808 
5 1280.716 
5 1648.427 
5 1196.141 
5 1247.374 
5 1044.579 
5 1194.393 
5 1111.013 
5 1060.110 
5 1011.196 
5 1556.490 
4 1167.029 
5 951.657 
5 1344.655 
5 1206.267 
4 1030.178 
5 1495.868 
5 1219.553 
5 1678.510 
5 1591.256 
4 1020.280 
5 820.308 
4 1514.716 
5 1667.768 
5 1040.528 
5 985.910 
5 1209.720 
4 1483.678 
4 1151.792 
5 2485.726 
5 1985.627 
5 1522.667 
5 851.850 
5 1008.189 
5 977.754 
5 1562.934 
4 854.020 
5 1706.984 
5 1898.882 
5 1213.698 
5 1991.686 
5 1578.901 
5 1030.337 
4 1791.266 
4 2252.505 
5 1818.528 
5 1022.542 
5 1196.156 
5 1518.013 
5 1105.686 
5 959.129 
5 1183.304 
5 1217.241 
4 1122.304 
4 819.372 
5 989.491 
5 1185.369 
5 1477.323 
5 902.456 
5 1102.181 
5 1554.183 
5 1076.869 
5 1058.057 
5 1444.010 
5 1131.400 
5 1158.446 
5 1154.121 
5 937.884 
5 1470.678 
5 1163.338 
5 1509.267 
5 1407.747 
5 1031.740 
5 787.288 
4 843.454 
5 936.483 
5 1342.254 
4 1828.853 
5 1037.308 
4 1198.067 
5 1107.282 
5 1215.823 
5 1294.806 
5 783.668 
5 1046.431 
5 2263.206 
5 1320.365 
5 1004.421 
5 1021.335 
5 1041.701 
4 1192.118 
5 837.627 
5 2026.487 
5 1207.190 
5 986.794 
5 1530.320 
5 842.167 
5 1296.332 
5 1094.002 
5 1081.386 
5 1424.632 
5 1392.915 
5 945.046 
5 1308.135 
5 1318.494 
5 1179.475 
5 1391.153 
5 1437.633 
5 1239.490 
5 1264.613 
5 785.800 
5 1304.613 
5 1092.481 
5 1131.320 
4 1130.864 
5 1259.055 
5 1434.639 
5 1090.166 
5 1363.492 
4 1558.525 
5 1181.633 
5 1130.030 
5 1411.062 
4 1209.750 
5 1732.333 
5 1191.401 
5 1134.955 
5 1211.130 
5 1474.090 
5 947.272 
4 1230.472 
5 943.451 
5 1433.116 
5 1327.340 
5 1170.004 
4 1323.450 
5 1179.379 
5 1681.329 
5 870.981 
5 1222.855 
5 1095.407 
5 1253.955 
4 1417.553 
5 1035.862 
4 1664.371 
5 1516.088 
5 1775.123 
5 1594.137 
5 1435.101 
5 1025.647 
4 2074.162 
5 1496.431 
5 1454.578 
5 1340.325 
5 1561.548 
4 931.374 
4 1392.116 
5 1072.693 
5 1530.047 
5 1389.525 
5 1134.575 
5 987.548 
5 1084.865 
4 1520.665 
4 1775.425 
5 1522.478 
5 1051.516 
4 1185.857 
5 1188.701 
5 903.461 
5 961.207 
5 1094.905 
4 923.213 
4 981.698 
5 1269.619 
5 1033.140 
5 2082.780 
5 1666.495 
5 1033.151 
5 1846.499 
5 1445.621 
5 1307.210 
5 989.277 
5 1554.513 
4 937.802 
5 1044.540 
5 1179.176 
4 771.308 
5 1067.891 
5 1304.966 
5 1095.105 
5 1197.356 
5 1245.396 
5 1468.212 
5 1197.222 
5 1500.533 
5 1814.262 
5 2159.737 
5 2888.748 
5 1593.422 
5 1560.868 
5 997.846 
4 2374.025 
5 1940.620 
5 1242.714 
5 1539.615 
4 684.542 
5 1299.847 
5 1392.085 
5 993.280 
5 1369.143 
5 1534.219 
5 793.332 
5 1420.139 
5 1346.654 
5 1170.844 
4 994.065 
5 1152.343 
5 1373.129 
5 1679.656 
5 1764.882 
5 946.066 
5 937.408 
5 1009.793 
5 1013.516 
5 1267.236 
5 1012.599 
4 1136.507 
5 1419.768 
5 2597.956 
4 1252.338 
5 1157.164 
4 1110.838 
5 1239.271 
5 1472.065 
5 734.392 
5 1168.154 
5 1323.344 
5 1442.665 
5 1003.616 
5 1154.692 
5 1399.452 
4 675.761 
5 1674.679 
5 965.333 
5 913.789 
5 1578.114 
5 1034.997 
5 959.106 
5 1301.180 
5 1749.606 
5 1543.286 
5 1555.596 
4 1090.499 
5 1142.940 
4 1725.265 
5 1711.094 
5 1260.002 
5 1076.733 
5 1366.436 
5 1611.468 
5 910.324 
5 1495.147 
5 1444.364 
5 1169.689 
5 1944.257 
5 1492.915 
4 1331.808 
5 1609.717 
5 1057.368 
5 1253.206 
4 845.328 
5 1480.417 
4 885.624 
5 985.616 
5 927.530 
5 1330.921 
5 1129.827 
5 1385.074 
5 1233.099 
5 1418.605 
5 1154.855 
5 1395.402 
5 768.269 
5 1340.699 
5 1426.646 
5 1839.685 
5 1254.410 
5 1020.775 
5 2148.604 
5 1148.340 
5 1909.617 
5 1136.255 
5 1319.053 
5 1082.412 
5 990.705 
5 1164.642 
5 1293.801 
5 1047.610 
5 1278.346 
5 1439.823 
5 973.610 
5 1332.030 
5 958.640 
5 1098.343 
5 1153.860 
5 1435.383 
5 1211.278 
5 1571.646 
5 1059.514 
5 1586.539 
5 1296.493 
5 1116.936 
5 892.486 
5 1124.506 
5 1336.769 
5 1276.517 
5 1416.423 
5 984.078 
5 1330.807 
5 1304.837 
5 1225.668 
5 1083.352 
4 1061.948 
5 1928.975 
5 1243.177 
5 1411.840 
4 928.229 
5 1303.023 
5 855.265 
5 1505.380 
5 1147.399 
4 990.884 
5 1762.402 
5 1630.520 
5 871.933 
4 704.666 
5 978.854 
5 1162.951 
5 1111.388 
5 1287.239 
5 1213.745 
5 1308.923 
5 1777.181 
5 974.205 
5 1244.053 
5 1331.938 
5 1153.276 
5 1312.232 
5 1853.684 
4 1690.334 
5 1063.320 
5 1020.387 
5 1071.622 
5 1465.955 
5 704.413 
5 1487.458 
5 1413.866 
5 1268.520 
5 1192.539 
5 1826.111 
5 1478.974 
5 1444.523 
5 1329.502 
5 894.130 
4 731.535 
5 1544.149 
5 1437.887 
5 2575.982 
5 1233.248 
5 1229.864 
5 1014.233 
5 1080.070 
5 866.513 
5 1026.434 
5 1142.461 
5 1038.613 
5 943.733 
4 1914.693 
5 1009.610 
4 782.445 
5 1217.267 
5 1128.895 
5 1026.522 
5 1295.136 
5 1136.274 
5 1519.402 
5 752.624 
5 1111.724 
4 823.152 
5 958.927 
5 1169.561 
5 1921.815 
5 744.980 
5 998.767 
5 1368.283 
5 1464.194 
5 1343.718 
5 1840.549 
4 2212.036 
5 935.632 
5 2501.930 
5 1346.516 
5 1521.446 
5 1097.582 
4 1184.628 
5 1111.970 
5 1398.228 
5 1329.179 
5 1106.463 
5 713.255 
5 889.705 
5 1027.625 
5 1418.369 
5 1027.416 
5 1496.974 
5 1048.906 
4 1191.277 
5 1262.873 
5 1201.012 
5 1605.107 
4 665.916 
4 881.463 
5 1072.665 
5 1137.089 
4 1918.782 
4 1104.920 
4 1438.565 
5 1346.269 
5 1242.802 
5 1151.376 
5 1032.311 
5 954.496 
5 1014.744 
4 1171.831 
5 1159.806 
5 1326.225 
5 1354.068 
5 1333.327 
5 887.118 
5 975.227 
5 1429.379 
5 1761.893 
5 968.187 
5 1051.946 
5 1361.998 
4 962.442 
5 1293.512 
5 1355.132 
5 1068.844 
5 915.309 
5 1341.998 
5 2359.399 
5 1579.237 
5 1684.032 
5 1094.831 
5 1554.159 
5 854.843 
5 1215.179 
5 1186.198 
5 946.748 
5 1175.663 
5 1413.012 
5 1146.365 
5 1171.121 
5 1188.393 
5 1749.201 
5 815.538 
5 1337.166 
5 1995.429 
5 893.756 
5 2221.061 
5 1077.902 
5 2988.119 
5 1705.306 
5 1321.220 
4 1229.571 
5 884.102 
5 1850.721 
5 1219.159 
5 1281.668 
5 1081.063 
4 1101.597 
5 1408.265 
5 1879.536 
5 928.545 
5 944.445 
5 855.945 
5 1339.349 
5 1218.535 
5 1130.555 
5 1256.940 
5 1199.378 
5 1199.195 
5 1050.068 
5 1002.353 
5 1300.311 
5 1407.227 
5 1501.121 
5 1123.498 
5 1632.357 
5 1654.467 
5 1339.938 
5 1546.312 
5 1180.798 
5 1142.916 
5 1746.360 
5 1139.769 
5 1261.449 
5 930.185 
5 1038.383 
5 1480.858 
5 1210.829 
5 1493.089 
5 1231.837 
5 1224.056 
4 1491.772 
5 1097.014 
5 2069.181 
5 1331.787 
5 1306.221 
5 1152.733 
4 755.953 
4 1309.205 
5 1187.664 
5 1318.361 
5 1423.415 
5 1601.233 
5 1351.724 
4 1243.810 
5 1605.865 
5 1317.782 
5 1102.019 
4 1189.678 
4 1105.693 
5 825.170 
5 1829.436 
5 977.345 
5 838.741 
5 1443.791 
5 1459.713 
5 1433.176 
5 1113.989 
5 1975.836 
5 1119.997 
5 1608.514 
4 847.511 
5 1189.254 
5 1158.474 
5 1036.442 
5 1272.919 
5 1245.774 
5 912.329 
5 1272.427 
5 1225.338 
5 1022.887 
4 1028.578 
5 1216.630 
5 1455.258 
5 1140.511 
5 1074.900 
5 847.923 
5 1021.567 
5 1933.004 
5 969.614 
5 936.543 
5 1055.579 
4 1618.689 
5 1058.107 
5 1485.155 
5 1775.215 
5 1338.650 
4 1239.408 
5 1107.899 
5 1312.427 
5 859.865 
5 1037.188 
5 1297.472 
5 1084.951 
5 1072.275 
4 1621.632 
5 1249.647 
5 1116.618 
5 1584.981 
5 1860.755 
5 1006.305 
5 1149.120 
5 1549.420 
5 1099.623 
5 1655.535 
5 1578.512 
5 949.535 
5 1100.279 
5 1667.919 
5 1223.385 
5 1104.795 
5 1118.409 
5 975.639 
5 2204.456 
5 1308.847 
5 1141.107 
5 1824.223 
5 1406.213 
4 1914.082 
5 1000.701 
5 1766.777 
5 1340.599 
4 1046.887 
4 1181.339 
5 1414.930 
5 1431.429 
5 1597.506 
5 1220.401 
5 1125.511 
5 1415.230 
4 1594.628 
5 962.397 
5 1317.076 
5 873.900 
5 1471.683 
5 1259.349 
5 1007.365 
5 1235.899 
5 1579.469 
4 1235.559 
4 1072.756 
5 2302.678 
5 910.046 
5 1772.191 
5 1692.344 
5 1026.057 
5 1350.052 
5 883.590 
5 1658.577 
5 1830.313 
5 1267.377 
5 1205.135 
5 1253.880 
5 1021.440 
5 901.737 
5 1506.908 
5 1061.348 
5 1177.229 
5 1467.647 
5 1285.557 
5 1802.140 
5 1474.639 
5 983.495 
5 1126.521 
4 1153.605 
5 1221.077 
5 1214.839 
5 1248.089 
5 1069.667 
5 941.708 
5 1364.394 
5 1198.199 
5 1259.776 
5 1387.754 
5 1387.344 
5 1467.522 
5 1226.246 
5 1504.408 
5 1167.016 
5 1015.639 
5 986.410 
4 934.696 
5 953.312 
5 1400.839 
4 808.443 
5 1163.065 
5 1174.163 
5 1298.629 
5 1059.145 
5 1540.404 
5 1139.541 
5 1831.637 
4 1161.319 
5 1245.178 
5 1049.533 
5 1211.403 
5 1129.955 
5 2337.718 
5 1477.546 
4 1260.612 
4 951.957 
4 1046.579 
5 1891.659 
5 985.880 
4 880.434 
5 1496.822 
5 1111.616 
5 1257.697 
4 1041.739 
4 1008.497 
5 1442.574 
5 1328.704 
4 1339.168 
5 1538.098 
5 1459.189 
4 1019.833 
5 1148.491 
5 2095.139 
4 1420.114 
5 1471.559 
5 1508.664 
5 1173.365 
5 1526.269 
5 806.610 
5 2519.699 
5 806.387 
5 1671.693 
5 1164.719 
5 1178.445 
5 1657.045 
5 1186.521 
5 977.830 
5 1966.271 
5 1367.746 
4 1165.077 
5 1341.720 
5 963.635 
5 1063.083 
4 1312.941 
5 1126.033 
5 1159.167 
5 1208.534 
4 1315.985 
5 1059.997 
5 1058.802 
5 1114.902 
5 1270.289 
5 1373.612 
4 1099.483 
5 772.178 
5 1147.609 
5 1479.212 
5 1196.085 
5 1652.190 
4 1916.669 
5 1645.423 
5 1471.871 
5 2323.658 
5 1216.084 
5 1356.490 
5 1470.406 
4 1107.414 
5 818.765 
5 1414.207 
5 977.030 
5 1220.698 
5 1102.795 
5 1331.729 
5 1585.509 
4 1260.325 
5 1006.799 
5 1614.047 
5 2253.881 
5 1226.126 
5 1157.624 
5 1931.980 
5 1235.081 
5 986.019 
5 1260.639 
4 780.102 
4 1278.259 
5 874.241 
5 1061.931 
5 1039.805 
5 1073.593 
4 1023.474 
5 694.061 
5 953.059 
4 1150.103 
5 1181.273 
5 1655.472 
4 2000.068 
5 1283.085 
5 1524.290 
4 961.382 
5 1343.223 
4 1078.213 
5 1177.265 
5 1547.908 
5 1056.565 
5 1211.660 
5 1131.336 
4 1265.438 
4 983.563 
5 931.501 
5 1131.756 
5 1660.633 
5 937.474 
5 2383.476 
5 965.821 
5 1591.400 
5 2129.358 
5 1068.466 
5 2003.775 
5 1367.841 
5 1367.380 
5 1429.564 
5 1393.296 
5 1265.548 
5 1373.130 
5 1232.003 
5 1142.795 
5 1375.579 
5 1232.169 
5 1090.854 
5 1017.226 
5 878.326 
5 1455.659 
5 1386.441 
5 1035.161 
5 1489.585 
5 1546.950 
4 1362.291 
5 850.153 
5 1146.409 
5 1026.055 
5 1105.330 
5 1131.082 
5 1096.240 
5 692.211 
5 1704.767 
5 1010.438 
5 1092.966 
4 947.433 
5 1682.611 
5 1102.068 
5 1108.655 
5 1006.858 
5 934.253 
5 1098.016 
5 1186.077 
5 1538.341 
4 1198.820 
4 1118.615 
5 981.483 
5 1353.564 
5 1101.513 
5 1447.594 
5 1160.884 
5 1564.495 
5 1144.822 
5 1277.382 
5 859.386 
4 1116.350 
5 1515.936 
5 1004.274 
5 1806.886 
5 1120.849 
5 1379.123 
5 1668.634 
5 2228.579 
5 1758.645 
5 1199.691 
5 1265.387 
5 990.733 
5 1230.446 
5 980.094 
5 1878.297 
5 1479.957 
5 1513.050 
5 1056.284 
5 1159.708 
5 1298.997 
5 2149.998 
5 1960.325 
5 1075.107 
5 1267.988 
5 1400.848 
5 1498.788 
5 1451.683 
5 1034.108 
5 1466.234 
5 1299.145 
5 1067.787 
5 890.315 
5 1045.326 
5 962.859 
4 1375.906 
4 1213.960 
5 1602.902 
5 1200.921 
5 1261.228 
5 1187.000 
5 1275.394 
5 1048.080 
4 1756.270 
5 937.545 
5 1311.685 
5 1099.406 
5 1163.023 
5 865.783 
5 1307.403 
5 777.011 
5 1075.029 
5 1100.729 
5 1476.836 
5 978.914 
5 1438.198 
5 1221.062 
4 1478.070 
5 1234.650 
5 993.447 
5 1530.711 
5 1083.464 
5 1416.710 
5 1375.275 
5 1297.088 
5 1129.211 
5 2447.177 
5 1958.156 
5 1062.968 
5 1959.602 
5 1138.981 
5 1986.031 
5 1407.557 
5 797.406 
5 873.954 
5 1658.212 
5 1200.134 
5 1449.094 
5 1211.379 
5 1288.069 
5 1128.672 
5 1555.612 
5 1101.967 
5 1516.329 
5 1309.596 
5 857.557 
5 962.638 
5 986.000 
5 990.620 
5 1292.323 
5 1695.460 
5 1684.658 
5 1212.390 
5 943.434 
5 1051.031 
4 1054.334 
4 1037.144 
5 1033.333 
5 1699.090 
5 1380.856 
4 1055.409 
5 1722.393 
5 1332.180 
5 1198.163 
5 990.237 
5 968.790 
5 1080.827 
5 1025.447 
5 1039.551 
5 1145.443 
5 1371.307 
5 1054.127 
4 1365.151 
5 1801.502 
5 709.797 
5 832.628 
5 1145.242 
5 975.584 
5 1689.820 
5 1141.010 
5 1320.241 
5 955.575 
5 1167.608 
5 988.698 
5 2131.100 
5 1169.797 
5 1667.953 
4 886.860 
5 1353.575 
5 1431.530 
5 917.533 
4 1028.023 
5 1155.716 
5 1112.986 
5 1060.010 
5 1286.672 
5 1111.944 
5 1432.087 
5 1135.624 
5 1089.206 
5 1865.191 
5 1179.836 
5 1312.202 
5 1335.683 
5 841.274 
4 1114.845 
5 1202.165 
5 1584.799 
5 1642.762 
5 1271.608 
4 858.399 
5 1117.969 
5 1335.527 
5 1535.272 
5 1000.848 
5 1411.099 
5 755.186 
5 1216.475 
4 1363.915 
4 1506.337 
4 751.523 
4 871.302 
5 1224.990 
5 1343.387 
5 1215.912 
5 1416.780 
5 945.310 
5 1304.576 
5 1131.891 
4 866.505 
4 1942.848 
5 1346.121 
5 1093.770 
5 1143.922 
5 1569.808 
5 716.644 
5 1161.782 
5 1295.603 
5 1285.534 
5 814.614 
4 1155.181 
5 972.666 
5 945.220 
5 1062.270 
5 873.734 
5 1476.318 
4 1030.536 
5 1850.599 
5 1345.303 
5 1332.727 
5 1061.400 
4 983.155 
5 979.445 
5 963.538 
5 823.452 
5 1130.350 
5 1825.114 
4 1119.754 
4 888.321 
5 1306.924 
4 1224.517 
5 1474.709 
4 757.271 
5 1692.313 
5 1006.956 
5 1080.692 
5 1192.296 
5 1355.000 
5 1377.403 
5 1294.761 
5 1725.259 
5 1079.580 
5 1381.553 
5 856.165 
5 1553.769 
4 1184.439 
5 1412.071 
5 1247.257 
5 1106.932 
5 1124.984 
5 1362.501 
5 1328.438 
4 1174.390 
5 1137.319 
5 1653.235 
5 1839.046 
5 855.999 
5 1131.550 
5 1111.678 
5 1155.445 
5 1291.755 
5 1350.696 
5 1268.361 
4 969.912 
5 1185.711 
5 1389.777 
5 2028.217 
5 1049.215 
5 1093.328 
5 1185.754 
5 1061.769 
5 1062.274 
5 765.294 
5 1174.032 
5 1295.616 
5 1570.421 
5 1415.404 
5 1449.359 
5 1136.512 
5 1072.932 
5 1223.035 
5 1250.354 
5 1309.337 
5 1496.316 
5 1242.273 
5 1406.576 
5 913.256 
5 1360.051 
5 1200.992 
5 1345.231 
5 1227.622 
5 899.630 
5 1130.868 
5 1570.054 
5 1227.672 
5 782.948 
4 1026.173 
5 1449.487 
5 1554.383 
5 1097.921 
5 1039.548 
5 1486.004 
5 1472.637 
4 2228.958 
5 1725.900 
5 1120.530 
5 1013.728 
5 1301.946 
5 1311.477 
4 1289.282 
5 1656.572 
5 1052.035 
5 856.717 
5 1418.810 
5 1347.156 
4 1066.674 
5 1117.947 
5 1461.504 
5 1004.038 
5 1227.184 
4 812.574 
5 1293.633 
5 971.343 
5 1046.499 
5 1092.919 
5 1508.273 
5 1466.457 
5 1153.072 
5 1135.906 
5 892.909 
5 1380.734 
5 1039.395 
4 1072.414 
4 1930.224 
5 893.521 
5 1385.032 
5 908.569 
5 995.201 
5 1467.914 
5 1222.832 
5 966.124 
5 1965.379 
5 1542.590 
5 1279.917 
5 1220.893 
5 959.567 
5 1094.149 
5 1089.117 
5 1258.084 
5 1728.911 
5 1895.308 
5 1073.097 
5 1802.913 
5 1111.310 
4 878.765 
5 1439.201 
5 1219.600 
5 1129.925 
5 1477.469 
5 1426.982 
5 1255.084 
5 1157.556 
5 1007.337 
5 1976.898 
5 1018.406 
5 1242.820 
5 1015.667 
5 1181.490 
5 726.693 
5 985.821 
5 1679.055 
5 1256.925 
5 1460.316 
5 935.359 
5 1155.044 
4 2186.858 
5 1124.682 
5 921.737 
4 678.616 
4 620.474 
5 1186.967 
5 1056.308 
5 848.620 
5 1112.723 
5 1157.029 
4 1144.961 
4 967.485 
5 2621.061 
5 1799.200 
5 1887.988 
5 1172.095 
5 1541.907 
4 1824.800 
5 1087.151 
5 1145.893 
5 1029.299 
5 1831.092 
5 1164.157 
5 839.297 
5 1138.030 
5 1725.609 
5 1324.633 
5 1169.109 
5 1185.495 
5 944.565 
5 1485.837 
5 1110.118 
4 851.145 
5 1233.011 
5 676.776 
5 1445.885 
5 2349.360 
5 1631.244 
5 1307.325 
5 941.837 
5 1001.838 
5 1603.370 
5 1013.999 
5 768.438 
5 1075.643 
5 1601.667 
5 1084.068 
5 1238.224 
4 826.898 
5 1162.545 
5 1219.529 
5 909.423 
5 1345.879 
5 1661.931 
5 1386.799 
5 1272.640 
5 1091.032 
4 1452.025 
4 1117.356 
5 1183.046 
5 1063.179 
5 1173.144 
5 1210.113 
4 1147.338 
4 992.193 
5 1209.458 
5 1163.982 
5 1019.999 
5 1196.501 
5 1315.312 
5 876.016 
5 1006.744 
4 1043.923 
5 1945.261 
5 920.403 
5 1161.731 
5 1370.950 
5 1245.984 
5 1023.212 
5 1251.187 
5 1155.339 
5 1180.177 
5 935.963 
5 1284.117 
5 1272.339 
5 908.331 
5 1153.152 
5 753.987 
5 1209.903 
5 1169.406 
5 1201.743 
4 761.115 
5 1392.368 
4 1359.065 
5 1246.070 
5 1222.931 
5 1888.231 
5 1264.761 
5 1366.680 
5 2368.537 
5 1608.549 
5 982.883 
5 1114.163 
5 1804.030 
5 1736.109 
5 1316.938 
5 1642.251 
5 1045.568 
5 1105.088 
4 1606.205 
5 1685.042 
5 987.133 
5 1321.756 
5 1399.725 
4 1039.659 
5 1249.347 
5 1746.027 
5 1103.690 
5 1298.685 
4 1206.780 
5 1388.922 
5 1110.169 
5 1111.501 
5 1162.053 
5 1602.982 
5 1074.202 
5 969.501 
5 939.913 
5 1146.854 
5 1707.650 
5 894.291 
4 1326.236 
5 1296.119 
4 1284.053 
5 945.000 
5 1321.639 
5 1344.092 
5 1111.668 
4 998.837 
5 1211.780 
5 1019.277 
5 1090.881 
5 1318.814 
5 1107.522 
5 962.859 
4 1093.005 
5 1019.470 
4 1070.776 
5 1425.796 
5 892.042 
4 1177.887 
5 1194.568 
5 1201.507 
5 807.888 
5 1518.044 
5 1899.876 
5 1243.355 
5 1784.158 
4 1043.987 
5 1070.024 
5 1056.133 
5 1530.437 
5 984.287 
5 1029.393 
5 1074.718 
5 961.661 
5 808.131 
5 810.955 
5 750.210 
5 1547.151 
4 955.175 
5 894.308 
5 1546.041 
5 1271.486 
5 823.864 
4 1485.916 
5 1554.370 
5 1202.409 
4 1035.013 
5 1179.694 
5 1585.016 
5 1038.436 
5 1267.403 
5 1750.747 
5 1594.105 
5 1636.425 
5 1559.733 
5 1397.908 
5 1253.382 
5 1302.819 
5 1403.803 
5 944.910 
5 1216.173 
4 1377.316 
5 1770.542 
5 1081.864 
5 872.902 
5 1570.441 
4 965.393 
5 1207.327 
5 1461.891 
5 1501.757 
5 1322.968 
4 1307.130 
5 1325.884 
5 1363.860 
5 1348.584 
5 976.076 
5 1103.854 
5 1889.410 
5 1511.809 
5 984.832 
4 1028.093 
5 1295.083 
4 1122.964 
5 1048.987 
5 1388.365 
5 997.716 
5 1179.028 
5 1302.038 
5 1150.055 
5 913.189 
5 1067.472 
5 1162.434 
5 2109.648 
5 1954.027 
5 1976.912 
5 1355.594 
5 1427.046 
4 1082.483 
5 1050.006 
5 1536.005 
4 1276.541 
5 875.293 
5 1062.496 
5 1096.880 
5 1178.332 
5 1297.976 
5 1762.337 
5 985.811 
5 1242.501 
5 1186.478 
4 762.608 
5 1291.486 
4 1419.788 
4 1439.100 
5 790.703 
5 1040.753 
5 889.234 
4 1167.863 
4 1552.554 
5 1201.936 
5 1411.782 
5 1317.982 
5 1233.105 
5 1535.828 
5 1894.409 
5 1390.350 
4 1342.279 
5 942.947 
5 1144.478 
5 1578.880 
5 1099.701 
5 1207.687 
5 896.266 
5 1027.214 
5 1314.187 
5 1428.244 
5 1196.423 
4 1123.232 
5 1957.478 
5 969.544 
5 1231.876 
5 1209.839 
5 1157.632 
5 978.739 
5 1133.747 
4 1743.707 
5 1777.170 
4 1071.057 
5 1172.326 
5 1149.182 
5 932.157 
5 1031.316 
4 844.672 
5 1289.369 
5 2647.027 
5 1420.476 
5 1655.545 
5 1069.498 
5 1674.678 
5 1123.171 
4 1167.489 
5 1076.953 
5 874.347 
4 1740.796 
4 947.661 
5 1152.895 
5 1760.015 
5 995.880 
5 1333.316 
5 1586.342 
5 1216.718 
5 1065.624 
4 884.788 
5 801.081 
5 1174.884 
5 1072.633 
5 1025.664 
5 1471.015 
5 2050.148 
5 1091.014 
5 1054.511 
5 1216.717 
5 1342.659 
5 1314.118 
5 1753.002 
5 1046.472 
5 906.476 
4 846.801 
4 1240.379 
5 1626.468 
4 654.610 
5 1020.345 
5 1227.854 
5 1311.183 
5 1323.783 
5 1367.328 
5 1227.496 
5 1270.402 
5 1253.461 
5 1145.023 
4 1215.672 
5 1566.740 
5 1240.368 
5 1716.932 
5 1927.626 
5 1119.322 
5 1311.987 
4 921.023 
4 1362.344 
5 1291.955 
5 937.651 
5 2174.240 
5 1049.089 
5 1321.875 
5 1005.115 
5 911.165 
5 1302.145 
5 1202.162 
5 1148.952 
5 1108.509 
5 1077.771 
5 1834.089 
4 1132.215 
5 1076.968 
5 1813.830 
5 1026.725 
5 1343.800 
5 893.531 
5 2630.636 
5 1144.356 
5 1149.435 
5 1791.421 
5 1042.350 
5 1233.243 
5 1148.137 
4 1051.512 
5 982.842 
5 961.578 
5 1042.338 
5 1126.478 
5 1637.081 
5 2254.599 
5 1259.701 
5 1399.735 
5 1160.888 
5 1059.092 
5 1128.955 
5 1290.864 
5 1181.767 
5 900.461 
4 1046.333 
4 815.594 
5 1966.562 
5 1049.764 
5 1213.352 
5 1157.735 
5 1148.224 
5 902.441 
5 1041.473 
5 1048.041 
5 955.190 
5 1087.584 
5 1071.684 
5 1131.465 
5 1287.705 
5 1245.304 
5 1137.887 
5 1737.773 
4 1282.964 
5 1298.443 
5 1017.641 
4 833.389 
5 1780.012 
5 1462.341 
5 1045.211 
5 930.893 
5 1016.158 
5 867.407 
5 979.940 
5 1238.372 
5 1565.507 
5 1405.352 
5 1007.207 
5 1606.437 
5 914.067 
4 1364.748 
5 1595.778 
5 1314.585 
5 1601.461 
4 1162.450 
5 843.930 
5 1356.086 
4 980.082 
5 1444.051 
4 1072.959 
5 1424.835 
5 888.530 
4 1398.545 
5 1036.917 
5 1198.960 
5 1294.052 
5 1297.097 
5 1287.802 
5 1028.918 
5 1337.928 
5 911.422 
5 1058.465 
5 1163.414 
5 872.332 
5 1102.263 
5 1245.780 
4 1006.828 
5 1296.849 
5 1172.806 
5 1402.792 
5 932.582 
5 894.093 
5 1335.236 
5 1670.750 
5 1373.554 
4 1182.637 
4 1115.868 
5 929.906 
5 967.768 
4 1179.230 
5 1050.735 
5 915.894 
5 1252.826 
5 1281.556 
5 1147.886 
5 1106.504 
5 1431.212 
5 1093.716 
5 1807.657 
5 1318.240 
5 1710.327 
5 1259.686 
5 985.180 
5 1286.180 
4 943.119 
5 1260.815 
5 975.510 
5 1139.575 
5 1471.432 
5 1116.190 
5 997.907 
5 1090.195 
5 1461.698 
5 965.432 
5 1038.209 
5 975.863 
5 909.425 
5 1838.515 
4 1168.645 
5 1775.470 
5 894.298 
4 1352.787 
4 997.395 
5 1765.968 
5 1287.419 
5 1107.309 
5 1924.026 
5 1150.860 
5 1418.309 
5 1302.269 
4 936.439 
4 2289.047 
5 1350.035 
5 1746.831 
5 1471.007 
5 1303.203 
4 1493.429 
5 1126.392 
5 1332.549 
5 1131.754 
5 1585.539 
5 1842.854 
5 773.590 
5 834.857 
5 1024.270 
5 1352.542 
5 1398.439 
5 1066.536 
5 1077.028 
5 968.122 
5 1837.728 
5 857.939 
5 1041.522 
5 1381.875 
5 2405.858 
5 980.769 
5 1075.621 
5 1147.882 
5 1154.221 
5 1409.539 
5 1387.989 
4 1411.872 
4 1334.326 
5 1074.823 
5 884.886 
5 1302.690 
5 1113.286 
5 1002.654 
5 1209.834 
5 1477.257 
5 1455.656 
5 1126.902 
5 983.334 
5 1335.620 
4 819.044 
5 1159.684 
5 1214.793 
5 1116.689 
5 1011.333 
5 840.441 
5 1284.454 
5 1084.714 
5 1126.832 
5 1460.709 
5 1517.406 
4 1703.464 
5 1077.519 
5 1111.905 
4 1050.167 
4 1882.331 
5 1900.409 
5 854.688 
5 2051.951 
5 1194.909 
4 1126.208 
5 976.179 
5 1071.075 
4 1622.418 
5 1124.822 
5 1208.321 
5 836.373 
5 1705.552 
5 1136.414 
5 1023.517 
5 1041.608 
4 773.214 
5 1253.901 
5 1202.280 
5 1497.771 
5 1506.412 
5 1538.778 
5 1027.088 
5 1251.144 
5 1136.719 
4 1753.105 
5 1547.905 
5 1000.662 
5 1097.351 
5 1077.377 
4 1353.788 
5 1287.694 
5 1043.153 
5 976.967 
4 1086.167 
5 1125.113 
5 1165.722 
5 1734.403 
5 953.682 
5 1107.335 
5 820.172 
5 945.132 
5 1471.647 
5 1186.143 
5 1423.814 
5 1348.901 
4 660.798 
5 1046.548 
5 1122.650 
5 1301.614 
5 1489.464 
5 1236.910 
5 1562.424 
5 1869.620 
5 1505.895 
5 913.962 
5 1239.103 
5 1418.626 
5 1695.555 
5 1061.301 
5 1254.741 
5 1397.261 
5 1176.223 
5 2078.649 
5 1434.611 
5 1401.992 
5 1179.865 
5 1673.659 
5 1306.732 
5 857.418 
5 850.693 
5 1196.651 
4 2004.509 
5 1281.942 
5 1030.200 
5 1033.073 
5 1145.404 
5 787.279 
5 904.485 
5 1219.271 
5 1120.253 
5 994.034 
5 1178.040 
5 1121.896 
5 1126.079 
5 1692.393 
5 1556.060 
5 1427.932 
5 1199.038 
5 1551.621 
5 1188.981 
4 2146.044 
5 1353.030 
5 1478.894 
4 892.379 
5 1416.599 
5 704.985 
5 1231.787 
5 1154.809 
5 1294.496 
4 1050.266 
5 940.702 
5 1289.815 
5 862.308 
5 852.462 
5 1726.046 
5 1297.773 
5 982.787 
5 1641.975 
4 1388.657 
5 1164.368 
5 1423.651 
4 1285.518 
5 1533.793 
4 1254.210 
5 1511.088 
5 965.579 
5 1039.231 
5 1102.958 
5 969.809 
5 1618.346 
5 1216.029 
4 1265.750 
5 984.915 
5 1236.495 
5 1173.350 
5 962.419 
5 1324.091 
5 1319.098 
5 1592.651 
4 1355.921 
5 1164.364 
5 1794.176 
5 929.296 
5 1222.140 
5 1415.916 
5 1022.982 
5 1230.097 
5 1161.755 
5 1478.929 
5 946.813 
5 1505.008 
5 1230.238 
5 882.432 
5 1057.323 
5 1214.642 
5 787.038 
5 1203.249 
5 1288.861 
5 1438.943 
5 1058.322 
5 1367.057 
5 1065.497 
5 1492.077 
5 1022.746 
5 1775.500 
5 1380.664 
4 1338.716 
5 1193.651 
5 1179.142 
5 1579.897 
5 1098.173 
4 1352.317 
5 982.975 
5 1326.361 
5 1424.139 
5 1229.833 
5 831.432 
5 1805.598 
5 1367.263 
5 857.002 
5 913.359 
5 1471.572 
5 988.302 
5 1109.164 
5 1359.900 
5 1131.945 
5 1120.875 
5 1226.952 
5 1757.152 
4 1639.406 
4 1255.917 
5 1291.565 
5 1187.308 
5 1342.700 
5 1346.659 
4 2018.022 
5 668.729 
5 1143.168 
5 1373.104 
4 1406.999 
5 1279.559 
4 1242.628 
4 841.119 
5 1235.568 
4 1106.295 
5 1166.299 
4 1002.232 
5 1224.630 
4 666.480 
5 1062.608 
5 1145.361 
5 1331.855 
4 1189.854 
5 1232.405 
4 1847.323 
5 1443.090 
5 1149.990 
5 971.949 
5 1753.241 
5 1026.392 
5 1806.881 
4 1136.803 
5 911.332 
5 1230.852 
5 1296.256 
4 941.631 
5 1159.122 
5 1276.131 
4 1078.809 
5 1324.955 
5 1350.374 
5 1313.545 
5 1383.449 
5 1623.068 
5 1181.160 
5 1598.245 
5 1154.319 
5 1339.009 
5 1264.780 
5 1142.882 
5 1422.093 
5 1529.531 
5 1419.525 
5 905.526 
5 1108.983 
5 1281.578 
5 799.961 
5 1374.399 
5 1218.148 
5 1373.192 
4 2017.120 
5 1024.513 
4 1888.633 
5 838.400 
5 1465.927 
5 1187.177 
5 1093.957 
5 792.132 
5 2187.430 
5 1148.599 
5 1240.402 
5 1027.191 
4 1276.764 
5 660.950 
5 1295.858 
5 909.256 
4 1039.624 
5 1268.657 
5 1417.083 
4 1264.791 
5 1206.879 
5 1097.728 
5 1245.704 
5 1492.578 
5 1128.963 
5 845.000 
5 1127.715 
5 1561.296 
5 917.119 
5 1355.348 
5 1415.222 
5 1038.399 
5 1016.348 
5 1042.165 
5 863.441 
4 2177.505 
5 1637.715 
5 1180.605 
4 1056.109 
5 1241.740 
5 970.038 
5 948.453 
5 1029.924 
5 1192.455 
5 1411.092 
4 1235.986 
5 1324.562 
5 1500.930 
5 1617.902 
5 1061.104 
5 756.089 
5 1462.429 
5 1194.802 
5 1262.149 
5 1305.370 
5 1497.826 
5 1652.121 
5 1175.021 
5 984.899 
5 1262.332 
5 1064.564 
5 1746.932 
5 1122.749 
4 790.065 
5 864.193 
4 1343.002 
5 1522.747 
5 1197.204 
4 1924.114 
5 1113.619 
4 813.413 
5 1088.807 
5 1217.500 
5 1067.531 
5 1180.211 
5 1192.843 
5 1231.737 
5 1379.480 
5 1390.100 
5 1175.170 
5 1016.660 
5 1094.587 
5 1073.520 
5 2452.719 
5 1320.441 
4 1198.761 
5 1101.037 
5 1204.336 
5 1322.314 
4 925.225 
5 1494.880 
4 1707.571 
5 1033.989 
4 875.314 
5 1587.703 
5 1241.710 
4 1525.579 
5 1307.144 
5 1964.526 
5 1486.629 
5 1268.814 
5 1518.792 
5 1673.713 
5 1376.300 
5 1468.360 
5 1179.400 
5 1480.997 
5 1277.187 
5 1126.084 
5 851.734 
5 794.105 
5 1413.992 
5 1249.132 
5 1141.266 
5 1558.524 
5 1518.125 
5 1818.045 
5 1232.879 
5 1301.847 
5 1220.073 
5 1132.863 
5 1219.873 
5 1181.767 
5 992.343 
5 1553.757 
4 1086.580 
5 1076.508 
4 1022.454 
5 1436.845 
5 1042.358 
5 1791.078 
5 1240.966 
5 1113.624 
5 1350.594 
5 1742.470 
5 1224.147 
5 1545.222 
4 1137.660 
5 864.800 
5 1254.801 
5 1461.693 
5 912.879 
4 1281.027 
5 1008.028 
5 1077.932 
5 1366.010 
5 838.183 
5 1093.688 
5 1249.626 
5 1360.668 
5 1040.693 
5 722.523 
5 977.927 
5 1351.158 
4 1644.085 
5 1141.546 
5 926.056 
5 1279.113 
5 1214.310 
5 1276.351 
4 1000.177 
5 979.941 
5 1233.092 
5 743.110 
4 1133.584 
5 1111.235 
5 1275.363 
4 658.125 
5 2001.362 
4 1136.927 
4 1303.984 
5 1435.047 
5 1859.002 
5 1262.631 
5 1418.092 
4 759.396 
5 1033.040 
5 1055.162 
5 1361.240 
5 1454.025 
5 1128.030 
5 1236.583 
5 1052.229 
5 1322.719 
5 935.045 
4 670.209 
5 1572.552 
5 1420.276 
5 1169.324 
5 1263.704 
5 1637.547 
5 1216.999 
5 1600.895 
4 1074.349 
5 1625.248 
5 1093.734 
5 1550.301 
5 860.883 
5 865.185 
5 1447.989 
5 1189.514 
5 1100.767 
5 1819.850 
5 1485.942 
5 807.102 
4 1554.353 
5 1033.605 
5 1688.098 
5 1837.444 
5 1051.350 
5 973.306 
5 1170.272 
5 1241.921 
5 1410.111 
5 1196.626 
5 1153.416 
5 1102.162 
5 1439.095 
5 999.383 
5 927.903 
5 837.289 
4 1229.336 
5 1060.288 
5 987.393 
5 1158.476 
5 1393.474 
4 1668.697 
4 685.934 
5 1151.229 
5 1089.387 
5 1330.262 
5 1183.826 
4 780.483 
5 1202.010 
4 908.178 
5 1641.179 
5 1486.760 
5 1588.866 
5 926.707 
5 1148.679 
5 1487.161 
5 1013.209 
5 1246.661 
5 2388.178 
5 998.296 
5 1109.574 
5 1104.060 
5 1605.230 
4 1053.498 
5 1393.794 
5 1170.889 
4 2290.250 
5 1153.872 
4 1151.292 
4 1133.840 
5 958.765 
5 1065.389 
5 738.680 
5 1374.713 
5 1026.628 
5 1580.335 
4 1474.362 
5 1025.604 
5 980.419 
5 1339.381 
5 1037.133 
5 1647.801 
5 1496.184 
4 1184.979 
5 1248.114 
5 1525.699 
5 1247.050 
5 1058.609 
5 1122.833 
5 1446.917 
4 1097.611 
5 1034.750 
5 1519.066 
5 953.895 
4 1156.227 
5 834.615 
4 1068.016 
5 1191.233 
5 1338.227 
5 1139.589 
5 1513.411 
4 1040.831 
4 1307.015 
5 677.626 
5 1014.251 
4 1057.301 
5 834.995 
5 1636.942 
5 1362.305 
5 1281.471 
5 1013.979 
5 1547.632 
5 1217.748 
5 1132.434 
5 1135.122 
5 1455.362 
5 1325.981 
5 1049.677 
4 1134.195 
5 997.427 
5 2428.735 
5 1322.097 
5 971.993 
5 1298.898 
5 1146.712 
4 979.944 
5 1397.040 
5 1435.507 
5 1428.102 
5 1162.861 
5 1068.793 
5 1476.112 
5 1232.977 
5 1093.432 
5 1439.061 
5 1234.455 
5 2812.736 
5 1100.078 
5 2294.583 
5 1584.069 
5 940.546 
5 1066.423 
5 1639.737 
5 831.432 
4 959.867 
5 1018.346 
5 922.381 
5 1132.796 
4 1257.011 
4 916.856 
4 1289.365 
5 1289.345 
4 907.537 
5 1351.363 
5 876.784 
5 1840.306 
5 983.325 
5 945.881 
5 1354.538 
5 915.151 
4 985.113 
5 933.193 
5 1617.152 
5 1644.039 
5 1727.840 
5 1096.769 
5 1285.632 
5 1078.663 
5 1405.321 
5 1225.963 
5 1064.769 
5 1271.036 
5 1442.529 
5 1007.818 
5 1262.889 
5 842.577 
5 839.318 
5 1205.545 
5 1362.696 
5 1029.028 
5 1444.284 
5 790.847 
5 1330.465 
4 1217.717 
5 853.756 
5 914.552 
5 1336.360 
5 1043.098 
5 1443.509 
5 1027.901 
5 942.237 
5 1755.964 
5 1460.045 
4 1659.032 
5 1208.163 
5 1290.632 
5 1873.905 
5 1075.274 
5 1828.861 
5 1020.850 
4 1070.178 
4 1834.130 
5 1123.933 
5 917.316 
5 753.765 
5 1779.612 
5 1071.860 
5 1867.217 
5 1162.741 
5 926.362 
5 1161.474 
5 1126.087 
5 1052.627 
5 1268.945 
5 945.280 
5 1522.425 
5 1365.585 
5 1550.662 
4 674.800 
5 893.552 
5 1233.777 
5 1430.765 
5 1773.635 
5 958.472 
5 1429.537 
5 1090.222 
5 1050.394 
5 1135.892 
5 1356.162 
5 1264.317 
5 1074.875 
5 1077.323 
5 1102.331 
5 1238.741 
5 1243.943 
5 1318.516 
5 1095.494 
5 1258.232 
5 1153.248 
5 1226.151 
5 1104.029 
5 1221.828 
5 1000.144 
5 1680.805 
4 885.638 
5 999.070 
4 821.082 
5 1544.944 
5 1530.843 
5 1425.052 
5 1209.830 
5 1104.052 
5 1451.755 
5 1331.555 
5 1463.286 
5 2164.453 
5 980.248 
5 1363.499 
5 1757.883 
5 1025.713 
5 1473.963 
5 1114.140 
5 1223.188 
5 1626.625 
5 1605.046 
5 1168.032 
5 1346.834 
4 2221.888 
5 1058.025 
5 879.201 
5 1260.407 
5 1368.809 
5 1492.720 
5 1196.795 
4 916.796 
5 989.468 
5 957.923 
5 744.945 
5 1174.586 
5 1105.750 
5 857.939 
5 1090.931 
5 1509.289 
5 1248.859 
5 1332.776 
5 1211.229 
5 1558.593 
5 2101.059 
5 1153.618 
4 1899.276 
5 1254.875 
5 1120.171 
5 1208.696 
5 917.111 
5 832.247 
5 1686.039 
5 1110.155 
5 1579.307 
5 2302.685 
5 1194.999 
5 1192.889 
4 1018.860 
5 1159.811 
4 1847.679 
4 1094.282 
5 1127.211 
4 859.174 
5 1124.426 
5 1221.211 
5 1116.043 
5 1406.057 
5 1467.409 
5 1616.644 
5 1179.885 
5 1493.699 
5 1646.026 
4 1379.732 
4 1041.527 
5 1291.865 
5 1726.785 
5 1011.898 
5 1348.357 
5 1218.092 
5 1184.826 
5 999.259 
5 1033.014 
5 1039.531 
4 1082.191 
5 1033.994 
5 1255.887 
5 1128.597 
5 1122.342 
5 1499.005 
4 1294.323 
5 1330.239 
5 1911.947 
5 1029.163 
4 1595.079 
5 1423.390 
4 1341.528 
5 979.141 
5 1063.166 
5 1598.574 
5 1161.944 
5 1984.687 
5 1457.107 
4 987.166 
5 1307.061 
5 1889.156 
4 1356.319 
4 662.537 
4 1000.770 
5 1089.245 
5 1248.286 
4 1101.819 
5 937.530 
5 1183.868 
5 971.822 
5 1173.377 
5 1301.675 
5 1172.593 
5 1479.427 
5 1670.124 
5 799.673 
5 1361.756 
5 927.791 
5 1045.966 
5 2053.865 
5 946.167 
5 1116.998 
5 1022.681 
5 1597.005 
5 1073.729 
4 892.964 
4 1890.573 
4 1627.110 
5 1228.712 
5 884.203 
4 1517.682 
4 954.053 
4 1135.709 
5 1244.533 
5 1104.648 
4 1173.276 
5 1120.877 
5 1462.769 
5 1115.737 
5 1088.729 
5 1215.644 
4 957.825 
5 1276.082 
5 1799.344 
5 998.932 
5 1288.358 
5 1776.757 
5 1271.715 
5 1381.305 
5 937.850 
5 1005.060 
5 1152.233 
4 1360.804 
5 1100.923 
5 1343.443 
5 1118.165 
4 1813.778 
5 1429.915 
5 794.997 
5 1143.745 
5 867.463 
5 1361.876 
5 896.833 
5 1376.812 
5 1717.374 
5 858.073 
4 1289.636 
5 1176.083 
5 1200.093 
5 1164.643 
5 899.876 
4 1567.667 
5 1209.946 
5 1095.455 
5 1199.412 
4 1365.384 
5 1740.689 
5 1148.432 
5 1977.799 
5 1161.010 
5 962.479 
5 1156.642 
5 1890.955 
5 1083.560 
5 1025.632 
5 1539.349 
5 1241.678 
5 1643.032 
5 982.120 
5 1317.953 
5 1333.891 
5 1427.947 
5 1252.649 
5 1607.928 
5 1358.868 
5 1417.712 
5 1402.574 
5 1972.328 
5 719.795 
5 1185.259 
5 1003.244 
5 1864.744 
5 1134.794 
5 1006.658 
5 1223.945 
5 1317.549 
5 1067.257 
5 1589.822 
4 812.180 
5 1039.060 
5 858.807 
4 1343.209 
5 1581.826 
4 1226.025 
5 1180.634 
5 1380.536 
5 1234.615 
5 2229.910 
5 1242.291 
4 1416.646 
5 1462.553 
5 1072.514 
5 1354.884 
5 1302.353 
5 1048.465 
4 890.840 
4 1139.925 
5 1507.083 
5 2045.285 
5 1182.292 
4 983.941 
5 1732.049 
5 1409.170 
5 1282.583 
5 1151.040 
5 1079.792 
5 1227.334 
5 1613.733 
5 967.330 
5 1232.342 
5 1674.809 
5 987.343 
5 1327.070 
4 685.616 
4 1145.916 
5 1778.265 
5 1715.255 
5 1109.075 
5 984.487 
5 1223.066 
5 1415.500 
5 1044.896 
5 964.783 
5 1219.813 
4 969.131 
4 1082.511 
5 1177.536 
5 1158.136 
5 889.559 
5 974.875 
5 1011.516 
5 1305.245 
5 958.042 
5 1206.395 
4 1276.881 
5 1240.739 
5 1290.739 
5 1205.492 
5 1651.510 
5 1286.309 
4 744.061 
5 1550.612 
5 1982.387 
4 1838.670 
4 880.145 
5 1803.048 
5 838.036 
5 1536.259 
5 974.818 
5 1084.246 
5 1240.676 
5 1480.935 
5 1329.061 
5 952.194 
5 1288.357 
5 901.096 
5 1020.597 
5 1598.840 
5 1080.723 
5 1331.608 
5 1116.880 
5 1055.490 
5 929.028 
5 1065.844 
5 1214.364 
5 1673.589 
5 1147.068 
5 1036.123 
5 1693.777 
5 1326.847 
5 922.142 
5 984.478 
5 905.556 
5 1285.077 
5 1305.756 
5 1096.034 
5 1237.562 
5 1408.263 
4 1589.514 
5 1026.873 
5 1622.117 
5 1011.435 
4 1268.876 
5 1178.546 
5 1176.710 
5 1163.411 
5 1475.285 
4 1015.979 
5 1030.936 
5 1644.998 
5 2417.150 
5 1044.383 
5 1542.836 
5 1162.564 
5 871.625 
5 963.064 
5 1579.694 
4 769.721 
5 1395.163 
5 1356.676 
5 1246.962 
5 1108.630 
5 1452.577 
5 896.942 
5 1160.424 
5 1760.632 
5 2251.574 
5 1068.856 
5 1367.702 
5 1205.762 
5 1424.594 
5 1343.216 
4 1035.859 
5 933.602 
4 999.690 
5 1418.433 
5 1364.596 
5 1372.984 
5 1272.148 
5 919.886 
5 1105.488 
5 868.504 
4 928.087 
5 1136.799 
5 1883.661 
5 1185.444 
5 1033.967 
5 1105.698 
5 1311.902 
5 1634.882 
5 1189.514 
5 1521.898 
5 1101.172 
5 1145.801 
5 1430.233 
4 1372.734 
5 1562.617 
5 1334.199 
5 1858.080 
5 988.684 
5 1634.013 
5 1363.468 
4 1364.422 
5 849.195 
5 1233.314 
5 2179.240 
5 2427.665 
5 1519.261 
5 1338.311 
5 1871.601 
5 1016.373 
5 1154.410 
5 1329.642 
5 1299.908 
5 1750.049 
5 1104.940 
5 823.131 
5 1203.891 
5 1828.774 
5 1208.896 
5 1249.814 
4 1224.953 
5 1538.874 
5 976.509 
5 895.753 
5 1017.839 
5 1163.088 
5 915.885 
5 1319.195 
5 824.449 
5 1361.858 
5 1086.601 
5 1259.167 
5 1691.646 
5 1321.314 
5 1303.742 
5 1301.805 
5 1084.023 
5 1083.536 
5 1163.180 
5 2154.034 
5 919.993 
5 1488.732 
5 1350.764 
5 863.858 
5 1185.291 
5 1402.690 
5 1374.367 
5 1458.372 
4 827.440 
5 1546.312 
5 1293.712 
5 1320.096 
5 1112.739 
5 905.702 
5 1069.215 
5 1369.333 
4 726.211 
5 1317.279 
5 1776.872 
5 1487.512 
4 968.124 
5 2129.090 
5 1434.686 
5 1236.213 
5 1171.510 
5 1219.746 
5 1181.246 
5 1526.765 
5 2022.190 
5 1151.676 
5 967.006 
5 887.263 
5 1372.968 
5 1575.744 
5 1445.348 
5 911.297 
5 1026.151 
5 1879.759 
5 645.209 
5 895.870 
5 1165.281 
5 806.618 
5 1144.032 
4 1379.365 
5 888.937 
5 2094.575 
5 1024.629 
5 1064.433 
5 1798.771 
5 1371.744 
5 1370.457 
5 1209.493 
5 1020.351 
5 2028.781 
5 1808.020 
5 1203.031 
5 1933.955 
5 1686.515 
5 1850.070 
5 1301.421 
4 1174.786 
4 1096.377 
5 1124.900 
5 1143.250 
5 1525.534 
5 1523.023 
5 2378.840 
5 1015.956 
5 1496.810 
5 1511.607 
5 1557.425 
5 926.672 
5 1717.369 
5 1238.541 
5 1002.009 
5 846.654 
5 1246.993 
5 1390.639 
5 1441.683 
5 1310.163 
5 1254.473 
4 1478.932 
5 1069.509 
5 1141.452 
5 1522.234 
5 1019.203 
5 1236.548 
5 1476.938 
5 1598.747 
5 1705.382 
4 786.215 
5 1655.212 
5 1372.602 
5 1265.104 
5 2086.205 
5 1000.237 
5 1382.756 
4 750.609 
5 1472.989 
5 1263.682 
5 1107.708 
5 1205.014 
5 1934.462 
5 1005.638 
4 1354.607 
5 1317.910 
5 964.909 
5 1142.222 
5 1926.680 
5 1391.322 
5 1804.148 
5 1229.208 
5 1260.102 
5 1624.272 
5 1980.440 
5 1638.314 
4 1227.684 
5 1810.613 
5 1463.493 
4 1638.933 
5 1491.788 
5 1039.088 
5 1271.398 
5 1623.149 
5 1385.234 
5 1358.158 
5 919.568 
4 915.348 
5 1397.497 
5 1709.036 
5 1162.169 
4 1582.085 
5 1292.861 
5 1400.282 
5 1671.479 
5 1549.429 
5 1044.326 
5 1029.653 
5 1379.703 
5 1315.083 
5 928.508 
5 1823.591 
5 1241.320 
4 1416.763 
5 1301.671 
5 1246.371 
4 1002.706 
4 1714.988 
5 1006.223 
5 1343.441 
5 1602.281 
4 726.703 
5 1334.407 
5 1267.673 
5 1393.589 
5 1393.889 
5 1606.539 
5 1376.419 
5 1297.468 
5 1039.376 
4 1243.182 
5 1315.705 
5 1510.550 
5 1099.294 
5 935.698 
5 1275.784 
5 1021.491 
4 781.392 
5 1261.798 
5 1071.854 
5 1807.051 
5 1524.896 
4 2111.462 
5 1176.313 
5 1132.741 
4 1039.248 
5 736.609 
5 1531.437 
5 1148.358 
4 972.617 
5 1194.434 
5 1340.145 
5 1053.810 
5 966.941 
5 1076.385 
5 994.143 
5 1613.731 
4 1087.369 
5 1737.454 
4 998.199 
5 2021.963 
5 1014.968 
5 1322.640 
5 1298.146 
5 1706.817 
5 1384.956 
4 836.929 
5 1493.133 
5 1545.520 
5 995.135 
5 1400.924 
5 1423.925 
5 1188.130 
5 890.979 
5 884.068 
5 1477.040 
5 1370.402 
5 1785.194 
5 1145.169 
5 722.371 
5 1033.245 
5 1808.427 
5 1127.006 
5 1202.870 
5 1493.362 
5 1321.283 
5 1049.964 
5 1192.245 
5 2017.039 
5 1935.146 
5 1571.640 
5 1811.058 
4 1134.981 
4 867.998 
5 1404.310 
5 1133.452 
5 1486.615 
5 1089.928 
5 911.551 
5 862.192 
5 995.639 
5 1046.846 
5 1107.297 
5 1063.570 
5 1722.619 
4 1171.129 
5 1286.842 
5 1290.838 
5 1049.762 
4 1414.856 
5 1381.772 
5 1473.573 
5 1169.781 
5 1279.968 
5 1459.373 
4 1196.252 
4 1717.593 
4 1075.454 
5 1829.746 
5 1400.159 
5 1256.457 
4 1425.293 
4 918.141 
4 1295.418 
5 1662.296 
5 1828.227 
4 1341.379 
4 1120.967 
5 1785.955 
4 1183.301 
5 1036.247 
5 1129.693 
5 1268.875 
5 1139.595 
5 1932.277 
5 1151.364 
5 1389.880 
5 949.244 
5 1089.872 
5 743.191 
5 1293.306 
4 1103.397 
5 1118.527 
4 1107.909 
5 1283.923 
5 1407.611 
5 1105.193 
5 909.777 
5 1436.329 
5 1024.290 
5 1252.609 
4 1180.686 
5 1367.441 
5 2170.702 
4 1284.645 
5 1363.073 
5 1545.925 
5 1579.542 
5 1107.955 
5 1058.539 
5 1897.057 
5 1525.493 
5 1976.630 
5 1128.567 
5 1292.253 
5 1271.151 
5 1177.725 
4 1021.103 
5 1339.709 
5 1266.559 
5 954.212 
5 1299.073 
5 1554.895 
5 1395.197 
5 1272.044 
5 1307.597 
5 1675.559 
5 1136.295 
5 784.598 
5 996.689 
5 1063.301 
5 967.444 
5 919.042 
5 1926.028 
5 833.073 
5 926.525 
5 973.531 
4 787.784 
5 1493.060 
5 1696.212 
5 1638.760 
5 1223.273 
4 804.836 
5 1622.081 
5 1065.377 
5 1975.605 
5 1418.168 
5 883.755 
5 1180.888 
5 1828.808 
5 1390.791 
5 1420.683 
5 1063.489 
5 1204.089 
5 1103.438 
5 1315.930 
5 1160.581 
5 949.943 
5 1554.464 
5 1383.382 
5 1094.395 
5 1106.426 
5 1177.918 
5 1095.002 
5 1454.172 
5 1146.660 
5 986.058 
5 1035.444 
5 1122.670 
4 772.315 
5 1060.373 
5 1542.502 
5 1096.196 
5 1257.604 
5 1098.284 
4 1531.751 
5 1240.341 
5 1293.471 
5 1311.902 
5 1135.748 
5 1087.269 
5 1269.757 
5 1023.344 
4 1459.863 
4 1248.064 
4 1502.570 
5 1672.554 
5 1112.559 
5 1051.531 
5 1850.564 
5 1190.010 
5 1249.517 
5 1986.164 
4 855.885 
5 1073.534 
5 1134.594 
5 1023.985 
5 1584.160 
4 1542.368 
5 1594.011 
5 1581.164 
4 746.262 
5 896.134 
5 1457.173 
5 1309.351 
5 1552.870 
5 1407.616 
5 694.453 
5 1250.930 
4 1563.594 
5 996.113 
4 1045.743 
4 1164.683 
5 1190.806 
4 827.923 
5 994.598 
5 1540.178 
5 1242.629 
5 769.394 
4 1392.140 
5 1798.195 
5 949.056 
5 1348.863 
5 1244.978 
5 1323.512 
5 1210.026 
5 1877.046 
5 1767.260 
4 1328.598 
5 1081.429 
5 1954.178 
5 1202.814 
5 1236.733 
5 884.664 
4 1365.932 
5 909.340 
5 979.141 
4 753.778 
5 923.567 
5 1383.479 
4 1147.996 
5 1246.447 
5 924.952 
4 909.932 
4 1067.293 
5 1118.100 
5 606.411 
5 793.668 
4 651.939 
4 1090.722 
5 1107.101 
4 1528.486 
5 1090.872 
4 1177.453 
4 1674.594 
5 1525.925 
4 1605.912 
5 1181.717 
5 1701.843 
5 1048.240 
5 1589.190 
5 1757.222 
5 1096.996 
5 1032.144 
5 764.054 
5 1169.245 
5 1266.171 
5 949.274 
5 1139.189 
5 1700.640 
5 785.430 
5 1124.576 
5 1282.737 
5 1240.809 
4 1118.657 
5 910.768 
5 1158.185 
5 788.692 
5 1186.497 
5 1682.550 
5 1081.397 
5 1231.627 
5 890.602 
4 1907.554 
5 939.922 
5 1728.108 
5 1283.795 
5 1905.843 
5 1318.852 
4 1291.560 
5 1414.898 
4 1179.929 
5 1233.403 
5 1091.780 
5 1090.139 
5 1133.378 
5 1176.703 
5 1299.187 
5 1137.964 
5 877.031 
5 1019.146 
5 1791.080 
5 907.988 
5 1198.735 
5 1290.626 
5 1175.473 
5 1345.832 
5 1164.081 
4 1246.016 
5 961.418 
5 1722.100 
5 2176.176 
5 1559.262 
5 1027.722 
5 1246.246 
5 1063.096 
5 1598.683 
5 1464.423 
5 905.515 
5 1294.658 
5 865.540 
5 1345.697 
5 2736.514 
5 1544.687 
5 1341.863 
5 1164.995 
5 786.338 
4 1051.774 
5 1023.054 
5 1207.453 
5 1508.103 
4 1069.252 
5 1334.610 
4 1504.331 
5 654.177 
5 1835.797 
5 1337.878 
5 2091.346 
5 1032.266 
4 1100.024 
5 1249.183 
4 1351.839 
5 1582.865 
5 1668.058 
5 1445.017 
5 1178.208 
5 1418.316 
5 947.554 
5 1277.694 
5 1453.607 
5 1115.288 
5 1230.491 
5 1266.818 
5 1040.272 
5 1165.712 
5 1765.969 
5 1305.854 
5 1031.509 
5 1403.089 
5 1245.052 
5 1000.444 
5 1567.835 
5 987.642 
5 1063.821 
5 1033.030 
5 1188.788 
5 1076.432 
5 1397.901 
5 1001.893 
5 934.248 
5 999.296 
4 1282.415 
5 1498.973 
5 1428.088 
5 1220.707 
5 1148.694 
5 1332.486 
4 1239.651 
5 1474.047 
5 1203.801 
5 1234.757 
5 1239.626 
4 995.954 
4 1482.922 
5 1201.670 
5 1277.062 
5 1402.349 
5 1572.752 
5 1437.129 
4 1438.497 
5 1435.126 
5 1325.575 
5 1461.150 
5 1207.707 
5 1317.582 
5 1494.500 
5 1771.300 
4 1501.663 
5 969.068 
5 1773.883 
5 2446.311 
4 1468.021 
5 1043.840 
5 1663.885 
5 1252.621 
5 1168.064 
5 958.316 
5 1253.366 
4 1513.355 
5 1252.822 
5 1262.889 
5 1102.090 
5 1215.781 
5 1137.314 
5 1035.631 
5 1118.838 
5 1164.084 
5 1520.440 
5 1549.217 
5 1352.377 
5 2458.011 
4 1521.336 
5 1251.392 
5 773.811 
5 1175.540 
5 1323.672 
5 2228.325 
5 863.011 
5 1206.379 
5 1796.912 
5 853.754 
5 1773.667 
5 1039.339 
5 1453.350 
5 999.081 
5 1628.221 
5 1112.046 
5 1432.715 
5 1008.051 
5 1179.858 
4 1056.992 
5 1133.191 
5 1726.686 
5 1311.824 
5 1164.536 
5 1118.403 
5 1116.371 
5 1522.604 
5 1722.684 
5 1003.703 
5 1927.490 
5 1348.019 
5 1256.480 
4 901.847 
5 1134.015 
5 1041.135 
5 1233.019 
5 1045.977 
5 986.905 
5 989.064 
5 1026.646 
5 1625.694 
5 974.671 
5 1327.732 
5 939.298 
5 1500.003 
4 875.894 
5 1257.156 
5 1173.333 
4 1556.778 
5 1251.206 
5 1154.205 
4 1381.106 
4 1496.488 
4 1304.236 
5 1159.204 
5 1668.586 
5 1232.129 
5 1348.121 
5 746.382 
5 1640.400 
5 1581.172 
5 1248.268 
5 1274.617 
5 1083.123 
5 1649.067 
5 1160.940 
5 1412.967 
5 1193.717 
4 1409.453 
5 2097.755 
5 1480.037 
5 1126.925 
5 1246.766 
4 1569.765 
5 953.513 
5 1149.034 
5 977.840 
4 1065.972 
4 1393.581 
5 1018.189 
5 1392.395 
5 1273.091 
4 963.438 
4 904.674 
5 1401.758 
5 963.692 
5 1219.796 
5 1170.222 
5 1178.950 
5 2175.783 
4 1091.491 
5 867.542 
5 1410.910 
5 1245.594 
5 1015.145 
5 1210.255 
5 937.000 
5 1697.130 
5 1148.526 
5 977.237 
5 1167.839 
5 1977.037 
5 930.359 
5 1090.598 
5 1122.620 
5 1225.760 
5 773.187 
4 2303.437 
5 809.895 
5 805.911 
5 819.881 
5 1113.320 
5 1077.642 
5 912.289 
5 1241.461 
4 942.524 
5 895.772 
4 842.126 
5 940.652 
5 1286.039 
5 1286.222 
5 1260.000 
5 1322.779 
5 1361.466 
4 953.770 
5 888.497 
5 1207.506 
5 1435.287 
5 1142.517 
4 753.748 
5 1032.829 
4 876.272 
5 1112.013 
5 924.440 
5 951.375 
5 1072.266 
5 1369.649 
5 1284.721 
5 1317.739 
5 1942.257 
5 1784.584 
5 1145.873 
5 898.953 
5 1930.288 
5 1231.159 
5 1416.690 
5 1370.369 
4 925.682 
5 1345.822 
5 1051.810 
5 1951.882 
4 1053.970 
5 1358.422 
5 999.131 
5 1549.141 
4 1002.688 
5 1264.593 
5 1019.383 
5 1425.109 
5 1214.863 
5 871.114 
5 1619.157 
5 1474.816 
5 936.229 
5 1054.337 
5 1424.961 
5 1008.019 
5 1372.525 
5 1157.568 
5 1658.573 
5 1747.406 
5 708.543 
4 1098.211 
4 1776.053 
5 1096.177 
5 1106.711 
5 986.186 
5 1542.879 
5 1898.454 
5 958.630 
4 917.990 
5 1091.631 
5 1457.751 
5 1002.448 
5 1495.113 
4 787.101 
5 1246.571 
5 1224.809 
5 1025.185 
5 858.543 
5 1543.675 
5 1144.357 
5 1236.583 
4 881.597 
5 1363.800 
5 1076.111 
5 1829.507 
5 1161.207 
5 1325.583 
5 1172.375 
5 1675.404 
5 1157.705 
5 1520.740 
5 1296.709 
5 2269.729 
5 1300.951 
5 1146.655 
5 1570.337 
5 1556.146 
5 1143.455 
4 1023.936 
5 1059.561 
5 1077.583 
5 935.101 
5 1372.637 
5 1490.492 
4 1302.508 
5 972.031 
5 1153.444 
5 1101.648 
5 1473.709 
5 1918.031 
5 1033.297 
5 1367.959 
5 1828.741 
4 1325.882 
5 1255.158 
4 1599.425 
5 1032.582 
5 1060.261 
5 1302.375 
5 1511.066 
5 838.383 
5 1085.363 
5 1862.985 
5 1367.161 
5 1027.405 
5 1000.943 
5 921.878 
5 1156.983 
5 1289.950 
5 1309.084 
4 1123.351 
5 1140.672 
5 1275.409 
5 1454.493 
5 1054.138 
5 1139.163 
5 1058.330 
5 1207.127 
5 1225.170 
5 1268.878 
5 1225.697 
5 958.818 
4 1337.720 
5 1121.067 
4 1223.999 
5 1441.989 
5 1274.946 
5 945.018 
5 1768.388 
5 683.176 
5 1900.579 
5 994.439 
5 1548.492 
5 1281.515 
5 1568.791 
5 1135.668 
5 1130.973 
5 1126.124 
5 1247.144 
5 1738.764 
5 1440.405 
5 910.958 
5 978.603 
5 1381.860 
5 1465.007 
5 1447.167 
4 1296.381 
5 1860.175 
4 982.632 
4 1288.670 
5 1155.890 
5 1052.580 
5 1460.994 
4 1101.998 
5 1378.921 
5 1469.187 
5 1170.408 
4 1235.554 
5 1118.810 
5 915.508 
5 1161.879 
5 1999.148 
5 1393.670 
5 1203.062 
5 1037.978 
5 1410.480 
5 1874.072 
5 1349.207 
5 942.331 
5 839.949 
5 998.824 
5 1431.037 
5 947.821 
5 1112.845 
5 1133.283 
5 883.189 
5 1552.494 
5 1117.878 
5 955.903 
5 1102.937 
5 1439.686 
5 942.742 
5 1466.826 
5 1108.918 
5 1282.798 
5 1150.070 
5 1300.389 
5 1179.135 
5 1006.276 
4 631.764 
5 1412.139 
5 1311.279 
5 863.257 
5 1213.428 
5 794.807 
5 1114.084 
5 966.870 
5 1767.804 
5 1290.117 
5 1131.846 
5 1298.025 
5 1659.229 
5 1058.518 
5 829.610 
5 1873.961 
5 1138.009 
5 1192.563 
5 1449.107 
5 1129.233 
5 1109.651 
5 1039.303 
5 1219.686 
4 888.491 
5 1939.125 
5 1102.153 
5 1430.478 
5 1186.715 
5 1392.713 
5 1632.333 
5 994.877 
5 1026.123 
5 848.436 
5 2155.893 
5 751.775 
5 1979.890 
5 1149.885 
5 856.844 
5 922.722 
5 998.522 
5 1594.968 
4 1168.178 
5 1077.034 
5 1175.244 
5 1400.547 
5 801.618 
5 1212.287 
5 1326.311 
5 1082.107 
5 806.730 
5 2262.489 
5 1280.650 
5 930.140 
5 1096.930 
5 1949.687 
5 1355.578 
5 2345.602 
5 1487.198 
4 2039.607 
5 1544.015 
4 1129.613 
5 1462.151 
5 1417.191 
5 1101.386 
5 1320.749 
4 1093.332 
5 886.969 
5 1356.539 
5 1153.726 
5 942.505 
5 1911.112 
5 2332.119 
5 889.499 
5 854.424 
4 1137.030 
5 1163.188 
5 1085.006 
5 1323.140 
5 1209.147 
5 1391.760 
5 1146.310 
5 1524.581 
5 1897.486 
4 893.219 
5 1338.111 
5 1340.675 
5 1053.285 
5 1738.137 
5 1458.378 
4 738.690 
5 1668.571 
4 1041.785 
5 1233.413 
4 779.972 
5 1009.403 
5 1195.639 
5 1328.941 
5 1239.202 
4 1313.823 
5 1212.730 
5 1197.057 
5 1282.467 
5 1506.335 
5 897.589 
5 1417.690 
4 955.765 
5 1050.453 
5 992.347 
5 1037.353 
4 1043.162 
5 996.183 
5 1311.519 
5 1061.778 
5 758.532 
4 1068.686 
5 1444.993 
5 1507.500 
5 1317.065 
4 833.615 
5 1868.966 
5 1197.838 
5 1527.172 
5 1079.120 
5 1003.001 
5 939.369 
5 1440.473 
5 1394.799 
5 684.578 
5 1080.551 
5 1462.003 
5 1335.516 
5 1561.913 
5 1370.660 
5 1810.577 
5 1428.376 
5 1046.078 
5 828.989 
5 1059.581 
5 1464.734 
4 1010.213 
5 1537.005 
5 1176.294 
5 1154.638 
5 1279.451 
4 1621.045 
5 935.199 
5 1600.367 
5 949.336 
5 1719.118 
5 1641.171 
5 1040.255 
5 925.615 
5 1540.423 
5 1762.802 
5 1026.894 
5 1173.080 
5 1316.051 
5 1149.430 
5 1393.049 
5 783.727 
5 1171.540 
5 1457.833 
5 1155.814 
5 1044.456 
5 1350.488 
5 836.802 
5 1917.029 
5 1023.694 
5 1118.866 
4 1048.329 
5 946.069 
5 1186.944 
5 1076.260 
5 1440.636 
5 1343.005 
5 1043.037 
5 1204.045 
4 1287.931 
5 1202.217 
5 1511.588 
4 1559.030 
5 1388.610 
4 1421.798 
5 1034.799 
5 929.235 
5 1599.894 
4 1151.224 
5 757.019 
5 1297.813 
5 1318.167 
5 1101.426 
4 1040.433 
5 1295.893 
5 1409.017 
4 989.237 
5 1412.279 
5 1270.701 
5 1363.223 
5 1037.888 
5 967.389 
5 1398.479 
5 1149.118 
5 1387.387 
5 955.935 
5 1056.435 
5 944.951 
5 1287.734 
5 804.916 
5 1575.554 
4 1468.964 
4 957.483 
5 1137.792 
5 1457.944 
5 1309.552 
5 855.179 
5 1015.264 
5 844.141 
5 1663.427 
5 1089.243 
5 928.289 
5 1431.083 
5 1321.101 
5 773.824 
5 1264.514 
5 1338.563 
5 1302.408 
5 1006.130 
5 1056.999 
5 1620.208 
5 1146.569 
4 965.539 
5 1370.562 
5 1945.381 
5 1513.779 
4 1042.902 
4 911.267 
5 1388.933 
4 1092.161 
5 1145.100 
5 911.793 
5 1314.590 
4 1058.178 
5 1212.704 
5 1279.473 
5 2164.621 
5 1293.296 
5 1241.636 
