5 1372.552 
5 1037.843 
5 1431.245 
5 1354.561 
5 1479.183 
5 1540.547 
5 1720.524 
5 1562.563 
5 1853.272 
4 910.233 
5 1366.840 
5 1346.699 
5 1570.784 
5 1614.436 
5 1524.868 
5 1275.856 
5 868.372 
5 900.509 
5 700.619 
4 1083.505 
5 1785.254 
5 1768.465 
5 1879.246 
5 1374.914 
5 1231.297 
5 3092.733 
5 1646.709 
5 2075.621 
5 1234.084 
5 1370.939 
5 1791.554 
5 1146.851 
5 1220.922 
4 1563.732 
5 910.657 
5 1535.102 
5 1672.393 
5 1616.847 
5 1221.922 
5 1008.388 
5 1205.197 
5 1103.321 
5 1396.998 
5 891.904 
5 1087.326 
5 1642.967 
5 1736.820 
5 1208.104 
5 1073.780 
4 1388.010 
5 1608.092 
5 1230.339 
5 1540.212 
5 2156.100 
5 1968.661 
4 1652.714 
5 1149.624 
5 1750.259 
5 1500.274 
4 1430.519 
4 1728.953 
4 919.818 
5 1336.571 
5 1269.522 
5 2486.365 
4 1725.242 
5 1724.186 
5 1447.864 
5 1502.853 
5 1562.399 
5 1076.672 
5 1313.538 
5 1228.186 
5 1247.571 
5 1400.846 
5 1533.315 
5 1048.354 
4 1129.893 
5 1325.731 
5 1448.173 
5 981.080 
5 1858.217 
5 1345.338 
5 1122.754 
5 1257.081 
4 1253.678 
5 1070.325 
5 1623.359 
4 1259.717 
5 1425.922 
5 1390.832 
5 1992.177 
5 1386.262 
5 2924.786 
5 1090.329 
5 1644.548 
5 1360.368 
5 1381.845 
5 1728.707 
5 1128.020 
5 1797.353 
4 1058.670 
4 1619.051 
5 1421.892 
5 1164.373 
5 1524.471 
5 1289.693 
5 1379.163 
5 1685.087 
5 1533.886 
5 1114.717 
5 1255.090 
5 1541.349 
4 1336.598 
5 1664.060 
5 1448.668 
5 1495.646 
5 1097.710 
5 1252.859 
5 1791.783 
4 1158.029 
5 1197.964 
5 1096.480 
5 964.983 
5 1211.183 
5 1431.155 
5 1255.395 
5 1835.505 
5 1959.596 
5 1879.868 
5 1503.228 
5 1404.625 
4 1290.251 
5 1221.687 
5 1337.146 
5 1185.153 
5 2308.592 
5 1258.179 
5 842.848 
5 2011.000 
5 2085.817 
5 1789.712 
5 1398.269 
5 1105.241 
5 1281.170 
5 1356.468 
5 1143.594 
5 1566.290 
5 1348.365 
5 1329.158 
5 1506.821 
5 1736.895 
5 1588.225 
5 946.475 
5 1268.143 
5 1296.490 
5 1956.809 
5 829.827 
5 1106.916 
4 1412.462 
5 1155.013 
5 1258.827 
5 1247.003 
5 1672.331 
5 1566.137 
4 1736.118 
5 1546.576 
5 1149.316 
5 1405.567 
5 1136.328 
5 1471.627 
5 1317.661 
5 1657.762 
5 1253.943 
4 1611.186 
5 1269.797 
5 1065.274 
4 1155.027 
5 1153.708 
5 1272.748 
5 1721.511 
5 1580.935 
5 922.940 
5 1377.243 
5 1392.380 
5 1924.617 
5 1460.618 
5 1246.100 
5 1238.128 
5 1161.276 
5 1945.626 
5 981.729 
5 1563.897 
5 1143.857 
5 1581.934 
5 1451.483 
5 1983.163 
4 2002.309 
5 1726.324 
5 1243.930 
4 2383.895 
4 1155.643 
5 970.302 
4 1189.092 
5 1095.211 
4 1281.680 
5 1215.692 
5 1506.945 
5 1305.753 
5 1421.569 
5 1677.816 
5 1223.059 
5 1176.635 
5 948.270 
5 1377.432 
5 1653.607 
5 1184.721 
5 1341.372 
5 1108.865 
5 940.490 
5 1289.418 
5 1554.835 
5 1517.709 
5 1238.311 
4 1879.065 
4 1256.115 
5 1854.867 
5 1938.884 
5 835.912 
5 2121.488 
5 1254.418 
5 1606.141 
5 2235.179 
5 1206.732 
5 2067.866 
5 1219.349 
4 1024.183 
5 928.809 
5 1256.859 
5 1235.212 
5 1278.227 
5 1500.426 
4 1659.608 
5 1202.570 
5 1743.190 
4 1123.155 
5 1477.038 
4 1871.756 
4 1439.220 
5 1343.810 
5 1597.305 
4 1568.927 
5 1215.167 
5 1165.741 
5 1257.600 
5 1207.993 
5 1507.854 
5 845.650 
5 2060.431 
4 1412.842 
5 1067.954 
5 1308.781 
5 1057.152 
5 2013.065 
5 927.701 
5 1510.503 
5 2108.988 
5 1005.337 
4 1736.923 
5 1445.076 
5 1355.111 
5 1492.712 
5 1265.015 
5 1182.545 
5 1003.651 
5 1154.695 
5 1497.851 
5 1246.726 
5 1163.049 
5 921.999 
5 2422.911 
5 1351.223 
5 1662.500 
5 1790.182 
5 1363.319 
5 1614.530 
4 1076.901 
5 2684.821 
5 1245.508 
4 1458.862 
5 1648.696 
4 1471.275 
4 1120.432 
5 1412.589 
5 1584.066 
5 1422.813 
5 1397.283 
4 1314.180 
5 1636.852 
5 2287.586 
4 1487.175 
4 1613.183 
5 1111.082 
5 1312.296 
5 1728.829 
4 1767.053 
5 1221.248 
5 1746.286 
5 1227.582 
5 1346.179 
5 1636.341 
5 1199.318 
5 1472.802 
5 1302.348 
5 693.784 
4 1953.349 
5 1404.723 
5 1254.023 
5 1408.288 
5 1453.828 
4 1154.295 
5 1321.312 
5 1154.216 
5 1421.165 
5 1129.327 
5 1080.236 
4 1135.939 
5 1313.920 
5 1188.964 
5 1163.411 
5 979.325 
5 1194.418 
5 1562.881 
5 1969.585 
5 1951.283 
5 1224.288 
5 1613.448 
5 957.967 
5 1358.547 
5 1249.901 
5 1265.974 
5 1209.240 
5 1252.097 
4 1427.911 
5 1454.962 
5 1627.885 
5 1453.927 
5 1579.485 
5 987.978 
5 1427.006 
5 1184.483 
5 1554.083 
5 1133.546 
5 1365.900 
5 1200.110 
5 1946.914 
5 1279.776 
5 930.735 
5 1416.156 
5 1005.947 
5 1481.361 
5 1356.310 
5 1037.298 
5 1157.093 
5 1477.624 
5 1411.458 
5 1289.334 
5 1405.652 
5 1634.485 
4 1335.706 
5 1766.888 
5 1515.719 
5 1530.528 
5 1898.826 
5 1300.660 
5 1867.621 
5 1702.400 
5 1905.803 
5 1763.613 
5 1372.462 
5 2357.375 
5 1852.669 
5 2024.847 
4 1053.932 
5 1424.066 
4 1334.488 
4 947.994 
5 1892.267 
5 2001.341 
5 1374.082 
5 1072.795 
5 1387.001 
5 1587.567 
5 2447.961 
5 1235.241 
5 1078.888 
5 1825.638 
5 1216.299 
5 1183.272 
5 916.307 
4 1510.132 
5 1411.701 
5 1512.001 
5 1365.788 
5 1826.108 
5 1225.664 
5 1457.763 
5 1372.319 
5 1377.876 
5 1519.603 
5 1610.464 
4 1704.684 
5 1124.264 
5 1643.822 
5 1176.126 
5 1406.551 
5 1749.511 
5 1415.323 
5 1641.359 
5 1294.137 
5 1936.201 
5 790.833 
4 1213.430 
5 1685.949 
5 1267.298 
4 1359.459 
5 1514.735 
5 1625.812 
4 1045.144 
5 1240.913 
5 1647.387 
5 1343.245 
5 805.305 
5 1418.779 
5 1318.976 
5 1109.879 
5 1471.460 
5 1572.520 
5 1603.818 
5 1764.636 
5 1216.829 
4 1050.968 
5 1351.557 
5 1411.040 
4 1241.439 
5 1149.046 
5 1203.690 
5 1715.090 
4 1693.711 
5 936.032 
5 1438.845 
5 1138.132 
5 1203.785 
5 1315.564 
5 1283.273 
5 1175.473 
5 3564.944 
5 1261.336 
5 1350.046 
5 1552.284 
5 1443.743 
5 1391.129 
5 1237.354 
5 1131.943 
5 1559.271 
5 1446.454 
5 1253.449 
5 1310.885 
4 1635.943 
5 1310.986 
4 788.434 
5 2014.528 
5 1310.136 
5 990.588 
4 1634.489 
5 1285.494 
5 1290.041 
4 1285.134 
5 2341.012 
5 1420.623 
4 1692.074 
5 1541.462 
5 1254.858 
5 1242.537 
5 1378.031 
5 1279.035 
5 1198.057 
4 1263.573 
4 1090.390 
5 1152.878 
5 1573.236 
5 1276.716 
5 1281.568 
4 1131.425 
5 1016.092 
5 1439.779 
5 1119.991 
5 1116.016 
4 1272.362 
5 1598.002 
5 2019.784 
5 1013.738 
5 1096.743 
5 1170.433 
5 1423.680 
5 1403.313 
4 920.785 
5 1521.581 
5 1503.687 
4 1232.768 
4 1037.496 
5 1130.017 
5 2554.749 
4 1768.902 
5 1430.482 
4 866.831 
5 1346.632 
4 2106.632 
5 1217.480 
5 1551.873 
5 1374.377 
5 1119.343 
5 1357.722 
5 1258.365 
5 1276.492 
5 1385.829 
5 1142.508 
5 1432.082 
5 1705.960 
5 1741.952 
5 1481.788 
5 1305.851 
5 1410.529 
5 1551.735 
5 1240.531 
5 1502.584 
5 1426.187 
5 1254.393 
5 1104.596 
4 1332.551 
5 1285.350 
5 1464.302 
4 2072.694 
4 1557.271 
5 1250.786 
5 1191.992 
5 1678.340 
5 1807.192 
5 1661.964 
5 1383.342 
5 1534.128 
5 1166.219 
5 1394.190 
5 1536.485 
5 1451.431 
5 1322.935 
5 1144.364 
5 1400.133 
5 2344.424 
5 1063.928 
5 1487.444 
5 1180.197 
5 1244.339 
5 1230.271 
5 1410.424 
5 2808.064 
5 2265.365 
5 1852.184 
5 1300.581 
5 1242.157 
5 1397.756 
5 1953.260 
5 1488.309 
4 1278.124 
5 2182.339 
4 1350.504 
5 1245.430 
5 1968.912 
5 1237.202 
5 1886.584 
5 1305.014 
5 1774.378 
5 1755.171 
5 2146.827 
4 1106.304 
5 1463.003 
4 1284.477 
5 1239.033 
5 996.569 
5 1340.656 
5 1803.656 
5 2386.108 
5 1377.117 
5 1288.865 
5 1576.617 
5 1392.057 
5 1452.011 
5 1214.750 
5 1494.823 
5 1476.274 
5 1470.410 
5 2043.520 
5 1312.692 
5 1152.410 
5 1070.498 
5 1345.919 
5 1512.821 
5 1467.735 
5 1889.695 
5 1769.444 
5 1593.636 
5 1368.556 
5 2118.405 
5 1426.038 
5 1416.445 
5 1488.487 
5 1409.486 
5 1195.256 
5 1274.024 
5 990.804 
5 1634.583 
4 1860.442 
5 1058.637 
5 1199.384 
5 1698.999 
5 1451.626 
5 1379.484 
5 1519.021 
5 1832.011 
5 1548.643 
5 1740.596 
5 1887.136 
5 1605.884 
5 1907.237 
5 1026.936 
5 2262.536 
5 2162.296 
5 1347.396 
5 1405.287 
5 1427.997 
5 1683.474 
4 873.882 
5 1275.609 
5 1387.728 
5 1272.589 
4 1159.294 
5 1056.731 
4 1672.145 
5 1438.602 
5 1045.173 
5 1399.048 
5 1120.040 
5 1108.904 
5 1567.401 
5 1403.414 
5 2060.157 
5 1677.790 
5 1218.991 
5 1368.368 
4 1388.131 
5 1335.324 
5 1287.627 
5 1490.501 
5 1209.631 
5 1487.913 
5 1817.375 
5 1111.347 
5 2315.242 
5 1404.740 
5 1279.476 
5 1452.998 
5 1270.381 
5 1349.667 
5 2338.164 
5 1653.320 
4 983.232 
5 887.647 
5 1181.989 
5 1392.442 
5 1320.031 
5 1408.446 
5 1021.025 
4 1719.477 
4 1693.634 
5 1162.913 
5 1130.109 
5 1202.554 
4 1849.878 
5 1390.440 
5 1229.485 
5 1327.703 
5 1797.692 
5 993.936 
5 1213.664 
5 1782.658 
5 1112.633 
5 1229.514 
5 1216.745 
5 2513.944 
5 1366.279 
5 1423.336 
5 1316.303 
4 2007.917 
5 1410.561 
5 1380.905 
5 1296.500 
5 1404.190 
5 1373.614 
4 1450.222 
5 1463.377 
5 2135.405 
5 1370.185 
5 1377.014 
5 1234.457 
5 1308.155 
5 1239.666 
5 1467.566 
5 1076.912 
5 1568.658 
5 1540.671 
5 1318.031 
5 1318.098 
5 1543.816 
5 1474.526 
5 1140.081 
5 2274.833 
5 1253.775 
5 1437.979 
5 1583.237 
5 1272.452 
5 1229.193 
5 1891.629 
4 1157.710 
5 1217.742 
5 2624.767 
5 2472.270 
5 1478.476 
5 1191.056 
5 1902.727 
5 1724.515 
5 1166.576 
5 1717.585 
5 1833.535 
4 932.209 
4 1885.515 
5 1324.219 
5 1324.383 
5 1651.601 
5 1994.551 
5 1387.734 
5 1319.285 
5 1659.656 
5 1673.126 
5 1125.080 
5 1245.316 
4 1099.081 
5 1260.701 
4 1814.872 
5 1434.236 
5 1375.457 
5 1406.053 
5 1434.140 
4 770.224 
5 1100.337 
5 1191.974 
5 1408.910 
5 1350.794 
5 1543.721 
5 1640.362 
5 1355.773 
5 1115.394 
5 1195.043 
5 1801.043 
5 1268.791 
5 1235.300 
5 1698.178 
5 1511.140 
5 1303.420 
5 1295.411 
5 1084.828 
5 911.875 
5 1019.012 
5 1901.995 
5 1449.782 
5 1970.024 
4 1581.583 
5 1547.288 
4 1188.238 
5 1222.979 
5 1232.445 
5 1132.129 
5 1487.227 
5 1480.270 
4 1152.473 
5 1336.060 
5 1352.610 
5 1380.645 
5 1613.320 
5 1150.905 
4 826.385 
4 1175.649 
5 1449.581 
5 1852.336 
4 1038.262 
5 1492.768 
5 1088.340 
5 1570.698 
5 1184.337 
5 2154.209 
5 1088.449 
5 1231.578 
5 1177.365 
5 1706.900 
5 1627.907 
4 1273.542 
5 1466.102 
5 1614.161 
5 1567.339 
5 1037.079 
4 1421.515 
5 1193.847 
4 1048.360 
5 1520.057 
5 986.252 
5 1203.272 
5 1309.721 
5 1362.927 
5 1362.387 
5 1274.298 
4 1561.202 
5 1648.317 
5 1971.940 
5 1230.955 
5 1519.851 
5 1581.567 
5 963.913 
4 1225.284 
5 1393.230 
5 1696.774 
5 1645.381 
5 1598.439 
5 1620.366 
5 985.331 
5 1432.311 
5 1479.880 
5 2401.682 
5 1030.394 
5 946.968 
5 1166.345 
5 1147.144 
5 1062.827 
5 1014.755 
5 1238.001 
5 885.288 
5 1392.375 
5 1989.232 
5 1846.115 
5 968.904 
5 1353.084 
5 1273.831 
4 896.625 
5 1133.445 
5 1663.928 
5 1727.111 
5 1029.598 
5 1554.120 
4 2757.750 
5 1113.422 
4 1411.331 
5 1154.825 
5 906.393 
5 1758.176 
5 1310.088 
5 1141.275 
5 1915.837 
5 1343.141 
5 1559.564 
5 1536.649 
5 1401.756 
5 1571.494 
5 1252.387 
5 3196.774 
5 1327.784 
5 1972.733 
5 991.046 
5 1376.281 
5 1371.667 
5 1390.059 
5 1096.705 
5 1152.139 
5 1447.087 
5 1311.105 
5 1456.105 
5 1483.625 
5 1419.652 
5 1487.780 
4 1346.343 
5 1642.079 
5 1708.776 
5 1689.355 
5 1394.738 
5 1044.342 
5 1507.767 
5 1801.022 
5 1534.676 
5 1316.230 
5 1560.083 
5 1375.103 
5 1470.287 
5 1208.553 
5 1020.655 
5 1543.384 
5 1327.349 
5 2163.548 
5 1411.162 
5 1265.396 
4 1583.769 
5 1771.945 
5 1496.340 
5 1593.971 
5 1369.062 
5 1567.328 
5 1655.848 
5 1432.125 
5 1384.842 
5 2184.951 
5 1458.619 
5 1853.553 
5 1437.764 
5 2393.158 
5 1137.071 
5 1167.352 
5 1237.851 
5 1692.395 
5 1350.223 
4 1169.492 
5 1512.475 
5 1198.113 
5 1565.634 
5 1481.781 
5 1381.005 
5 921.637 
4 1423.321 
5 1224.509 
5 1276.682 
5 1356.680 
5 1267.676 
4 1314.281 
4 1456.009 
5 1462.517 
5 1244.139 
4 1217.530 
5 1713.789 
5 1819.043 
4 1045.263 
5 1123.808 
5 1527.158 
5 745.099 
5 2506.878 
5 1527.395 
5 1562.232 
5 1179.648 
5 1300.720 
5 1791.048 
5 1144.456 
5 1598.252 
5 1513.328 
5 1220.716 
5 1321.769 
5 892.064 
5 1249.443 
5 1183.114 
5 1208.386 
5 1151.882 
5 1346.956 
5 1230.617 
5 1470.580 
5 1276.104 
5 1342.608 
4 1323.521 
5 1542.220 
5 1299.071 
5 1483.958 
4 1367.612 
5 1643.918 
5 1163.691 
5 1380.981 
5 1037.854 
5 1438.561 
5 1195.508 
5 2053.817 
5 1735.834 
5 1378.937 
5 1344.272 
5 1635.111 
5 1165.838 
5 1189.434 
5 1989.184 
5 1383.321 
5 1412.277 
5 1578.368 
5 1090.328 
5 1179.585 
5 1277.363 
4 1006.295 
5 1276.929 
5 1391.861 
5 1654.465 
5 1547.033 
5 989.355 
5 1308.881 
5 1864.133 
5 1188.374 
5 1357.535 
5 1533.069 
4 1235.392 
5 1303.162 
4 1559.445 
5 1610.086 
5 1078.096 
5 1416.648 
5 1145.059 
5 1296.384 
5 1896.815 
5 2070.150 
5 1129.203 
5 1710.916 
5 1319.651 
5 1440.626 
5 2295.443 
5 1548.078 
5 1468.262 
5 2131.219 
5 1814.569 
5 1520.202 
4 1225.943 
5 1753.558 
5 1143.565 
5 1947.697 
4 1682.023 
5 1435.028 
5 1173.463 
5 1994.849 
5 1399.783 
5 2092.965 
5 942.989 
5 1539.239 
5 1476.990 
5 1148.618 
5 1991.095 
5 1533.570 
4 1212.498 
5 2217.675 
5 1424.673 
5 1525.894 
5 1141.008 
4 1292.857 
5 1138.673 
5 1262.473 
5 1126.489 
4 799.331 
5 1807.806 
5 1358.112 
5 1692.862 
5 1251.570 
5 891.927 
5 1346.298 
5 2593.207 
5 1873.058 
5 1460.077 
5 1159.719 
5 1704.026 
5 1542.406 
5 1152.572 
5 1440.042 
5 1298.099 
5 1607.956 
5 1294.917 
5 1353.494 
5 1074.861 
5 1297.273 
5 1393.035 
5 1354.132 
5 1508.089 
5 1174.863 
4 1865.094 
5 1554.334 
5 1656.402 
5 1428.198 
5 1340.820 
5 1106.552 
5 1746.096 
4 1048.534 
5 1486.082 
5 1072.771 
5 2243.044 
5 1298.953 
5 1594.656 
5 1942.081 
4 2299.765 
4 1582.929 
5 1564.900 
5 1093.133 
5 2005.661 
5 2365.034 
5 1234.070 
5 1294.203 
4 1345.798 
5 1216.318 
5 1941.643 
5 1128.158 
5 1131.796 
5 1200.989 
5 1206.468 
5 1422.227 
5 1595.696 
4 1610.797 
5 1844.163 
4 1363.142 
5 1046.164 
5 1716.670 
5 1363.091 
5 1430.260 
5 1558.489 
5 1511.591 
5 1415.619 
5 1677.133 
5 1514.503 
5 1842.603 
5 2037.900 
5 1858.487 
5 1652.631 
5 2506.363 
5 1463.334 
5 1563.407 
5 1393.146 
4 1285.124 
5 1384.508 
5 2518.124 
5 1226.326 
5 956.052 
5 1405.064 
5 1413.408 
5 1522.521 
5 1762.531 
5 1006.486 
5 1659.797 
4 1283.810 
5 1340.306 
5 1131.230 
5 1588.354 
5 1395.296 
5 1453.738 
5 1118.686 
5 2014.298 
5 1108.147 
5 1035.199 
5 1376.412 
5 1314.953 
5 1508.401 
5 1163.032 
4 1387.390 
5 1561.279 
5 1577.024 
5 1169.332 
4 758.243 
5 2232.330 
5 1597.344 
5 2595.832 
5 898.081 
4 1411.832 
5 1487.665 
5 1301.279 
5 1164.996 
5 1783.991 
5 1156.591 
5 1594.551 
5 1569.721 
5 1101.052 
5 1490.960 
5 1622.843 
5 1597.709 
4 1424.177 
4 1351.086 
5 2009.003 
5 1600.554 
5 1310.721 
5 1204.405 
5 1590.479 
4 1236.098 
5 1595.823 
5 1569.123 
5 2220.862 
5 1024.748 
5 1288.851 
5 1485.938 
5 1626.296 
5 1728.313 
5 1560.775 
5 1230.259 
5 909.065 
5 1559.117 
5 1526.373 
5 1536.464 
5 1141.136 
5 1985.343 
5 2329.655 
5 1382.788 
5 955.117 
5 1275.986 
5 1941.799 
4 1161.606 
5 1028.741 
5 1407.086 
5 1187.496 
5 1627.418 
5 1255.751 
5 1707.055 
5 1247.978 
5 1907.585 
5 1588.773 
5 1382.339 
5 1317.106 
5 1035.864 
5 1456.202 
5 1268.796 
4 1537.523 
5 1350.050 
5 1183.629 
5 1270.061 
5 1715.354 
5 1662.018 
5 1614.171 
5 1613.307 
5 1392.879 
5 1640.279 
4 1811.551 
5 1971.544 
5 1337.891 
5 1543.276 
5 1101.899 
5 1241.577 
5 1604.277 
4 1774.867 
5 1119.347 
5 1443.102 
5 1890.363 
5 1246.290 
5 2092.097 
5 1127.803 
5 1389.618 
5 2332.640 
4 2414.898 
5 1842.325 
5 1389.093 
5 1632.865 
4 1441.151 
5 1199.153 
5 1300.773 
5 1520.456 
5 1512.322 
5 1371.208 
5 1447.510 
5 1277.873 
5 1168.798 
5 1074.080 
5 1149.754 
5 1047.273 
4 1196.659 
5 1213.997 
5 1265.339 
5 1911.054 
5 1274.416 
5 1258.625 
5 1489.821 
5 1562.019 
5 1645.676 
5 1272.512 
5 1620.337 
5 1399.297 
4 1206.373 
5 1135.262 
5 1914.589 
5 1269.145 
5 1244.672 
5 1207.505 
4 1981.429 
4 1327.599 
5 1257.191 
5 1706.235 
5 1782.573 
5 1038.406 
5 1283.290 
5 2080.413 
5 1082.063 
5 1313.313 
5 1307.285 
5 1128.361 
5 1362.018 
4 808.456 
5 1524.814 
5 1167.102 
5 1353.672 
5 1242.322 
5 1239.943 
4 2319.604 
5 1220.870 
5 1278.724 
5 1089.273 
5 1663.373 
5 1262.970 
5 1408.647 
5 1486.128 
5 1255.345 
5 1588.447 
5 1163.179 
5 2289.865 
4 1184.114 
4 953.550 
5 1109.709 
5 2442.804 
5 1628.238 
5 1252.937 
5 1502.941 
5 1857.563 
5 2132.819 
4 1942.811 
5 1513.797 
5 1690.244 
5 1318.172 
5 1655.644 
5 1626.690 
4 1690.221 
4 1650.279 
5 1573.115 
5 1501.067 
4 1220.468 
5 1714.540 
5 1779.058 
5 1020.428 
5 1175.335 
4 1709.665 
5 1522.070 
5 1216.899 
5 1426.715 
5 2273.059 
5 1093.483 
5 1235.035 
5 1820.228 
5 1926.078 
5 1351.777 
5 1166.473 
4 1280.256 
5 1797.422 
5 1689.460 
4 1715.234 
5 1697.057 
5 1561.426 
5 1211.152 
4 975.347 
5 1875.289 
5 1226.390 
5 1761.313 
4 996.748 
4 1642.546 
5 1422.960 
5 2192.225 
5 1650.535 
5 2259.107 
5 1548.199 
5 991.818 
5 1414.550 
5 1349.579 
5 1586.077 
5 1353.755 
5 1719.380 
5 1899.576 
5 1990.046 
5 822.334 
5 1736.728 
5 1652.490 
5 1642.137 
5 1647.290 
5 1360.218 
5 1460.566 
5 1195.455 
5 1354.615 
5 1653.665 
5 1286.887 
5 1704.268 
5 1926.636 
5 1504.335 
5 1676.116 
5 1492.888 
5 1557.338 
5 1266.569 
5 1529.656 
5 2086.892 
5 1135.409 
5 901.063 
5 1106.252 
5 1545.060 
5 1708.955 
5 1252.516 
5 1447.744 
4 1955.031 
5 2133.360 
5 1793.976 
4 1140.260 
5 2105.953 
5 1150.469 
4 1331.954 
5 1050.129 
5 1457.907 
5 1158.820 
4 1104.756 
5 830.786 
4 1390.769 
5 1793.150 
5 1837.347 
5 2201.080 
5 1791.094 
5 1118.233 
5 3307.922 
5 1294.236 
5 1330.269 
5 1658.522 
5 1214.037 
5 1361.272 
5 1327.949 
5 1388.292 
5 2097.923 
5 1465.613 
5 2151.806 
5 1402.079 
4 1333.008 
4 1284.590 
5 1316.490 
5 1204.451 
5 1390.302 
5 1411.698 
5 1197.724 
4 1195.590 
5 1338.857 
5 1216.293 
5 2112.389 
5 1772.630 
5 1845.973 
5 1534.142 
5 1364.537 
4 1787.943 
5 1876.412 
5 1734.361 
5 1728.613 
5 1048.829 
4 1446.605 
4 1468.207 
4 1938.892 
4 2080.211 
4 1260.014 
5 1201.237 
5 1204.759 
5 2123.274 
5 1396.190 
5 1556.481 
5 1515.477 
5 1760.458 
5 1458.218 
5 1782.136 
5 1446.221 
5 1059.476 
5 1289.064 
4 1736.585 
5 1310.501 
5 1652.031 
5 1263.130 
5 3050.863 
5 1464.926 
5 1550.740 
5 2309.154 
5 965.766 
5 1746.756 
5 1579.536 
5 1318.573 
5 2099.138 
4 1157.493 
5 1866.035 
5 1081.080 
5 1070.239 
5 1202.977 
5 996.146 
5 1024.345 
5 1504.934 
5 1128.929 
5 1491.123 
5 1199.920 
5 1204.559 
5 1467.625 
5 1309.069 
5 1116.439 
5 1351.487 
5 1941.957 
5 956.445 
5 1844.027 
5 1812.899 
5 1307.620 
5 1191.808 
5 1059.096 
5 1834.878 
5 790.534 
4 1212.946 
5 1185.572 
4 1115.286 
5 1528.426 
5 1221.776 
4 1056.237 
5 1316.214 
5 1414.825 
4 1272.569 
5 1581.812 
5 1525.294 
5 1531.512 
5 1199.227 
5 1403.945 
5 1705.628 
4 737.582 
5 869.826 
4 2338.598 
5 1192.019 
5 1391.908 
5 1876.166 
5 1195.116 
5 1405.228 
5 1698.520 
5 934.132 
5 1198.923 
5 1509.300 
5 1346.009 
5 1266.381 
5 1265.172 
5 1271.676 
5 1761.190 
5 1457.315 
5 1549.935 
5 1818.310 
5 1251.885 
5 1258.703 
5 1446.482 
5 1430.413 
5 1531.668 
4 1151.090 
5 1190.852 
5 1169.730 
4 1488.877 
5 1415.819 
5 1437.586 
5 1426.446 
5 1426.199 
5 1182.443 
5 1115.277 
5 1565.359 
5 1690.649 
5 1304.686 
5 1111.387 
4 1175.036 
5 1339.698 
5 2081.183 
5 1064.334 
5 1299.533 
5 1113.213 
5 975.642 
5 1357.475 
5 941.873 
5 1982.695 
5 1957.104 
5 1751.976 
5 1672.084 
5 2099.037 
5 1167.181 
5 1562.239 
5 2126.664 
5 1203.294 
5 1242.044 
5 1131.165 
5 1480.629 
4 1666.550 
5 2463.212 
5 1152.960 
5 1413.305 
5 1103.584 
4 1219.107 
5 1851.936 
5 1214.768 
5 1398.525 
5 1506.826 
5 966.954 
5 1441.740 
5 1196.808 
5 1561.977 
5 2535.314 
5 1360.214 
5 2057.772 
5 1207.263 
5 932.920 
5 1849.947 
5 1188.776 
4 1204.200 
5 1330.297 
4 1311.136 
5 1465.214 
5 1325.497 
5 822.594 
5 1430.293 
4 2068.400 
5 1717.834 
5 1198.187 
5 1284.424 
5 1033.467 
5 2164.516 
5 1156.613 
4 1452.823 
5 1578.714 
5 1288.525 
5 1113.991 
5 1303.027 
5 1434.291 
4 1458.497 
5 1080.073 
5 1173.502 
4 1121.871 
4 846.893 
5 1490.277 
5 1856.473 
5 1227.007 
5 1377.898 
5 1188.173 
5 1836.041 
5 1301.852 
5 1336.813 
5 1471.035 
5 1424.992 
4 896.077 
5 1836.938 
4 1383.340 
5 1980.090 
5 1714.367 
5 1815.281 
5 1844.534 
5 1333.501 
5 1254.952 
5 1349.144 
5 1727.822 
5 858.082 
5 2161.812 
5 2156.867 
5 1384.932 
5 1915.299 
5 1947.383 
5 1366.493 
5 1450.041 
4 1432.279 
4 1026.920 
5 1922.465 
4 1440.360 
5 1176.073 
4 1193.867 
5 1077.840 
5 1211.985 
5 923.898 
4 1579.917 
5 1313.779 
5 1203.015 
5 1662.749 
5 1988.381 
5 1416.010 
5 1281.677 
5 1552.360 
5 1996.701 
5 1218.760 
5 1419.478 
5 1863.334 
5 1605.929 
5 1105.865 
5 1855.833 
5 2181.208 
5 2663.041 
5 1296.678 
5 1329.126 
4 1438.681 
5 1107.250 
5 1949.029 
5 1719.120 
5 1055.708 
5 1074.296 
5 1852.808 
4 1249.103 
5 2034.234 
5 1582.699 
5 1456.698 
5 1088.090 
5 1095.754 
5 1201.803 
5 1544.563 
5 1012.076 
5 1719.870 
5 1313.498 
5 1926.778 
5 1486.235 
5 1497.807 
5 1848.445 
5 1860.935 
5 1440.635 
4 1879.187 
5 1168.302 
5 1474.458 
5 1892.223 
5 1523.235 
5 1216.139 
4 1865.081 
5 1471.096 
5 1624.886 
5 1385.223 
4 1620.422 
5 1137.284 
4 1373.939 
5 1290.926 
5 1172.958 
5 1801.803 
5 1338.750 
5 1157.204 
5 832.766 
4 1791.199 
5 1402.298 
5 1330.398 
5 1105.889 
5 1109.558 
5 1779.619 
5 1301.327 
5 1278.528 
5 1367.123 
5 1311.985 
5 1487.046 
5 1700.765 
5 1348.232 
5 1457.034 
5 1416.199 
5 1093.632 
5 1048.716 
5 1858.273 
4 1492.778 
5 1560.225 
5 1257.182 
5 1685.675 
5 1337.832 
5 1566.444 
5 1240.831 
5 1265.020 
5 1191.769 
5 1321.628 
5 1341.227 
5 1338.550 
5 1370.360 
5 1017.677 
4 1338.732 
5 1018.338 
4 1120.534 
5 1136.351 
5 1222.346 
5 1066.680 
5 1696.332 
5 1942.191 
5 1812.008 
4 2135.455 
5 1168.361 
5 1300.723 
5 1458.115 
5 1513.945 
4 2183.446 
5 1068.289 
5 1487.730 
4 1267.143 
5 1478.697 
5 1471.382 
5 1798.054 
5 1322.475 
5 2058.014 
5 989.273 
4 1041.358 
5 1261.133 
5 2045.023 
4 993.999 
5 1146.541 
5 999.906 
5 1827.805 
5 2250.964 
5 1520.266 
5 1446.680 
5 1211.109 
5 1498.448 
5 1596.358 
5 1655.161 
5 1499.021 
4 1594.366 
5 1351.239 
5 1500.479 
5 1533.830 
5 1416.973 
5 1561.547 
5 2100.299 
5 1248.781 
5 1310.801 
5 1568.410 
5 1014.382 
5 1105.358 
4 1224.622 
5 1205.981 
5 1247.330 
5 1571.887 
5 1348.256 
4 1334.106 
5 1531.448 
5 1752.703 
5 1181.549 
4 1946.846 
5 1110.725 
5 1691.367 
5 1249.126 
5 1502.443 
5 1395.227 
5 1298.244 
4 1256.770 
5 1021.572 
5 1433.374 
5 1347.018 
5 1804.078 
5 1072.753 
5 1346.127 
5 1425.669 
5 1916.739 
5 1534.024 
5 1185.623 
5 1084.543 
5 1575.206 
5 1259.234 
5 1128.279 
5 1803.253 
4 1032.188 
5 1631.729 
5 1294.597 
5 1170.244 
5 1337.753 
5 1723.663 
5 1387.389 
5 1757.146 
5 1761.795 
5 1710.811 
5 1389.700 
5 1353.365 
5 1172.876 
5 1115.683 
5 1230.179 
5 1315.973 
5 1591.362 
5 1036.228 
5 1551.989 
5 1149.245 
5 1262.615 
5 1220.864 
4 1631.655 
5 1204.876 
5 1198.210 
5 987.030 
5 1925.108 
5 1790.930 
5 1280.968 
5 1431.616 
5 1429.482 
5 1448.416 
5 1023.079 
5 1187.742 
5 1547.569 
5 1500.359 
5 1143.174 
5 1487.275 
5 1442.890 
5 1725.119 
5 1168.313 
5 1257.262 
5 1311.274 
5 1143.659 
5 1368.534 
5 1168.645 
5 1125.275 
5 1394.012 
5 2479.208 
5 1426.712 
5 1351.549 
5 1446.674 
5 1252.619 
4 1688.325 
5 1401.169 
5 1234.578 
5 1068.564 
4 1792.708 
5 1590.719 
5 2277.907 
5 1306.660 
5 1444.459 
5 1651.475 
5 1179.448 
5 1221.007 
5 1780.763 
5 1524.071 
5 1378.509 
5 1005.706 
5 1446.731 
5 1584.768 
5 1486.123 
5 1655.136 
4 1834.262 
5 1399.342 
5 1274.597 
5 2309.154 
5 1558.875 
4 1061.654 
4 1011.739 
5 1340.926 
5 1417.412 
5 1341.818 
5 1743.698 
5 1516.708 
5 1120.673 
5 1294.443 
5 1214.954 
5 931.719 
5 1878.778 
5 1234.022 
4 1462.029 
4 1320.478 
4 1860.786 
5 1398.987 
4 1032.525 
5 2281.083 
5 1371.986 
4 1265.363 
4 1206.428 
5 1610.294 
5 1664.084 
5 1228.611 
5 1701.537 
5 1670.387 
5 1675.976 
5 1190.522 
5 1655.443 
5 1090.573 
5 965.698 
5 1460.740 
5 1388.689 
5 1158.194 
5 1370.413 
4 1335.307 
4 918.081 
5 1287.969 
5 2411.948 
5 2072.107 
5 1474.421 
5 1366.578 
5 1274.277 
5 1256.621 
5 1320.859 
5 1323.215 
5 1576.969 
4 1525.959 
4 1483.012 
4 1747.589 
5 1442.657 
5 2010.628 
5 1301.730 
4 1062.395 
5 1001.129 
5 2140.561 
5 1316.633 
5 1355.292 
5 1444.110 
5 2113.552 
5 1321.703 
5 1690.441 
5 1404.766 
5 1453.830 
4 1394.360 
5 1026.470 
5 1096.824 
5 1455.770 
5 1188.874 
5 1846.369 
5 1386.004 
5 1381.200 
5 1081.678 
5 2110.384 
5 1006.535 
5 1621.757 
5 1966.361 
5 1830.741 
5 1137.507 
5 1361.188 
4 1152.681 
5 1143.685 
5 1994.064 
5 1632.782 
5 1512.311 
5 1556.506 
5 1997.487 
5 1797.582 
5 1206.591 
5 1529.517 
5 1794.016 
4 1051.684 
5 1068.510 
5 3206.343 
5 926.624 
4 1016.412 
5 1149.854 
5 1029.468 
4 1188.021 
5 1214.518 
5 2129.606 
5 1020.683 
4 1232.286 
4 1015.602 
5 2063.415 
5 1332.701 
5 1235.993 
5 1240.419 
5 1307.656 
4 1045.726 
5 1180.170 
5 1919.478 
5 1368.572 
5 1162.184 
4 1216.109 
5 1167.949 
5 1142.950 
5 1172.432 
5 1353.126 
5 1597.478 
4 1309.035 
5 1187.360 
5 1108.815 
5 1471.694 
5 1486.110 
5 1424.500 
5 1596.885 
5 1096.957 
5 1902.510 
5 1799.445 
5 1244.991 
5 1237.112 
5 1452.219 
4 1535.920 
5 1207.831 
5 1194.771 
4 1608.915 
5 1149.381 
5 1587.197 
5 1358.325 
5 1256.405 
4 1303.993 
5 2129.000 
5 2376.611 
5 1072.184 
5 1274.756 
5 1402.060 
5 1444.114 
5 1157.118 
5 1181.991 
5 2213.513 
5 1290.446 
5 1133.471 
4 1710.415 
4 953.284 
5 2057.061 
5 1465.377 
5 1293.650 
4 1801.404 
5 1821.010 
4 1681.452 
5 1307.212 
5 1622.222 
5 1481.489 
5 1802.926 
5 1360.554 
4 1384.619 
4 1020.022 
5 1641.490 
5 1449.087 
5 1456.044 
5 1311.010 
5 1402.721 
4 1797.762 
5 1464.616 
5 1261.330 
5 1615.961 
4 1485.043 
5 1208.221 
5 1617.762 
5 1148.233 
4 610.489 
5 1520.204 
5 1748.380 
5 1918.271 
5 1329.757 
5 1164.840 
5 1446.419 
5 1223.847 
5 1933.505 
5 1839.160 
5 1476.261 
5 1504.319 
5 1583.527 
4 1371.995 
5 1539.565 
5 1188.655 
5 1389.284 
4 1052.119 
5 1570.200 
4 1474.750 
5 1102.414 
5 936.465 
5 1493.381 
5 1516.398 
5 1157.422 
5 1047.138 
5 1360.528 
5 1283.248 
5 1160.959 
5 1502.535 
5 1066.606 
5 2018.435 
4 1736.112 
5 1501.432 
5 1253.042 
5 1504.174 
5 1249.893 
5 1456.272 
5 1720.016 
5 1188.736 
5 1332.478 
5 1346.181 
5 1429.430 
5 2105.623 
5 1332.664 
5 1808.952 
5 1320.838 
5 1351.417 
5 1874.097 
5 1515.671 
4 1918.220 
5 1134.560 
5 1366.722 
4 1563.928 
5 2568.229 
5 1293.116 
5 1783.189 
5 2184.570 
5 1369.260 
5 1023.415 
5 1351.313 
5 2072.632 
5 1329.538 
5 1551.587 
5 2183.151 
5 1386.001 
5 2233.020 
5 1200.595 
5 1805.928 
5 1520.175 
4 1167.495 
5 1821.802 
4 1438.124 
4 1480.551 
4 1079.009 
5 1933.441 
5 1523.222 
5 818.758 
5 1530.290 
4 1484.212 
5 1145.780 
5 1522.446 
5 1489.770 
5 2081.031 
5 1431.801 
4 1647.981 
5 1804.803 
5 1260.726 
5 1371.101 
5 1154.606 
5 1459.133 
5 914.038 
5 2050.457 
5 1228.349 
5 1138.209 
5 1401.467 
5 1542.913 
5 1426.984 
5 1330.695 
5 1077.513 
5 1456.167 
5 1758.229 
5 1139.835 
5 1362.515 
5 1635.944 
5 1292.867 
5 1408.578 
5 1275.346 
5 1770.752 
5 1444.989 
4 1133.272 
5 1276.757 
5 1207.025 
4 1643.450 
5 932.344 
5 1588.870 
5 1281.142 
5 1302.302 
5 1664.962 
5 1343.226 
5 1070.387 
5 2003.843 
5 1309.583 
5 1659.332 
4 770.775 
4 1275.961 
5 1969.910 
5 1188.103 
5 1142.117 
5 1661.384 
5 1273.096 
5 1477.764 
5 2410.325 
5 1071.974 
5 1478.591 
5 1279.030 
4 1309.361 
5 1308.867 
4 1338.895 
5 1433.702 
4 1134.112 
5 2035.171 
5 1376.263 
5 1102.440 
5 1883.260 
4 1406.516 
5 1939.623 
5 1625.769 
5 1172.364 
5 2001.736 
4 3017.946 
5 1222.497 
5 1800.900 
5 1212.234 
5 1093.753 
5 2042.013 
4 1131.764 
4 1728.447 
5 1252.100 
5 1291.079 
5 1110.750 
4 1986.339 
5 1947.336 
5 1252.879 
5 1434.763 
5 1193.858 
5 1162.213 
4 1362.825 
4 1461.268 
5 1747.697 
5 934.452 
5 1231.525 
5 1396.941 
5 1462.317 
5 1374.368 
5 1440.121 
5 1815.126 
5 1009.262 
5 1120.975 
5 1779.230 
5 1373.913 
5 1350.638 
5 1934.359 
4 1427.116 
5 1871.554 
5 2027.653 
5 2786.114 
5 1518.098 
5 921.803 
5 2045.951 
5 1570.907 
5 1770.208 
5 1137.224 
5 1384.760 
4 1082.495 
4 1668.057 
5 1191.331 
5 1249.335 
5 1422.106 
5 1346.610 
5 2103.901 
5 919.227 
5 1119.834 
5 1377.857 
5 1807.637 
5 1262.168 
5 1262.339 
5 1217.843 
5 1653.634 
5 1780.602 
4 1116.007 
5 1726.445 
5 1497.292 
5 1691.560 
5 1321.272 
5 931.077 
5 1032.640 
5 1007.748 
5 1261.507 
5 1683.135 
5 1317.012 
5 1456.998 
5 1389.394 
4 1382.821 
5 1293.069 
5 1426.584 
5 1966.601 
5 1231.984 
4 1080.945 
4 1253.412 
4 1770.966 
5 1083.289 
5 1453.593 
5 961.107 
5 1789.822 
5 2003.877 
5 1445.766 
5 1836.950 
5 1276.963 
5 1141.600 
5 1410.159 
5 1283.996 
5 1726.369 
5 1446.689 
5 1661.049 
5 2562.750 
5 1618.362 
5 1344.150 
4 1401.981 
5 1382.831 
4 2088.658 
5 1667.577 
5 1557.113 
5 1266.817 
5 1415.357 
5 1083.206 
5 1320.501 
5 837.262 
5 1265.606 
5 1227.876 
5 937.494 
5 1562.304 
5 1475.535 
5 1441.704 
5 1930.735 
5 2040.024 
5 1631.925 
5 1282.733 
5 1318.577 
5 1445.004 
5 1739.100 
4 1060.341 
4 1169.659 
5 1705.857 
5 1786.725 
5 1506.119 
4 2045.711 
5 1046.191 
4 1782.009 
5 1555.210 
5 1150.458 
5 1376.184 
5 1194.658 
4 1090.649 
5 1132.795 
5 1193.602 
5 1159.618 
5 2101.261 
5 1322.960 
5 1545.179 
5 1352.237 
5 1294.580 
5 1597.357 
5 1360.205 
5 1407.704 
5 1267.338 
5 1429.069 
4 1315.621 
4 1228.296 
4 1711.198 
5 1686.434 
5 1242.062 
5 1754.558 
4 1403.513 
5 1172.444 
5 1024.464 
5 1755.868 
5 1255.208 
5 1625.746 
5 1241.331 
5 1746.324 
5 979.139 
5 1181.085 
5 1016.443 
5 1516.539 
5 1315.509 
5 1623.203 
5 1360.479 
5 1268.803 
5 1766.222 
5 1309.408 
4 1311.522 
4 1165.197 
5 1737.121 
5 1591.216 
5 1801.596 
5 1473.151 
5 1358.985 
5 2467.820 
5 1486.960 
5 1686.207 
5 1179.788 
5 1136.474 
5 1610.116 
5 1586.020 
5 1261.194 
5 995.427 
5 1285.500 
5 1171.820 
5 2127.477 
4 1068.741 
5 1602.158 
5 1162.061 
5 1484.873 
5 1496.763 
5 1066.955 
4 884.746 
5 1663.201 
5 1322.261 
5 1025.810 
5 1449.645 
5 1397.205 
5 1705.233 
5 1243.902 
5 1465.333 
5 1674.967 
5 1474.664 
5 1684.097 
5 1418.554 
5 1176.163 
5 1302.795 
5 1597.911 
5 1393.867 
5 1271.640 
5 1654.719 
4 1580.143 
5 1360.893 
5 1552.099 
5 1723.710 
5 1249.190 
5 1879.634 
5 814.091 
5 1336.544 
5 1228.028 
5 1236.850 
5 2573.801 
5 1315.948 
5 1250.374 
5 1571.614 
5 1958.108 
5 1379.600 
5 1125.503 
5 1126.774 
5 1241.415 
5 1729.144 
5 1510.387 
5 1249.489 
5 1087.689 
5 1334.264 
5 1275.230 
5 1350.799 
4 1080.115 
5 1374.361 
5 1722.471 
5 1939.792 
5 1037.333 
5 1496.610 
5 1275.032 
5 1506.611 
5 1663.871 
5 2011.233 
5 1299.240 
5 1421.632 
5 1913.019 
5 1483.836 
4 1264.339 
5 1270.191 
5 1404.430 
5 1181.536 
5 1412.447 
5 1396.389 
5 1187.303 
5 1515.474 
5 1169.187 
5 1992.599 
5 1187.903 
5 1466.583 
5 1657.537 
5 994.805 
5 1127.698 
5 1472.588 
5 1641.851 
5 880.039 
5 791.315 
5 1265.569 
5 1108.739 
5 1479.592 
4 1206.640 
5 1594.538 
5 1364.008 
5 1008.884 
5 1812.879 
5 1188.059 
5 1748.122 
5 1412.302 
4 1307.560 
5 1397.533 
5 1401.954 
5 1254.368 
5 922.945 
5 719.756 
5 1173.011 
5 2171.097 
5 923.096 
5 1727.282 
5 1664.140 
5 1515.917 
5 1241.886 
5 1331.051 
5 1737.492 
5 1422.400 
5 1222.187 
5 1420.561 
5 1253.957 
5 1103.706 
5 1874.435 
5 1494.305 
4 2164.540 
5 1503.655 
4 1320.084 
4 1366.453 
5 1278.727 
5 1696.639 
5 1259.736 
5 1818.954 
5 1190.601 
5 1583.873 
5 1008.260 
5 1320.062 
4 1101.029 
5 1262.021 
5 1212.634 
5 1428.869 
5 1676.617 
5 1346.722 
5 1673.638 
5 959.926 
5 1637.651 
5 974.017 
5 1030.855 
5 1589.335 
5 1807.913 
5 2258.593 
5 1161.537 
5 1384.125 
5 1894.631 
5 1426.752 
5 1358.298 
5 1263.857 
5 1499.703 
5 1462.291 
5 1390.013 
5 725.169 
5 1152.458 
5 1593.821 
5 1150.888 
5 1971.667 
5 1102.755 
5 1453.889 
5 2011.246 
5 1345.607 
5 1312.448 
5 1719.807 
5 1286.739 
5 2015.119 
4 1915.558 
5 1187.525 
5 852.429 
5 1093.774 
5 865.589 
5 1535.274 
5 1536.754 
4 1446.418 
4 1642.461 
5 1389.587 
5 1254.286 
4 1179.666 
5 1223.375 
5 1445.889 
5 1754.490 
5 1390.322 
5 1772.101 
5 1359.269 
5 1103.279 
5 1699.399 
4 1146.401 
5 1360.217 
5 1798.429 
5 1203.775 
5 1245.723 
5 1167.391 
5 1951.039 
5 1395.775 
5 1782.885 
5 1116.429 
5 1188.717 
5 1460.244 
5 1122.960 
5 1361.719 
5 1258.770 
4 1198.997 
5 1448.758 
5 1198.730 
5 1415.674 
5 1131.677 
5 1301.082 
5 1660.622 
5 946.185 
4 1443.747 
5 1275.859 
5 1302.716 
5 2113.243 
5 1136.455 
5 1598.450 
5 985.071 
5 1665.665 
5 1021.462 
4 1533.203 
5 1565.314 
5 1378.903 
4 1756.448 
5 1240.663 
5 1456.980 
4 1513.949 
5 1327.436 
4 1401.760 
5 1281.089 
5 1727.729 
5 1313.369 
5 1658.378 
5 1605.783 
5 1561.494 
5 1370.838 
5 1264.231 
5 1526.547 
5 1325.775 
5 1658.435 
5 1386.381 
5 1893.095 
5 1408.886 
5 1274.417 
5 1938.205 
4 1107.188 
5 1171.004 
5 1180.608 
4 1381.036 
5 2050.776 
4 1660.665 
5 1423.818 
5 1310.077 
5 1459.824 
5 1165.333 
4 1023.636 
5 1660.599 
5 1907.926 
5 1864.882 
5 1398.614 
4 1671.616 
5 1288.460 
5 1199.589 
5 1123.447 
5 1661.079 
5 2037.321 
5 849.937 
5 1519.778 
5 1227.278 
5 1219.484 
4 929.935 
5 1344.475 
5 1762.557 
5 1566.577 
5 1621.310 
5 1338.469 
5 1561.469 
4 1269.599 
5 1372.727 
5 1579.063 
5 1449.976 
5 1746.456 
5 1227.486 
5 1351.360 
5 1050.111 
5 2254.109 
5 1460.547 
5 1532.577 
5 1404.599 
5 1471.921 
5 1012.101 
5 1316.919 
5 1122.961 
5 1324.125 
5 1077.731 
5 1605.203 
5 952.484 
5 804.193 
5 961.436 
5 1431.932 
5 1844.655 
5 1234.282 
5 1285.071 
5 1452.564 
5 1094.003 
4 1309.364 
5 1465.842 
5 1057.031 
5 1141.903 
5 1307.792 
4 1455.533 
5 1107.614 
4 1514.062 
4 1142.502 
5 1860.284 
5 1800.360 
5 1040.752 
5 1393.176 
5 1258.606 
5 1268.313 
5 1414.986 
5 1165.150 
5 1089.464 
5 1472.002 
4 1249.437 
5 1033.319 
5 1473.462 
5 1210.539 
5 1680.596 
5 1735.532 
5 1737.946 
5 2044.741 
5 1660.158 
5 1658.471 
5 1606.351 
4 1423.395 
5 1527.148 
5 1113.636 
5 1330.311 
5 893.084 
5 855.877 
5 1476.487 
5 1681.072 
4 1022.353 
5 1451.747 
5 1479.188 
5 1012.521 
5 865.977 
4 1004.938 
5 1204.231 
5 1456.402 
5 2280.473 
5 1231.964 
5 2154.370 
5 1248.937 
5 1676.845 
5 1208.741 
5 1261.770 
5 1713.315 
5 1338.540 
5 1405.476 
5 1419.737 
5 1339.302 
5 1369.412 
5 1359.935 
5 1566.348 
5 1295.218 
5 1303.176 
5 1213.824 
5 2411.158 
5 1747.887 
4 1242.390 
5 1307.941 
5 2114.259 
5 1538.542 
5 1240.608 
5 1389.788 
5 1436.477 
5 1681.154 
5 1222.151 
5 1482.108 
4 1447.785 
5 787.381 
5 1495.867 
5 1468.109 
5 1085.394 
5 1364.337 
5 1402.314 
5 1498.499 
4 1426.494 
5 1550.271 
5 1421.561 
5 1305.933 
5 1279.370 
5 1596.422 
5 2035.415 
5 1525.287 
5 1614.179 
5 1710.390 
5 1110.290 
5 1686.948 
5 1361.342 
5 1618.048 
5 1840.531 
4 1292.653 
5 1707.473 
5 1470.900 
5 1402.116 
5 1368.727 
5 1981.765 
5 1451.249 
5 1509.322 
5 1832.231 
5 1679.643 
5 1343.561 
5 1080.851 
5 1380.683 
5 1311.079 
5 1363.997 
4 1507.382 
5 1549.171 
5 2173.730 
5 1271.683 
5 1265.056 
4 1550.193 
5 1392.730 
5 2414.374 
5 1141.200 
5 1583.217 
5 1073.380 
5 1596.311 
5 1188.448 
5 1657.112 
5 1482.274 
5 1288.727 
4 1275.152 
5 1909.402 
5 1636.118 
5 1570.541 
5 1228.211 
5 1188.938 
4 1623.171 
4 1348.200 
5 1033.433 
4 875.453 
5 1171.200 
5 1857.627 
5 1086.048 
5 1757.183 
5 1858.708 
5 1660.279 
5 1545.127 
5 1624.659 
5 1307.860 
5 1299.066 
5 1689.147 
5 1657.351 
5 1579.045 
5 1253.231 
5 1578.362 
5 1316.513 
5 1712.447 
5 1217.110 
4 1478.554 
5 1332.059 
4 1605.259 
5 1297.292 
5 1678.971 
4 1156.241 
5 1094.349 
5 1922.452 
5 1478.574 
5 2018.829 
5 1327.323 
5 1286.114 
4 1144.666 
5 1130.232 
5 1442.064 
5 1175.099 
5 1163.629 
5 1066.896 
5 1478.294 
5 1484.126 
5 1212.694 
5 1556.450 
5 1502.599 
5 1213.546 
5 1466.137 
5 1196.595 
5 2222.120 
5 1376.448 
5 1601.659 
5 1590.140 
5 1303.085 
4 861.785 
4 2195.677 
5 1252.632 
4 1428.113 
5 1342.171 
5 1547.782 
4 1210.905 
5 2309.354 
4 1583.680 
5 1234.286 
5 1758.876 
4 1892.387 
5 1403.989 
5 1730.884 
5 940.854 
5 1618.315 
5 1199.072 
5 1710.787 
4 921.160 
5 1436.546 
5 1902.124 
5 1656.490 
4 1645.362 
5 1149.357 
5 1703.865 
5 1185.982 
5 1896.515 
5 1224.962 
5 1727.362 
5 1727.647 
5 1264.537 
5 1742.910 
5 1329.066 
5 941.723 
5 1522.449 
4 1222.022 
5 1278.321 
5 1012.791 
4 1442.276 
5 1267.971 
5 1407.137 
5 1988.783 
5 1190.388 
5 1619.408 
4 1472.134 
5 1177.057 
5 1608.370 
5 2116.501 
5 1579.484 
5 1482.938 
5 972.065 
5 1180.563 
5 1329.222 
5 1168.482 
5 1787.358 
5 1687.982 
5 1718.000 
5 910.652 
5 2610.136 
5 1924.130 
5 2419.596 
5 1232.882 
5 1332.596 
5 1571.023 
5 2201.639 
5 1721.767 
5 2159.767 
5 1018.001 
5 1723.893 
5 1321.140 
5 1904.967 
5 1611.878 
5 1105.252 
5 1777.631 
5 1158.418 
5 1568.487 
5 1196.672 
5 1163.013 
5 1402.920 
4 1780.562 
4 1378.791 
5 1133.165 
4 892.281 
5 1518.698 
5 1093.689 
5 1345.862 
5 1440.518 
5 1684.461 
5 1523.034 
5 1269.019 
5 1957.829 
5 1836.003 
5 1433.217 
5 1130.799 
5 1422.727 
5 2581.151 
5 1496.479 
5 1592.934 
4 1000.215 
5 1030.036 
5 1250.267 
5 1492.464 
5 1282.230 
5 1506.113 
5 1286.615 
5 1586.055 
5 1358.489 
5 1534.803 
5 2580.369 
5 1318.474 
5 1324.245 
5 1501.316 
5 2007.476 
5 1529.548 
4 1391.334 
5 1541.688 
5 1247.011 
5 1383.997 
5 1499.764 
5 1661.557 
5 1946.464 
4 1242.105 
5 1087.270 
5 1097.790 
5 1166.644 
5 1855.732 
5 1682.147 
5 1470.712 
5 1013.038 
5 1057.658 
5 1302.491 
4 1246.142 
5 1296.356 
5 1395.173 
4 1326.542 
5 1169.509 
5 1442.221 
5 1360.335 
5 1325.534 
5 1486.386 
5 1366.129 
5 1396.144 
5 1091.600 
5 1493.069 
5 1316.940 
5 1506.465 
5 2268.504 
5 1839.238 
5 1405.435 
5 1514.944 
5 1315.488 
5 1157.927 
5 1402.146 
5 1876.044 
5 1525.882 
4 1323.715 
5 1511.844 
5 1852.846 
5 1601.994 
5 1220.706 
5 1197.423 
5 1209.579 
5 1269.725 
5 1242.126 
5 1461.806 
5 1153.907 
4 1297.440 
5 1708.142 
5 1542.219 
5 1056.105 
5 1640.748 
5 1666.400 
4 1526.943 
5 1398.996 
5 1520.898 
5 1463.993 
5 1365.204 
5 1175.582 
5 1454.768 
5 1348.899 
5 886.381 
5 1446.334 
5 1541.184 
5 1420.246 
5 1991.567 
4 1130.180 
5 1582.654 
5 1504.669 
5 1194.915 
5 1061.053 
5 1537.771 
4 1227.520 
5 1518.898 
5 1730.774 
5 1751.216 
5 1407.766 
5 1725.960 
5 1491.899 
5 1964.340 
4 2027.261 
4 1229.197 
5 1409.545 
5 1309.661 
5 1456.559 
5 1326.469 
5 1178.889 
5 2294.976 
5 1674.144 
5 1017.590 
5 1822.464 
5 1177.704 
5 1699.176 
5 2020.959 
5 1712.035 
4 1350.737 
5 1244.189 
5 1353.863 
5 1602.888 
4 1045.029 
5 757.348 
5 1754.344 
5 1674.544 
5 1752.545 
5 1471.314 
5 1650.589 
5 1982.245 
5 2063.790 
4 1407.189 
5 1738.599 
4 1602.492 
5 1214.906 
5 1818.970 
5 1920.525 
5 1349.129 
5 1276.851 
5 1466.795 
5 1655.746 
5 1376.888 
5 1555.156 
5 1287.354 
5 1925.415 
5 2389.865 
5 1671.472 
5 1361.288 
5 1606.312 
5 1732.823 
5 1209.655 
5 1488.594 
5 1348.392 
5 1596.573 
5 1073.884 
5 1741.100 
4 1258.833 
5 1331.567 
4 1414.659 
5 1231.422 
5 1215.841 
5 1866.667 
5 1367.350 
5 1601.762 
5 1386.359 
5 1617.625 
5 1269.959 
5 1540.040 
5 1189.662 
5 1417.512 
5 1349.900 
5 1341.288 
4 1425.843 
5 1720.543 
5 1491.570 
5 1975.728 
5 1817.901 
5 1060.516 
4 1396.201 
5 1246.480 
5 1253.797 
5 1870.994 
5 1359.482 
5 1253.298 
4 2289.059 
5 1240.642 
5 1121.080 
5 1669.757 
5 1340.605 
5 1937.164 
5 2576.213 
5 1393.701 
5 1830.052 
5 1231.078 
5 1901.858 
5 1223.550 
5 1243.356 
5 1381.596 
5 1438.754 
4 1005.216 
5 1989.204 
5 1317.589 
4 1774.312 
5 1733.135 
5 1320.913 
5 1683.354 
5 1172.676 
5 1388.337 
5 1034.376 
5 1247.941 
5 1412.315 
5 1357.915 
5 1214.564 
5 1093.948 
5 1056.139 
5 1572.746 
5 1167.687 
5 1474.435 
5 1164.213 
5 1729.728 
5 1738.317 
5 1804.241 
5 1829.299 
4 1399.643 
5 1396.157 
5 1048.297 
5 738.163 
5 1013.029 
5 1309.297 
5 1320.185 
5 1030.671 
5 1226.769 
5 2397.270 
5 1371.439 
4 1094.783 
5 1141.119 
4 1432.171 
5 1650.864 
5 1759.663 
4 1188.230 
5 1195.676 
5 2006.910 
5 1738.718 
5 2329.947 
5 1615.893 
5 1815.331 
5 2099.456 
5 1541.808 
5 1083.314 
5 1274.801 
5 1321.760 
5 1896.436 
5 1821.983 
5 1673.079 
5 934.111 
5 1696.153 
5 1979.255 
4 1792.872 
5 1454.706 
5 1101.069 
4 1707.257 
5 1151.967 
5 1389.353 
4 1724.198 
4 955.836 
5 1600.068 
5 1256.827 
5 1336.341 
5 1371.423 
5 1213.779 
5 1525.406 
5 1825.491 
5 1313.222 
5 940.152 
5 1200.526 
5 1581.656 
5 1475.745 
5 1498.347 
5 1270.545 
5 1322.506 
5 935.449 
5 2743.868 
5 1424.966 
5 1291.477 
5 1551.029 
5 1556.066 
5 2220.239 
5 1179.747 
4 1343.819 
5 1600.054 
5 1268.793 
5 1834.109 
4 964.246 
5 1515.407 
5 1827.874 
4 1848.944 
5 1330.722 
5 1150.467 
5 1690.469 
5 1248.942 
5 1233.243 
5 1648.058 
5 1533.783 
5 1194.505 
5 1975.930 
5 1428.096 
5 1796.996 
5 1848.810 
5 1769.460 
5 1633.106 
5 1349.553 
5 1221.472 
5 1542.021 
5 1380.966 
5 1074.507 
5 1525.717 
5 1388.366 
5 1402.109 
5 1379.129 
5 2179.008 
4 1393.780 
5 1137.469 
5 987.471 
5 1088.103 
4 1416.904 
5 2119.589 
5 1479.923 
5 1947.881 
5 1628.740 
5 1374.719 
5 1334.111 
5 1436.257 
5 2396.876 
5 1487.474 
5 1211.584 
5 2135.498 
5 961.991 
5 1745.589 
5 1562.778 
5 1043.342 
5 1605.162 
5 1056.629 
5 1196.182 
5 1582.886 
4 1621.062 
5 1387.304 
5 1149.708 
5 1625.109 
5 1703.371 
5 1194.538 
5 1414.155 
5 1343.925 
5 1142.255 
5 1193.701 
5 1127.097 
4 1390.837 
5 921.939 
5 1380.367 
5 1350.254 
5 1626.190 
5 1247.401 
5 1463.720 
5 1580.572 
5 820.576 
4 1223.071 
5 1604.895 
5 1039.397 
5 1477.334 
5 1117.393 
5 1584.185 
5 1369.699 
4 738.287 
4 882.928 
5 1635.769 
5 1335.253 
4 1719.095 
5 1361.949 
5 1288.898 
5 1423.564 
5 1258.719 
5 1559.137 
4 757.113 
5 1172.462 
5 1174.488 
4 1257.771 
5 1289.024 
5 1799.686 
5 1125.063 
5 1215.395 
5 1203.165 
4 1208.272 
5 1341.730 
5 1459.309 
5 1240.774 
5 1832.651 
4 976.573 
5 1464.934 
5 1875.801 
5 1289.942 
5 1394.400 
5 1530.120 
5 1296.325 
5 1239.825 
5 1518.323 
5 1844.722 
4 1016.031 
5 1234.523 
5 1534.257 
5 1517.218 
5 775.629 
5 1243.174 
5 1847.733 
5 1019.250 
5 2021.070 
5 1070.494 
5 1330.361 
5 939.389 
5 1531.674 
5 1190.417 
5 1581.071 
5 1065.302 
5 1311.249 
4 1333.580 
5 1620.926 
5 2009.768 
5 1574.661 
5 1215.320 
5 1617.846 
5 1182.416 
5 1289.954 
5 1580.714 
5 1514.223 
5 1074.669 
5 1134.199 
5 1362.728 
5 1331.518 
5 1301.848 
5 2420.547 
4 2690.118 
5 920.900 
5 1347.193 
5 1416.825 
5 1167.477 
5 1919.482 
5 1357.537 
4 1718.491 
5 1151.906 
4 1549.726 
5 1397.871 
5 1694.379 
5 1703.202 
5 1748.568 
4 1577.688 
5 1029.248 
5 1678.406 
5 1555.085 
5 1472.578 
5 1265.783 
5 1210.023 
5 1744.596 
5 1353.973 
5 1378.486 
5 1254.297 
5 1530.341 
5 1172.397 
4 1992.223 
5 899.835 
5 1545.003 
4 1016.210 
5 1186.332 
5 1363.342 
5 1532.855 
5 1897.751 
5 1095.424 
4 1378.299 
5 1374.234 
4 1200.796 
5 1320.082 
5 950.199 
5 1838.300 
5 1249.640 
5 2049.418 
4 1382.266 
5 1792.269 
5 1557.837 
5 1438.478 
5 2486.906 
4 965.123 
5 1769.122 
5 2106.895 
5 1104.762 
5 1524.161 
4 1988.303 
4 1036.602 
5 1082.296 
5 1159.438 
5 1048.783 
5 2568.180 
5 1496.212 
5 1416.699 
5 1466.507 
5 1593.586 
5 1665.484 
5 1273.996 
5 1514.404 
5 1238.282 
5 987.839 
5 1499.115 
5 1470.792 
5 1464.845 
5 1819.646 
5 1402.927 
5 1514.177 
5 1177.229 
5 1608.832 
5 1363.221 
5 1196.291 
5 928.266 
5 2032.297 
5 1012.816 
5 1014.545 
5 1279.954 
5 1280.579 
5 1286.660 
5 1252.461 
4 1556.331 
4 1094.879 
5 1415.969 
5 1118.868 
5 2073.855 
5 1200.461 
5 1082.052 
5 1327.240 
5 1220.665 
5 1763.142 
5 1456.653 
5 1149.035 
5 1167.485 
4 868.997 
5 1508.360 
5 1380.237 
5 1799.879 
5 1811.535 
5 1195.314 
5 1543.475 
5 1625.199 
4 908.735 
5 838.362 
5 1035.291 
5 1648.016 
5 1639.888 
5 1212.255 
5 1433.965 
5 1583.376 
5 1334.855 
4 1320.729 
5 1348.395 
5 1319.846 
5 1093.465 
5 2234.910 
5 1275.252 
5 1200.260 
4 1160.424 
5 1589.427 
5 1214.094 
5 1198.421 
5 1326.819 
5 1961.143 
5 1289.425 
5 1640.482 
5 1487.659 
4 661.251 
5 917.954 
5 1567.924 
4 1380.282 
5 1592.112 
5 1544.928 
5 1245.314 
5 1816.943 
5 1374.890 
5 1590.480 
5 974.380 
5 1080.337 
5 932.768 
5 1564.103 
5 1139.956 
5 2406.209 
5 1996.690 
5 1648.073 
5 2251.881 
5 1210.565 
5 1275.937 
5 1338.228 
5 1614.898 
4 1307.559 
5 999.422 
5 924.536 
5 1089.192 
5 1290.425 
5 1631.015 
5 1100.797 
5 1430.064 
5 1338.056 
5 2005.689 
5 1112.367 
5 1322.620 
5 1537.397 
5 1768.960 
5 2044.684 
5 1579.799 
5 1354.209 
4 1470.425 
5 1135.850 
5 1193.903 
5 2166.269 
5 1551.566 
5 1440.234 
5 1060.374 
5 1112.664 
4 856.024 
5 1122.011 
5 1413.049 
5 1751.917 
5 1343.719 
5 1265.946 
5 1570.861 
5 1432.805 
4 1128.084 
5 1206.258 
5 1230.632 
5 1977.520 
5 1636.821 
5 1263.963 
5 1378.721 
5 1264.113 
5 1216.250 
4 1600.531 
5 1265.393 
5 1598.567 
5 2370.002 
5 1620.789 
5 1314.916 
5 1034.413 
5 1311.881 
5 1246.382 
5 1439.641 
5 1385.283 
5 1102.496 
5 1536.628 
5 1125.026 
5 1089.282 
5 1387.264 
4 1078.739 
5 1093.458 
4 1275.542 
5 1556.916 
5 1126.856 
4 1211.442 
5 1373.242 
5 2026.572 
5 1280.873 
4 1829.065 
5 1936.286 
5 1444.151 
5 2055.894 
5 1434.520 
5 982.674 
5 1464.120 
4 1025.416 
5 1356.976 
5 1728.067 
5 2338.468 
5 1706.763 
5 1098.786 
5 1885.419 
4 1624.806 
4 1753.731 
5 1815.245 
5 1643.500 
5 1264.571 
5 1169.667 
5 2056.864 
5 1671.371 
5 1168.726 
4 1022.094 
5 957.454 
5 1199.575 
5 1153.226 
4 733.306 
5 1610.152 
5 1316.984 
5 1340.114 
5 1647.130 
5 841.903 
5 1106.875 
5 1404.281 
5 1318.878 
5 1368.672 
5 2029.223 
5 1458.521 
5 1488.767 
5 1361.963 
5 1178.070 
5 1310.523 
4 1144.352 
5 1308.468 
5 1509.982 
5 1466.684 
5 2858.553 
4 1268.736 
5 1565.742 
5 2437.402 
5 1164.812 
4 1378.467 
5 1427.437 
5 1205.076 
5 1428.136 
5 1390.812 
5 1184.754 
5 1265.205 
5 881.652 
5 1490.699 
5 1582.852 
5 1713.522 
4 664.583 
5 1184.029 
5 1380.960 
5 1630.011 
5 2119.732 
5 1209.635 
5 1451.063 
5 1590.644 
5 1780.463 
5 1458.405 
5 1221.576 
5 1725.844 
5 844.987 
5 1597.528 
5 1941.109 
5 1800.702 
5 1576.252 
5 1260.238 
5 1347.541 
5 1232.473 
5 1473.175 
5 1032.407 
5 1920.045 
5 1890.960 
4 1427.747 
5 1036.846 
5 2370.715 
5 1421.069 
5 1527.183 
5 1359.365 
4 1898.315 
5 1319.212 
5 1603.605 
5 736.419 
4 1432.804 
5 1265.942 
5 1546.222 
5 1639.913 
5 800.572 
5 1411.052 
5 1085.258 
5 1511.164 
5 814.835 
5 1326.127 
5 1257.622 
5 985.489 
4 845.094 
4 1182.824 
5 1531.289 
5 1509.165 
5 1251.583 
5 1910.558 
5 1521.186 
5 1895.249 
5 1647.951 
5 1094.010 
5 1545.005 
4 1637.129 
5 1115.974 
5 1301.981 
5 1687.621 
5 739.253 
5 1297.144 
5 1337.454 
5 1423.096 
5 1237.370 
5 1906.950 
4 1936.329 
5 1264.799 
5 1205.476 
5 1086.712 
5 1194.727 
5 1223.543 
5 1202.391 
5 1297.168 
5 842.976 
5 1299.526 
4 1265.522 
5 1809.079 
5 1102.878 
5 1189.559 
5 1865.369 
5 1603.565 
5 1564.161 
5 1425.268 
5 1151.373 
5 1660.218 
5 1761.983 
5 1457.398 
5 1799.196 
5 1644.403 
5 1966.667 
5 2746.305 
5 1206.425 
5 648.145 
5 1372.313 
5 1254.124 
5 1308.012 
4 1155.179 
5 1565.028 
5 1570.213 
5 1438.461 
5 1988.390 
4 1123.301 
5 1283.345 
5 2107.887 
5 1438.999 
5 1373.619 
5 1106.817 
5 1148.996 
5 1342.131 
5 1224.986 
5 1632.052 
5 1280.830 
5 1405.254 
5 1203.343 
5 1738.895 
5 1676.227 
5 1325.616 
5 2198.822 
5 1121.742 
5 1403.989 
5 1433.781 
5 1587.154 
5 963.193 
5 1472.455 
5 1911.307 
5 2118.426 
5 1311.943 
4 1907.190 
4 1435.745 
5 1332.632 
5 1312.207 
5 1135.364 
5 1277.766 
5 1952.228 
5 2054.428 
5 1578.752 
5 1289.221 
5 1722.708 
5 1795.735 
5 2140.813 
5 1254.947 
5 1184.722 
5 1371.663 
5 1188.703 
5 1310.125 
4 1409.926 
5 1304.073 
5 1542.841 
5 1760.733 
4 1155.062 
5 1281.880 
5 2347.102 
5 1678.475 
5 1430.203 
5 1300.701 
5 1602.140 
5 1760.466 
5 1550.519 
5 1537.329 
5 1803.115 
4 1378.026 
5 1198.105 
5 1198.075 
5 1318.727 
5 1626.922 
5 2291.399 
5 1152.672 
5 2003.290 
5 1237.612 
5 1062.208 
4 2011.264 
5 1906.571 
5 1154.657 
5 1843.760 
5 2088.724 
5 1552.804 
5 1584.437 
5 1665.149 
4 1239.944 
5 1343.092 
5 1062.779 
5 1486.942 
5 1113.493 
5 1385.388 
4 1250.449 
5 1380.691 
5 1338.316 
5 1147.244 
5 1323.717 
5 1386.045 
5 1498.753 
5 1612.651 
5 1574.066 
5 1299.575 
5 1616.967 
5 1335.768 
5 1140.313 
5 940.221 
5 1201.005 
4 889.608 
5 1878.622 
5 1313.725 
5 1399.152 
5 1378.094 
5 1098.672 
5 1370.374 
5 1358.797 
5 1279.851 
5 1679.097 
5 1506.530 
5 1502.810 
5 1663.451 
4 1466.431 
5 1558.020 
5 1206.822 
5 1143.008 
5 1477.103 
5 1047.603 
5 1412.719 
5 1409.933 
5 1192.256 
5 1488.232 
5 2130.887 
5 1586.774 
5 1252.525 
5 1361.872 
4 1211.395 
5 1313.871 
5 1721.371 
5 2281.603 
5 1039.917 
5 885.848 
5 2053.511 
4 2533.425 
5 1550.664 
4 2125.452 
5 1589.310 
5 1389.127 
5 1220.236 
5 1229.611 
5 1399.966 
5 1442.849 
5 1990.213 
5 1411.935 
5 1201.396 
5 1111.431 
5 1053.898 
5 1365.157 
5 1438.746 
5 1258.679 
5 1968.214 
5 1680.376 
5 1317.195 
5 1408.812 
5 1424.092 
5 1422.216 
5 1334.892 
5 1651.527 
5 1652.553 
5 1128.444 
5 1448.552 
5 1658.494 
5 1370.381 
5 1348.001 
5 1618.693 
5 1574.321 
5 2200.525 
4 1826.488 
5 1488.694 
5 1057.516 
4 1843.865 
5 1454.328 
5 2125.713 
5 2827.354 
4 1340.739 
5 1588.599 
5 1736.971 
4 1174.666 
5 1357.703 
4 1293.433 
5 1443.239 
5 1944.088 
5 1484.661 
5 1195.266 
5 1364.228 
5 1625.630 
5 1580.443 
5 1309.127 
5 1407.906 
5 1407.907 
5 1316.844 
4 1699.205 
5 1486.960 
5 1149.135 
4 1714.104 
5 1370.261 
4 1453.301 
5 1868.516 
5 1176.912 
5 1333.349 
5 2220.476 
5 1638.506 
5 1041.527 
5 1216.876 
5 2016.465 
5 1742.663 
5 1225.949 
5 1791.342 
5 1242.605 
5 1357.968 
5 1887.111 
5 1404.085 
5 2284.848 
5 1144.319 
5 1755.557 
5 1247.957 
5 1473.063 
5 1484.042 
5 1552.065 
5 1166.695 
5 1372.319 
5 2531.862 
5 2021.303 
5 1146.494 
5 1819.890 
4 1509.310 
5 1077.375 
5 1832.045 
5 994.440 
5 1973.405 
5 1087.568 
5 1769.071 
5 1455.090 
5 1515.801 
5 1397.734 
5 2554.643 
5 1246.182 
5 1085.153 
5 1544.713 
5 2024.074 
5 1513.710 
5 1430.408 
5 1037.306 
5 1943.337 
5 1592.371 
5 1979.184 
5 1855.163 
4 926.798 
4 1343.549 
5 1470.546 
5 1377.937 
5 1388.135 
5 1667.406 
5 1184.515 
5 1959.264 
4 1312.616 
5 1660.209 
4 934.932 
5 1065.072 
5 1433.713 
4 1762.482 
5 1705.952 
5 1454.070 
5 1751.269 
4 1185.658 
5 1470.573 
5 1294.294 
5 1087.944 
5 1511.128 
5 1712.743 
5 1314.402 
5 1814.868 
5 1575.859 
5 1482.731 
4 1282.752 
5 1105.996 
5 1479.116 
5 1115.274 
5 1712.038 
5 1316.570 
5 1305.201 
5 1563.563 
5 1297.028 
5 1844.223 
5 1425.005 
5 2226.846 
5 1330.357 
5 1457.218 
5 1281.498 
4 930.995 
5 1275.944 
5 2513.528 
5 1211.010 
5 1247.231 
5 1371.052 
5 1726.058 
5 1643.632 
5 1806.153 
5 1344.384 
5 1684.034 
5 1272.969 
5 1658.200 
5 1804.773 
5 904.308 
4 1083.280 
4 800.752 
5 1336.943 
5 1656.499 
4 1258.177 
4 1239.151 
5 1395.298 
5 1321.621 
5 1871.040 
5 1650.791 
5 1090.812 
5 1603.702 
4 1580.514 
4 1891.560 
5 1340.543 
5 1094.677 
5 1642.905 
5 1315.971 
5 1633.750 
5 1775.055 
4 1574.122 
5 1666.741 
5 1349.494 
5 1846.396 
5 1225.922 
5 1278.841 
5 1297.208 
5 1449.998 
