4 1535.726 
5 1488.776 
5 1697.606 
5 960.189 
5 2174.222 
5 1929.994 
4 1617.810 
5 1611.040 
5 1606.987 
5 1577.571 
5 2194.865 
5 1733.771 
5 2019.496 
5 1833.273 
5 1798.091 
5 2317.029 
5 1418.354 
5 1284.029 
5 2190.556 
5 1418.380 
5 1587.357 
5 1949.961 
5 1230.200 
5 1827.892 
5 1522.617 
5 1983.819 
5 1627.595 
5 1885.569 
5 1431.940 
5 1950.816 
5 1345.494 
5 1895.018 
5 1452.402 
5 1275.956 
5 1471.556 
5 1568.811 
4 1664.084 
5 1680.586 
4 1426.297 
5 1672.538 
5 1588.685 
5 1474.718 
5 1278.130 
5 1351.327 
5 1158.534 
5 1211.502 
5 1191.085 
5 1928.299 
5 2183.701 
5 1613.860 
4 1630.387 
5 1144.819 
5 1407.396 
5 1356.868 
4 2138.047 
5 1590.313 
4 1509.143 
5 1322.921 
4 2845.193 
5 2037.128 
5 1440.760 
5 1420.733 
5 1498.169 
5 1488.063 
5 1780.840 
5 1571.867 
5 1580.507 
5 2011.535 
5 2006.016 
5 1480.167 
5 1474.635 
5 1765.005 
4 1279.338 
4 2001.835 
5 1505.824 
4 1189.644 
5 1482.367 
5 1441.842 
5 1607.610 
4 2669.462 
5 1310.518 
5 2209.531 
5 1689.777 
5 1584.881 
5 1762.340 
5 1452.085 
5 1341.028 
5 1310.709 
5 1567.820 
4 1376.036 
5 2580.736 
5 1828.693 
5 1829.860 
5 2207.838 
5 1237.069 
5 1368.335 
5 1591.377 
5 1773.072 
5 1121.593 
4 1573.169 
4 1112.890 
5 2507.376 
5 1490.729 
5 2264.312 
5 1840.130 
5 1197.646 
5 1263.750 
5 1328.801 
5 1326.237 
5 2172.998 
5 1475.270 
5 1424.646 
5 1199.139 
5 1972.413 
5 1094.678 
5 1846.032 
5 1371.760 
5 1543.323 
5 1570.720 
5 2174.880 
4 1521.032 
5 1478.624 
4 1708.220 
5 1356.734 
5 1606.827 
5 1344.536 
5 1874.052 
5 1823.940 
5 1466.767 
5 1668.618 
5 1268.202 
5 1944.363 
5 1478.881 
5 1680.622 
5 1722.629 
5 1724.635 
5 2060.277 
5 1122.203 
5 1918.576 
5 1428.234 
5 1614.030 
5 1290.291 
5 2494.589 
5 1806.326 
5 1843.547 
5 1153.735 
5 1724.224 
5 1295.142 
4 2101.191 
5 2105.879 
5 1114.678 
5 1613.552 
5 1683.925 
5 1645.729 
5 1758.828 
5 1482.896 
5 1250.963 
5 1316.205 
5 1642.297 
5 1457.185 
5 1246.849 
4 2128.175 
5 1537.518 
5 1688.693 
5 1801.412 
5 1769.779 
4 1373.475 
5 2281.200 
5 1703.465 
5 1498.443 
5 1941.037 
5 1242.318 
4 2075.615 
5 1723.921 
4 1494.604 
5 1638.230 
5 1475.668 
5 1376.986 
5 1671.591 
5 1940.795 
4 1324.077 
4 1375.567 
4 1312.316 
4 1636.097 
5 1484.535 
5 1199.900 
5 2412.752 
5 1373.362 
5 1557.012 
5 1469.965 
5 1220.218 
5 1299.663 
5 1492.431 
5 2107.969 
5 1319.453 
5 1232.999 
5 1910.099 
5 1540.885 
5 1450.785 
5 1667.486 
5 1835.467 
4 1389.318 
5 1836.032 
5 2079.433 
5 1282.867 
5 1995.381 
5 1599.502 
5 1685.717 
5 1603.507 
5 2288.446 
5 1227.465 
4 1721.273 
5 1681.750 
5 1531.717 
5 1641.096 
5 1582.761 
5 1968.696 
5 2818.898 
5 2149.657 
5 2212.390 
4 1668.290 
5 1318.594 
5 1391.155 
4 1641.423 
5 1117.645 
5 2248.312 
5 1563.294 
5 1733.717 
5 2012.018 
5 2062.903 
4 1599.437 
4 1580.876 
4 1014.633 
5 1583.754 
5 1527.483 
4 1818.322 
5 1118.474 
5 1688.776 
5 1369.319 
5 1300.762 
5 1388.249 
5 1593.651 
5 1711.659 
4 1031.858 
5 2051.565 
5 1103.331 
5 2192.896 
5 1700.974 
5 2244.615 
5 1691.287 
5 1826.016 
5 1065.368 
5 1570.769 
5 1420.329 
4 1196.928 
5 1561.206 
5 1394.913 
5 1600.944 
5 1372.674 
5 1589.322 
4 2382.278 
5 2669.703 
5 2157.572 
5 1093.945 
4 1367.296 
5 2270.612 
5 1648.964 
5 1766.077 
5 1696.865 
5 1098.706 
5 1493.397 
5 851.361 
5 1694.953 
4 1851.831 
5 1457.846 
4 1862.348 
4 1722.741 
4 1213.991 
4 1564.515 
5 1702.769 
5 1089.616 
5 1598.367 
5 1338.071 
5 1976.292 
5 1653.983 
5 1681.507 
5 1504.189 
5 1319.963 
5 1316.835 
5 1762.282 
5 1440.235 
4 1669.825 
5 1581.608 
5 2712.201 
5 1664.129 
4 1431.419 
5 1426.927 
4 1224.509 
5 1663.718 
5 3101.555 
5 1857.378 
5 1186.857 
5 1544.524 
4 1777.641 
5 1691.763 
5 1243.422 
5 1291.273 
5 1298.425 
5 1415.244 
5 1889.047 
5 1830.747 
5 1329.998 
5 1600.170 
5 1439.522 
5 1429.930 
5 1320.681 
5 1245.155 
5 1900.919 
5 2371.951 
4 2079.893 
5 2491.122 
5 1631.449 
5 1590.448 
5 2020.325 
5 1913.266 
5 1949.258 
5 1695.889 
4 1015.498 
5 1625.103 
5 1468.222 
5 2328.569 
5 2148.630 
5 1701.454 
5 1236.653 
5 1543.112 
5 1654.899 
5 1578.679 
5 1583.342 
5 1442.655 
5 1701.512 
5 1099.814 
5 1215.038 
5 1640.131 
5 1571.724 
5 1592.130 
5 1766.978 
5 1273.438 
5 1373.258 
5 1605.280 
5 1361.630 
5 1416.690 
5 1934.470 
5 2234.862 
4 1407.340 
5 2132.218 
5 1253.477 
5 1522.704 
5 1673.052 
5 1598.749 
5 1437.223 
5 2250.521 
5 1520.380 
5 1577.072 
5 1635.164 
4 1900.210 
5 1380.141 
5 1830.361 
4 1188.934 
5 1759.354 
5 1792.797 
4 1898.196 
5 1423.593 
5 1900.062 
5 1649.963 
5 1316.958 
5 1253.898 
5 1908.109 
5 1328.982 
5 1233.278 
5 1874.165 
5 1842.960 
5 2181.267 
5 1983.419 
4 2366.697 
5 1755.762 
5 1557.194 
5 1323.900 
5 1819.898 
5 1671.560 
5 1485.218 
5 1709.625 
5 1569.886 
4 1729.675 
5 1506.553 
5 1483.866 
4 1581.157 
5 1279.075 
5 1625.722 
5 1670.998 
5 1583.804 
5 1036.434 
5 1958.293 
5 1170.782 
5 1410.137 
4 1786.765 
5 1530.307 
5 1557.261 
5 1202.695 
5 1450.416 
5 1690.412 
5 1278.765 
5 1483.089 
5 1379.056 
5 2007.611 
5 1403.510 
5 1564.530 
5 1383.209 
4 1992.722 
5 1434.962 
5 1469.714 
5 1588.865 
5 1637.479 
5 1774.352 
5 1440.891 
5 1804.561 
5 1602.691 
5 1346.544 
5 1656.562 
5 1110.182 
5 1266.826 
5 1476.416 
5 1394.178 
4 1339.557 
5 1389.979 
5 1307.677 
5 1669.671 
5 1754.821 
5 1855.664 
5 1439.043 
5 1551.021 
5 1579.000 
5 2085.386 
4 1805.271 
5 3128.011 
5 1292.771 
5 1781.073 
5 1332.546 
4 1816.536 
5 1287.569 
5 1428.449 
5 990.858 
5 1650.086 
5 1363.961 
5 1724.307 
5 2243.442 
5 2266.392 
4 2516.668 
5 1407.021 
5 1766.265 
5 1608.326 
5 1485.085 
5 1646.858 
5 1469.463 
5 1784.761 
5 2003.547 
5 1521.994 
5 1415.747 
5 1732.675 
4 1456.998 
5 1488.998 
5 1623.173 
5 2104.286 
5 1869.290 
4 1388.781 
5 1401.033 
5 1264.623 
5 1584.086 
5 1590.858 
5 1015.345 
5 2094.161 
5 1943.382 
5 1555.735 
5 1101.704 
5 1562.200 
5 1433.099 
5 1546.666 
5 1277.139 
5 1453.939 
5 1454.194 
5 1627.650 
5 1365.124 
5 1331.867 
5 2411.973 
5 1484.609 
5 2740.666 
4 1859.235 
5 1498.524 
5 1516.701 
5 1608.816 
5 2028.082 
5 1347.467 
5 1842.132 
5 2724.370 
5 1605.090 
5 2306.958 
5 1320.327 
5 1719.760 
5 1546.252 
5 1440.101 
5 1702.608 
5 1880.300 
5 1572.194 
5 1425.258 
5 1459.464 
5 1445.162 
5 1518.424 
5 1157.942 
5 1528.178 
5 1317.511 
5 1754.184 
5 1845.702 
5 1741.281 
5 2556.945 
5 1449.484 
4 1836.759 
4 1489.828 
4 1907.598 
5 1742.646 
5 1203.855 
5 1533.644 
5 1216.159 
5 2252.032 
5 2532.178 
4 2351.938 
4 1342.367 
5 1163.834 
5 1343.401 
5 1456.945 
5 1323.667 
5 1335.934 
5 2514.136 
5 1275.146 
5 1734.160 
5 1741.111 
5 2102.966 
5 1724.236 
5 1651.336 
5 1682.764 
5 1436.946 
5 1598.220 
5 2183.704 
5 1476.176 
5 1713.499 
5 1264.961 
5 1477.675 
5 1285.448 
5 1778.306 
5 1465.416 
5 1316.393 
5 1756.050 
5 1791.752 
5 1560.979 
5 2033.094 
5 1534.791 
5 1615.740 
5 1666.855 
5 1552.670 
5 1306.412 
5 1264.022 
5 1297.133 
5 1678.960 
5 1609.339 
5 1435.243 
5 1342.547 
5 1500.066 
5 1514.788 
5 1361.511 
5 1566.277 
4 1672.402 
5 1846.687 
5 1232.694 
5 1679.177 
5 1401.502 
4 1433.336 
5 1267.148 
5 1649.134 
5 1328.628 
5 2068.748 
5 1263.218 
5 1113.163 
5 1085.759 
5 1284.001 
5 1383.782 
5 1832.766 
5 1942.632 
5 1577.866 
5 1437.297 
5 839.271 
5 1833.317 
5 1238.753 
5 1376.029 
5 1847.636 
5 1969.241 
5 1656.845 
4 1495.114 
5 1603.912 
5 2157.051 
5 1594.070 
5 1639.918 
5 1372.415 
5 1216.561 
5 1719.730 
5 1231.276 
5 1506.119 
5 1636.205 
5 1916.037 
5 1511.568 
5 1556.225 
5 1336.240 
5 1542.456 
5 1580.471 
4 1943.137 
4 1587.427 
5 2334.890 
4 1407.202 
5 1206.974 
5 1686.834 
5 1363.202 
5 1398.679 
5 1683.383 
5 1485.905 
4 1721.350 
5 1643.614 
5 1673.687 
5 1790.099 
5 2366.173 
5 2118.352 
4 1874.058 
5 1299.391 
5 1359.995 
5 1401.833 
5 1413.252 
5 1450.222 
5 2126.577 
5 1732.541 
5 1325.187 
5 1820.820 
5 1364.696 
5 1322.444 
5 1351.797 
4 1484.296 
5 1653.217 
5 1365.499 
4 1192.420 
5 1361.305 
5 1472.151 
5 1283.550 
5 1685.136 
5 1446.702 
5 1423.352 
4 1271.906 
5 1481.256 
5 1461.065 
5 1648.529 
5 1535.275 
5 2134.912 
5 1332.098 
5 1861.371 
5 1421.955 
5 1206.032 
4 1312.516 
5 1691.554 
5 2228.767 
5 2076.181 
5 2307.633 
5 2089.647 
4 1454.097 
5 1252.171 
5 1516.637 
4 1442.340 
5 1525.110 
5 1947.732 
5 1988.104 
4 1653.205 
5 1672.221 
4 1615.477 
5 1936.692 
5 1570.717 
5 1443.598 
5 2103.358 
4 2069.427 
5 1579.273 
5 1983.271 
5 1106.838 
5 2789.691 
5 1508.124 
5 1619.527 
5 1171.651 
5 1958.554 
5 1800.454 
5 1429.881 
5 1572.886 
4 1266.784 
4 1469.766 
5 2133.120 
5 1134.209 
5 1462.999 
5 1770.555 
5 1364.354 
5 1806.052 
5 1900.945 
4 1501.606 
5 1651.719 
5 1426.933 
5 1396.166 
5 1974.041 
5 1912.092 
5 1115.269 
5 1515.909 
5 1644.261 
5 1443.809 
5 1659.127 
5 1863.585 
4 1376.198 
5 1709.815 
5 1463.986 
5 2278.701 
5 1706.130 
5 1300.918 
5 2406.086 
5 1485.201 
4 1305.630 
5 1261.179 
5 1904.906 
4 1600.774 
5 2014.200 
5 1448.536 
5 1776.505 
5 1421.803 
5 1871.971 
5 1554.462 
5 1649.501 
5 1294.318 
5 2213.000 
5 1838.372 
5 1549.523 
4 1403.102 
5 1319.588 
5 1700.025 
5 1394.477 
5 1820.864 
5 1999.791 
5 1986.884 
5 1601.140 
5 1466.972 
5 1398.298 
5 1967.472 
5 1828.607 
5 1874.302 
5 1446.433 
5 1520.043 
5 1409.293 
5 1670.764 
5 1775.599 
5 1364.738 
5 1944.475 
4 1958.685 
5 1458.869 
5 2087.470 
5 1684.133 
5 1731.136 
5 1012.387 
4 1473.273 
5 1160.762 
5 2839.515 
5 1716.093 
5 1476.823 
5 1317.875 
5 1898.672 
5 1298.483 
5 1741.255 
5 1357.236 
5 1563.399 
5 1353.158 
5 1302.468 
5 1518.326 
5 1369.129 
5 2340.048 
4 1737.962 
5 1400.668 
5 1551.717 
5 1747.117 
5 2082.794 
5 1636.899 
4 2734.159 
5 2027.665 
4 1345.456 
5 1749.908 
5 1734.693 
5 1449.340 
5 1801.967 
5 1634.672 
5 1651.715 
5 1326.547 
5 2357.742 
5 1302.431 
4 1503.034 
5 2003.887 
5 1551.344 
5 1361.568 
5 1195.722 
4 1777.602 
5 1377.091 
5 1336.179 
5 1333.036 
5 2482.714 
5 1626.226 
5 2792.253 
5 1318.611 
5 2039.258 
5 1736.306 
5 1495.872 
5 1421.046 
4 1254.106 
5 1685.554 
5 2608.593 
5 1647.593 
5 1525.602 
5 2097.876 
5 1450.004 
4 929.568 
5 1502.134 
5 1741.268 
5 1996.856 
5 1670.401 
5 1550.946 
5 1578.408 
5 1323.700 
4 1298.174 
5 1337.798 
5 1467.484 
5 1201.581 
5 1652.721 
5 2454.026 
5 2013.464 
4 1722.807 
5 1836.890 
5 1335.514 
5 1367.179 
5 1431.271 
5 1552.513 
5 1321.877 
5 2042.800 
4 1292.784 
5 1436.740 
4 1497.444 
5 1698.951 
5 2435.791 
5 1615.025 
5 1135.048 
5 1854.253 
5 819.686 
5 1950.373 
5 1726.236 
5 1551.481 
4 1545.119 
5 1362.561 
5 2216.072 
5 1487.605 
5 1175.855 
4 1670.131 
4 1691.521 
5 1150.656 
5 1603.582 
5 1568.367 
5 1319.375 
5 1229.695 
5 1319.641 
5 1710.505 
5 1241.019 
5 1766.373 
5 1481.106 
5 1658.304 
4 1494.001 
5 1609.802 
4 1992.348 
5 1679.507 
5 1182.718 
5 1021.404 
4 1767.477 
5 1645.677 
5 1324.113 
5 2406.395 
5 1582.951 
5 1700.958 
5 1896.926 
5 1442.333 
5 1573.696 
5 1468.399 
5 1359.712 
5 1629.688 
5 2351.225 
5 1271.602 
5 1500.740 
5 2375.354 
5 1392.909 
5 1658.602 
4 1554.591 
5 1110.471 
5 1579.310 
5 2331.348 
5 1602.299 
4 1894.753 
5 1519.700 
5 1688.710 
5 1222.681 
5 2035.827 
5 1223.918 
5 1907.437 
4 1493.076 
5 1472.354 
5 1347.048 
5 1489.413 
5 1502.199 
5 1949.645 
5 1615.370 
5 1420.010 
5 1358.860 
5 1871.207 
5 2021.604 
5 2101.455 
5 1903.204 
5 1546.471 
5 1338.652 
5 1375.062 
5 925.670 
5 1288.147 
5 2740.698 
4 987.391 
5 1376.774 
5 2070.152 
5 1895.578 
5 1534.280 
4 1462.858 
5 2862.238 
5 1741.510 
5 1580.334 
5 2132.305 
5 2302.670 
5 1354.432 
5 2026.743 
5 1056.227 
5 1402.994 
5 1337.781 
4 1965.899 
5 2110.347 
5 1379.767 
5 1867.621 
5 1439.704 
5 1417.364 
5 1860.767 
5 1966.524 
5 1689.582 
5 2365.959 
5 2441.298 
5 1713.926 
5 1560.702 
4 1745.823 
5 2006.986 
5 1291.178 
5 2201.197 
5 1299.155 
5 2271.134 
5 1339.957 
5 1525.886 
5 1377.729 
5 1638.434 
5 2013.768 
5 1533.247 
5 1745.676 
5 1283.579 
5 1630.566 
5 1489.838 
5 1549.848 
5 1371.496 
4 1341.108 
5 1659.270 
5 1707.323 
4 1737.541 
5 1881.690 
5 1553.823 
5 1236.967 
5 1632.170 
5 1950.729 
5 1341.300 
5 1247.656 
5 1654.008 
5 1947.422 
5 1745.445 
5 1446.132 
5 1470.496 
5 2182.019 
5 1238.380 
5 2323.310 
5 1875.164 
5 1923.732 
5 1559.170 
4 2906.087 
5 1619.439 
5 2052.117 
5 2161.231 
5 1714.990 
5 1426.025 
5 2240.388 
5 1691.838 
5 1087.140 
5 1263.819 
5 1401.679 
5 1593.291 
5 1497.415 
5 1371.396 
5 1463.073 
5 1641.826 
5 1519.009 
5 2098.593 
5 1593.265 
5 1552.849 
5 1524.378 
4 1665.618 
5 2376.474 
5 1232.117 
5 1360.412 
5 1595.902 
5 1914.374 
4 977.790 
5 1339.429 
5 2007.722 
5 1359.039 
5 1442.940 
5 2070.849 
5 1786.656 
5 1390.623 
5 1578.049 
5 1084.763 
5 2218.938 
5 1645.998 
5 1772.297 
5 1400.540 
5 1591.386 
5 1464.307 
5 1922.894 
5 1565.202 
5 1451.435 
4 1552.603 
5 2063.249 
5 2210.533 
5 1675.196 
5 1384.376 
5 1668.371 
5 1962.335 
5 2352.127 
5 1431.908 
5 1377.953 
5 1620.781 
5 1372.381 
5 1238.794 
5 1962.274 
5 1456.461 
5 1368.412 
5 1357.791 
5 2386.580 
5 1616.416 
5 1601.179 
5 2002.312 
5 1503.865 
5 1597.186 
5 1528.168 
5 1882.599 
5 1742.408 
5 1379.632 
5 1839.890 
5 2401.505 
5 1923.398 
5 1534.509 
5 1212.545 
4 1636.030 
5 1767.716 
5 1001.650 
5 1609.734 
5 1520.932 
4 1579.033 
4 1538.667 
5 1419.994 
5 1860.341 
5 2235.803 
5 1553.506 
5 1754.772 
5 1388.142 
5 1441.444 
4 1605.806 
5 1654.496 
5 1764.068 
5 1545.873 
5 1419.226 
5 1584.320 
5 1300.023 
5 1459.886 
5 1535.412 
5 1623.259 
5 1176.056 
5 1490.761 
5 1817.237 
5 1599.740 
5 1468.826 
5 2038.755 
5 1857.616 
5 2045.933 
5 1586.109 
5 2046.420 
5 1641.515 
5 1794.612 
5 2310.482 
5 1307.846 
5 2079.965 
4 1265.262 
5 1714.920 
5 1416.229 
5 1712.754 
5 1039.528 
5 1712.519 
5 1464.836 
5 1737.109 
5 1565.859 
5 1680.003 
5 1634.743 
5 1451.756 
5 1501.420 
5 1579.367 
5 1572.612 
5 2235.366 
5 2008.951 
5 2138.324 
5 1462.038 
5 1636.962 
5 1183.119 
5 1547.727 
5 1398.005 
4 1692.012 
5 2565.672 
5 1525.967 
5 1628.470 
5 1904.476 
5 1689.787 
4 1455.457 
5 1559.942 
5 1955.128 
5 1623.932 
4 1142.917 
4 1549.474 
5 1212.801 
5 3285.755 
5 1083.558 
4 1459.609 
5 1587.833 
5 1809.479 
5 1182.752 
5 2227.943 
4 1110.187 
5 1438.034 
5 1215.651 
5 1745.040 
5 1653.673 
5 1497.973 
5 2276.459 
5 1453.727 
5 2479.139 
5 2246.411 
5 1502.120 
5 1990.868 
5 1400.548 
5 1300.840 
5 1435.789 
5 1589.708 
5 1529.544 
4 1345.411 
5 1338.839 
5 2308.526 
4 1328.504 
5 1471.543 
5 1866.273 
5 1106.580 
5 1529.173 
5 1475.315 
4 1744.391 
5 1699.391 
4 2028.581 
4 1570.033 
4 1458.480 
4 1248.422 
5 1440.867 
5 1846.602 
5 1870.510 
5 1318.583 
5 2407.395 
5 1581.446 
5 1424.354 
5 1604.862 
5 1349.863 
5 1441.223 
4 1696.651 
5 2013.338 
5 1697.269 
4 2468.086 
5 1852.262 
5 2066.286 
5 1442.532 
5 1843.835 
5 1778.961 
5 1508.388 
5 1687.211 
4 1528.234 
5 2121.498 
5 2105.645 
5 2027.069 
5 1665.540 
5 2140.720 
5 2182.457 
5 2322.046 
5 1420.226 
5 1434.987 
5 2018.176 
5 1521.702 
5 1441.649 
5 1744.234 
5 1265.759 
5 1297.537 
5 2096.556 
5 2334.568 
5 1846.716 
5 2294.968 
5 1284.901 
5 1275.940 
4 1696.480 
5 1673.241 
5 1732.039 
5 1022.640 
5 1668.982 
5 1319.582 
5 1960.437 
4 1735.485 
5 1575.043 
5 2115.076 
5 1483.359 
5 1223.842 
5 1555.060 
5 1308.792 
5 1177.719 
5 1273.956 
5 1675.990 
5 1911.903 
5 1666.055 
5 1373.921 
5 1188.350 
4 1317.689 
4 1516.086 
5 1453.867 
4 1245.927 
5 1451.255 
5 1366.171 
5 1721.400 
5 2016.622 
5 1159.252 
5 1635.244 
5 1970.277 
5 1990.657 
5 1158.697 
5 2503.353 
5 1342.368 
5 1083.803 
5 1245.933 
5 1724.073 
5 1699.788 
5 2092.712 
5 1771.859 
5 1482.727 
5 1607.628 
5 1633.964 
5 1249.477 
5 1679.877 
5 1776.290 
5 2003.611 
5 1527.802 
5 1190.764 
5 1643.284 
5 1611.000 
5 1665.779 
5 1447.166 
5 996.988 
5 2072.009 
4 1422.757 
5 2307.712 
5 2105.578 
5 1941.307 
5 2002.537 
5 1171.101 
5 2104.124 
5 1906.433 
5 1682.789 
5 2096.056 
5 1487.263 
4 1470.551 
5 1968.879 
5 1978.806 
5 1351.714 
5 1375.723 
5 1437.391 
5 1573.219 
5 1661.980 
5 2410.641 
5 1329.258 
5 1174.239 
5 1415.303 
5 1938.535 
5 1554.658 
4 1204.817 
5 1575.051 
5 1800.333 
5 1479.018 
5 1193.056 
5 1954.468 
4 1581.215 
5 1412.102 
5 2154.917 
5 1201.029 
5 1306.417 
5 1486.574 
5 2139.661 
5 1547.731 
5 1533.424 
5 1377.611 
4 1561.007 
5 1408.950 
5 1272.060 
5 1569.473 
5 1500.408 
5 2381.045 
5 1308.209 
5 1603.137 
5 1730.332 
5 1069.101 
5 2179.745 
5 2416.795 
5 1259.415 
5 1528.054 
5 1957.648 
4 1796.800 
4 1829.642 
5 1435.525 
5 1404.235 
4 1253.332 
5 1719.854 
5 1656.253 
5 1553.463 
5 2114.160 
5 1188.483 
5 1618.787 
5 1570.472 
5 1247.356 
5 1286.131 
5 1590.472 
5 1496.092 
4 1140.133 
5 1455.462 
5 1092.422 
5 1460.483 
5 1478.452 
5 1862.037 
5 1571.557 
5 1199.165 
5 1511.186 
5 1444.093 
4 1419.558 
5 1334.931 
5 1493.264 
5 2320.912 
5 1165.957 
5 1633.115 
5 1485.060 
5 1450.482 
5 1563.185 
5 1904.123 
5 1392.989 
5 1497.424 
5 1608.457 
5 1585.521 
5 2102.836 
5 1453.054 
5 1503.612 
5 2025.209 
5 1542.581 
5 1695.046 
4 1520.951 
4 804.836 
5 1532.145 
5 1881.857 
5 2377.511 
5 2048.953 
5 1481.445 
5 1334.887 
4 1341.216 
5 1292.380 
5 1441.677 
5 1696.496 
5 1562.779 
4 1173.359 
5 1359.093 
5 1823.196 
5 1761.127 
5 1357.772 
5 1596.284 
4 998.822 
5 1790.991 
5 1342.947 
4 986.244 
5 1010.642 
5 1107.225 
5 1544.468 
5 1476.297 
5 1704.861 
5 1616.289 
4 1627.656 
5 1417.191 
5 1825.829 
5 985.197 
5 1124.172 
5 1337.626 
5 1650.447 
5 1885.658 
5 1283.916 
5 1742.115 
5 1334.278 
5 1562.492 
5 1771.396 
4 1541.553 
5 2697.886 
5 2175.387 
5 1295.207 
5 1515.778 
4 1575.396 
5 1692.916 
5 2235.160 
5 1826.189 
5 1474.881 
5 1567.753 
5 1785.122 
5 1273.919 
5 1701.512 
4 1935.995 
5 1448.054 
4 1117.414 
5 1429.222 
5 952.501 
4 1759.449 
5 1142.717 
5 1642.362 
5 1386.057 
5 1828.527 
5 2099.071 
5 1867.831 
5 1436.629 
5 1641.567 
5 1434.611 
5 1501.800 
5 3082.768 
5 2363.508 
5 1484.335 
5 1262.357 
5 1771.260 
5 1576.793 
5 1377.638 
5 1590.597 
5 1039.431 
5 1092.749 
5 2235.881 
5 1057.918 
5 1755.692 
5 1282.855 
5 1866.945 
5 1705.205 
5 1526.275 
5 1489.082 
4 1185.280 
5 1265.847 
5 1532.717 
5 1423.749 
5 1860.504 
5 1848.403 
5 1923.917 
5 1574.518 
5 1606.921 
4 1681.770 
5 1520.608 
5 1210.627 
5 2165.678 
5 1804.445 
5 1881.000 
5 1611.421 
5 1450.139 
5 1697.730 
5 1986.429 
5 1361.375 
5 1734.769 
5 1689.687 
5 1432.547 
5 1647.390 
5 1295.293 
5 1538.766 
4 1302.468 
5 1432.764 
5 1490.767 
5 2455.148 
5 1940.869 
4 1369.432 
5 1324.156 
4 1521.337 
5 1500.159 
5 1377.473 
5 1873.509 
4 842.166 
5 1247.059 
5 1995.070 
5 1544.888 
5 1383.415 
4 1412.918 
5 1641.328 
5 1424.608 
5 1289.358 
5 1588.104 
5 1828.589 
4 1807.580 
5 1762.077 
5 1528.963 
5 1671.020 
5 1216.101 
5 1565.261 
5 1404.666 
5 1403.857 
5 1275.320 
5 1078.441 
5 1564.024 
5 1334.487 
5 1241.727 
5 1532.570 
5 1192.410 
5 1417.745 
5 2131.111 
4 1437.678 
5 2694.738 
5 1071.322 
5 1767.010 
5 1331.932 
4 1207.642 
5 1979.131 
4 1642.701 
5 939.126 
4 2086.192 
5 1205.208 
5 1410.162 
5 1829.208 
5 1241.350 
4 1448.503 
5 1796.784 
5 1404.183 
5 1435.468 
5 1654.289 
5 1762.752 
4 1408.770 
5 1550.915 
5 1389.706 
5 1780.969 
5 1368.121 
5 1493.331 
4 837.613 
5 1533.600 
5 1522.924 
5 1697.130 
5 1770.921 
4 912.243 
5 1404.965 
5 1656.943 
5 1953.573 
5 1919.877 
5 1772.433 
5 1317.593 
5 1358.688 
5 1018.746 
5 1216.120 
5 1521.131 
5 2011.907 
5 1633.714 
5 1790.535 
5 1852.224 
5 2244.188 
5 1615.609 
5 1019.571 
5 1808.169 
5 2071.791 
5 1318.265 
4 1557.764 
4 1242.167 
5 1399.146 
5 1380.325 
5 1528.622 
5 2127.066 
5 1280.130 
5 1189.621 
5 1501.129 
5 1416.979 
5 1558.495 
5 1322.857 
5 1612.251 
5 1651.325 
5 1119.698 
5 1392.015 
5 1999.310 
5 1767.204 
5 1722.218 
4 1540.873 
5 1823.792 
5 1485.281 
5 1477.641 
5 1976.734 
5 2008.826 
5 1800.549 
5 1924.977 
5 1696.797 
5 1467.194 
5 1444.838 
5 1559.940 
5 1565.745 
4 1260.938 
5 2383.444 
5 2722.168 
5 1662.951 
4 1348.901 
5 1737.982 
5 2458.458 
5 1403.660 
5 1213.242 
4 1993.338 
5 1333.419 
5 2076.017 
5 2037.861 
4 1700.266 
5 1422.072 
5 1530.878 
5 2433.396 
5 1533.932 
4 1526.128 
5 2713.186 
5 1666.940 
4 930.002 
5 1568.139 
5 2804.484 
5 1018.039 
5 1611.503 
5 2051.191 
5 1921.026 
5 1434.278 
5 1391.984 
4 1419.000 
4 2232.278 
5 1659.024 
5 1691.322 
5 1716.683 
5 1464.160 
5 1190.616 
5 1436.151 
5 1812.657 
5 1341.390 
5 1661.849 
5 1604.906 
5 1641.594 
5 1667.013 
5 1904.406 
5 2227.612 
4 1600.870 
5 1569.306 
5 1667.563 
5 1422.839 
5 1447.110 
5 1566.690 
5 1214.563 
5 1378.831 
5 1726.958 
5 2071.730 
5 1465.721 
5 1406.388 
4 1621.949 
5 1133.217 
5 1553.449 
5 1729.350 
5 2586.801 
5 1538.721 
5 1310.183 
5 1240.118 
5 1142.885 
5 1286.827 
5 2114.697 
5 1717.988 
5 1637.470 
5 1570.163 
5 1650.358 
5 1450.454 
5 1746.253 
5 1623.475 
5 1540.795 
5 2094.044 
5 1972.349 
5 1578.753 
4 1663.972 
5 1977.618 
5 1480.638 
5 2021.012 
5 1674.745 
5 1327.728 
5 1413.690 
5 1057.331 
5 1196.500 
5 1246.211 
5 1503.441 
5 1155.987 
5 2197.220 
5 1776.880 
5 1604.599 
4 1780.298 
5 1582.346 
4 1358.134 
5 1507.341 
4 2207.011 
5 1576.821 
5 1605.898 
5 2197.787 
5 1575.806 
5 1744.777 
5 2112.115 
5 1865.032 
5 1987.622 
4 1370.193 
5 1997.008 
5 1396.243 
4 1181.893 
5 1898.523 
5 1642.368 
5 1305.732 
4 1540.270 
5 1314.613 
5 1360.628 
5 2501.666 
5 1419.674 
5 2043.112 
5 1759.325 
5 1649.360 
5 2439.294 
5 2160.727 
5 1519.279 
5 2225.416 
5 1727.459 
5 1469.272 
5 2107.049 
5 1391.635 
5 1544.288 
5 1708.373 
5 1702.926 
5 1195.682 
5 851.403 
5 1747.817 
5 1790.509 
5 1449.331 
5 1543.090 
5 1731.255 
5 1831.153 
5 1389.460 
5 1534.704 
5 1566.152 
5 1568.910 
5 1416.937 
5 1057.723 
4 1443.144 
5 1537.263 
5 2498.435 
4 2073.779 
5 1028.479 
5 1613.399 
5 1410.691 
5 1943.801 
4 1655.685 
4 1249.429 
5 2319.923 
5 1427.437 
4 2773.842 
5 1561.985 
5 1460.578 
4 1137.038 
5 1721.518 
4 2130.056 
5 1852.726 
5 1855.332 
5 1448.289 
5 1328.688 
5 1775.348 
5 1275.928 
5 1757.460 
5 1359.070 
5 2585.193 
5 1690.088 
5 1846.642 
5 1474.130 
5 1892.124 
4 1508.030 
5 1312.875 
5 1126.719 
5 1890.600 
5 1529.385 
4 1265.422 
5 1652.387 
5 1676.841 
4 1850.468 
5 1220.635 
4 1272.210 
5 1616.523 
5 2031.626 
5 1207.898 
5 2926.951 
4 1809.223 
5 2183.467 
5 1362.162 
5 1919.072 
5 1674.702 
5 1539.237 
5 1466.065 
5 1368.990 
4 1647.696 
5 1463.148 
5 1768.821 
5 1964.273 
5 1450.793 
5 1194.369 
5 1221.549 
5 1628.139 
4 1315.780 
5 1404.802 
5 1429.000 
4 1603.003 
5 1543.602 
5 1460.040 
5 1307.682 
5 1445.057 
5 1625.027 
5 978.942 
5 1951.430 
5 1728.624 
5 1589.971 
4 2154.009 
5 2031.158 
4 1599.162 
5 1815.347 
5 1756.687 
5 1277.646 
4 2293.050 
5 1097.645 
5 2261.487 
5 1659.491 
5 1137.249 
5 1259.120 
5 1259.536 
5 1853.479 
5 1452.905 
5 1578.390 
5 1806.960 
5 1466.832 
5 1653.144 
5 1730.366 
5 1653.848 
5 2253.731 
5 1456.923 
5 1399.755 
4 1633.404 
5 1550.250 
5 1356.527 
4 1700.159 
5 2030.917 
5 1568.512 
5 1201.170 
5 2271.836 
5 1132.084 
5 1512.797 
5 1938.778 
5 1821.644 
5 1910.924 
5 1890.252 
5 1979.556 
5 1303.912 
5 1877.660 
4 1456.693 
5 1649.781 
5 1686.407 
5 1420.822 
5 2304.920 
4 1354.837 
5 2031.178 
5 2114.437 
5 1420.778 
5 1727.517 
5 1503.555 
5 1463.144 
5 1417.011 
5 1775.917 
5 1628.286 
5 1544.876 
5 1111.753 
5 1935.686 
5 1331.208 
5 1177.984 
5 1602.599 
4 1629.768 
5 2036.380 
5 1368.318 
5 1284.478 
5 2074.509 
5 1776.029 
5 1381.908 
5 1356.824 
5 1459.705 
5 1552.853 
5 1583.527 
5 1464.192 
5 1419.166 
4 1431.811 
5 1751.781 
5 1765.693 
5 1481.873 
5 1506.168 
5 1174.895 
5 1323.623 
5 1690.306 
5 1455.129 
4 2258.476 
5 1411.360 
5 1471.202 
5 1454.090 
5 1506.559 
5 1435.719 
5 2049.305 
5 2292.060 
4 1253.406 
4 1461.517 
5 1976.316 
5 1910.617 
5 1946.332 
5 1769.341 
5 1546.334 
5 1829.823 
5 1764.433 
5 1838.280 
5 1596.574 
5 1458.372 
5 2864.323 
5 2187.264 
5 1811.050 
5 1450.558 
5 1344.466 
5 1612.399 
5 2093.105 
5 2073.299 
5 1462.101 
5 1767.184 
5 1315.711 
5 1331.355 
4 1347.793 
5 1594.568 
5 2292.284 
5 2130.539 
5 1997.066 
5 2135.679 
5 1597.816 
5 1396.917 
5 1926.732 
5 1456.084 
5 1108.531 
5 1635.110 
5 1803.545 
4 1289.682 
5 2132.518 
5 1555.599 
5 2016.092 
5 1777.234 
5 1578.976 
5 1386.350 
5 1614.436 
5 1216.221 
5 1427.501 
4 2392.773 
5 2480.753 
5 1281.738 
5 2063.340 
5 1883.014 
5 2363.640 
5 1320.928 
5 1799.667 
4 1327.161 
4 2178.669 
5 1698.404 
5 1366.651 
5 1733.741 
5 1391.524 
5 1215.620 
4 1699.876 
5 1365.981 
5 1494.699 
5 2237.425 
5 1572.536 
5 1587.333 
5 1282.229 
5 1726.857 
4 1145.129 
5 2201.626 
5 1372.058 
5 1348.315 
5 1623.906 
5 1873.518 
5 1214.378 
5 1531.681 
5 1870.810 
5 1593.465 
5 1744.452 
5 2009.835 
4 1756.983 
5 1301.010 
5 1614.869 
4 1043.384 
5 1257.340 
4 1562.038 
4 1445.084 
5 1803.123 
5 1691.492 
5 1124.890 
5 1005.678 
5 1363.852 
4 1285.438 
5 1674.210 
5 1317.550 
4 1576.719 
5 1715.294 
5 1918.547 
5 1451.332 
4 1583.574 
5 1298.044 
5 2350.284 
5 1935.428 
5 2795.079 
5 1538.293 
5 1546.509 
5 1416.937 
5 1756.488 
5 1551.896 
5 2041.955 
5 1266.665 
5 1682.079 
5 2140.628 
5 2263.412 
5 2049.754 
5 1366.667 
5 1318.686 
5 1480.212 
5 1529.210 
4 2320.271 
5 1364.640 
5 1603.345 
5 1017.511 
5 1792.310 
5 1413.470 
5 1551.104 
5 1859.499 
5 1535.592 
5 1743.753 
5 2404.365 
5 1860.177 
5 2677.192 
5 1818.345 
4 1484.345 
5 1379.729 
5 1744.031 
5 1815.579 
5 1557.058 
5 1263.663 
5 1277.276 
5 2505.069 
5 2073.499 
5 2359.066 
5 1838.495 
5 1331.711 
5 1157.122 
5 1441.700 
5 1627.476 
5 1889.497 
5 1380.192 
4 1516.955 
5 1369.501 
5 1354.779 
5 1432.425 
5 1650.747 
5 2259.609 
5 2731.659 
5 1218.157 
4 1268.503 
5 2085.085 
5 1278.927 
5 1283.522 
5 2824.869 
5 1622.898 
5 1354.790 
5 1836.778 
4 1623.436 
4 2792.768 
5 1435.004 
5 2524.823 
5 1834.284 
5 2076.492 
5 959.034 
4 1256.941 
5 1378.209 
5 1569.219 
5 1445.874 
5 2353.197 
5 1329.700 
5 1415.393 
5 1618.189 
5 1518.347 
5 1323.814 
5 2174.898 
5 1837.509 
5 1848.972 
4 1944.229 
5 1566.526 
5 1772.533 
4 1213.469 
5 1427.765 
5 2664.932 
5 2753.619 
5 1200.530 
5 1656.768 
5 1817.457 
5 1548.279 
5 1526.318 
5 1049.421 
5 1622.874 
5 1696.880 
4 1696.624 
5 1436.645 
5 1634.438 
5 2048.413 
5 2403.662 
4 1517.859 
5 1702.021 
5 1976.429 
4 1574.886 
5 1541.388 
5 1520.912 
5 1420.301 
5 1697.602 
5 1725.289 
5 1332.996 
5 1588.473 
4 2009.888 
5 2179.241 
5 1486.002 
5 1832.932 
5 1787.446 
5 1386.136 
5 2024.629 
4 1835.218 
5 1859.219 
5 2127.967 
5 1582.163 
5 1638.360 
5 1915.775 
5 1644.775 
4 1289.290 
5 1366.642 
5 2262.338 
5 1894.517 
5 1567.447 
5 1423.131 
5 2600.565 
5 2743.021 
5 1125.866 
4 1529.499 
5 2182.146 
5 1507.965 
4 1283.311 
5 1644.057 
5 1019.964 
5 1489.215 
5 2081.147 
4 1817.884 
5 1574.409 
5 947.248 
5 1334.121 
4 1217.028 
5 2053.360 
5 1151.114 
5 1567.627 
5 1489.803 
5 1184.259 
5 1647.639 
5 1110.681 
5 1164.392 
5 1106.710 
5 1363.083 
5 1309.765 
5 1370.148 
5 1394.651 
5 1109.081 
5 1219.031 
5 1405.401 
5 1214.880 
5 1600.719 
5 1402.553 
5 985.936 
5 1962.411 
5 1612.420 
5 1957.863 
5 1435.744 
5 1802.792 
5 1776.402 
5 1623.433 
5 2505.376 
5 1321.030 
5 1980.826 
5 1893.220 
5 1504.214 
5 2431.034 
5 1528.011 
5 1785.003 
5 1152.979 
5 1216.971 
5 1652.920 
5 1505.701 
5 1546.479 
5 1472.219 
5 1191.559 
5 1735.631 
5 1229.342 
5 1731.602 
5 1618.260 
5 1279.280 
5 1524.205 
5 1960.612 
5 1697.570 
5 2210.499 
5 1805.292 
5 1588.818 
5 1503.719 
5 1525.453 
5 1635.185 
4 1470.017 
5 1695.821 
4 2156.696 
5 1213.723 
4 1500.825 
4 1627.258 
5 1756.656 
5 1527.708 
5 1835.492 
5 1409.843 
5 1161.917 
5 1567.642 
5 1810.725 
5 1705.660 
5 1752.863 
5 1653.108 
4 1390.612 
5 1047.236 
5 1268.847 
5 1290.260 
5 2115.771 
4 1641.166 
5 1895.194 
5 1300.474 
4 2961.787 
5 1443.716 
5 1145.943 
5 1492.127 
5 1466.576 
5 917.954 
5 1199.884 
5 1013.877 
5 1698.905 
5 1492.413 
5 1459.319 
4 1535.249 
5 1991.490 
5 1400.732 
5 1281.549 
5 1501.991 
5 1711.630 
4 2301.677 
5 1394.720 
5 923.672 
5 1660.487 
5 1976.792 
5 1509.407 
4 1343.184 
5 962.467 
4 1505.341 
5 1189.213 
5 1413.459 
5 1268.706 
5 1090.535 
4 1703.745 
5 1347.222 
5 1919.215 
5 1457.105 
5 1465.314 
5 822.523 
5 1250.192 
5 1453.363 
5 1478.641 
5 1342.573 
5 1517.099 
5 1227.541 
5 1632.935 
4 2431.258 
5 1643.070 
5 1418.379 
5 1213.479 
5 1596.227 
5 1553.960 
5 1454.688 
5 1554.093 
5 1731.289 
5 1667.926 
5 1356.671 
5 2390.874 
5 1255.714 
5 1689.313 
5 2063.866 
5 1352.089 
4 1160.325 
5 2294.953 
5 1536.506 
5 1465.346 
5 1695.061 
5 1746.731 
5 2428.610 
5 1596.902 
5 2163.521 
5 2054.830 
5 1408.630 
4 1770.746 
5 1472.543 
5 1413.955 
5 1872.829 
5 1214.230 
5 1632.332 
5 1379.432 
5 1038.505 
5 2176.689 
4 1755.335 
5 1703.454 
5 2468.111 
5 1731.510 
4 1381.888 
5 1826.300 
5 1502.662 
5 1326.690 
5 1559.774 
5 1386.867 
5 2033.450 
5 1900.293 
5 1695.689 
4 1770.516 
5 1452.929 
5 1311.425 
5 1381.688 
4 1256.340 
5 1527.847 
5 834.576 
5 1836.403 
5 1374.472 
5 1639.532 
5 1859.342 
4 1374.573 
5 1495.376 
5 1419.409 
5 1055.061 
5 1604.382 
5 2078.746 
5 1453.804 
5 1204.149 
5 1774.186 
4 1181.399 
5 1729.323 
5 1404.070 
5 1403.879 
5 1839.258 
5 1759.600 
4 1410.744 
5 1665.981 
5 1368.484 
5 1985.904 
5 1597.720 
5 1265.047 
5 1357.748 
5 1126.939 
5 1554.129 
5 1709.099 
5 1574.681 
5 1905.573 
5 2189.513 
4 1143.654 
5 1390.104 
5 2021.227 
5 2063.842 
5 1966.517 
5 1133.355 
5 1700.993 
4 1936.552 
5 1383.002 
5 1096.393 
4 1681.247 
5 1388.715 
5 1768.340 
5 2817.232 
5 1497.038 
5 2463.073 
5 1753.020 
5 1741.779 
5 2037.778 
5 1782.124 
5 1658.468 
5 1278.975 
5 1420.424 
5 1630.746 
5 1512.117 
5 1428.413 
5 2016.830 
5 1530.223 
5 1683.446 
5 1830.379 
5 1475.810 
5 1491.832 
5 1423.806 
5 1508.585 
5 2305.111 
5 1419.609 
5 1382.183 
5 1360.055 
5 1861.388 
4 1401.077 
5 1367.531 
5 1231.060 
5 1957.463 
5 1513.292 
5 1381.052 
5 1261.527 
4 999.310 
5 1680.732 
5 1748.816 
4 1365.967 
5 1255.364 
5 1794.675 
5 1690.533 
5 1800.395 
4 2378.280 
5 1816.636 
5 1504.707 
5 2122.061 
5 1469.139 
5 1343.435 
4 2281.134 
5 2151.718 
5 2321.245 
4 1898.973 
5 1374.453 
5 1966.604 
5 1491.457 
5 1760.749 
5 1498.054 
5 1685.667 
5 1823.495 
5 1294.043 
4 1757.773 
5 1744.797 
5 2023.377 
5 1371.999 
5 1422.105 
5 2265.301 
5 1543.099 
5 1565.883 
4 2188.591 
5 1330.145 
5 1419.937 
5 1367.845 
5 1570.842 
5 2449.539 
5 1498.970 
5 1513.527 
5 1721.457 
5 1102.643 
5 1546.877 
5 895.778 
4 1117.986 
5 1375.941 
5 1195.595 
5 1365.312 
5 1406.396 
4 1415.085 
5 1656.238 
4 1736.162 
5 1333.556 
5 1371.918 
5 1305.477 
5 1360.934 
5 1273.821 
5 1787.945 
5 1448.904 
5 1283.586 
5 1652.481 
5 2096.568 
5 2475.741 
5 1356.338 
5 1493.501 
5 1456.411 
5 1725.677 
5 1561.438 
5 2108.473 
5 1837.745 
5 1864.939 
4 1588.051 
4 1828.529 
5 2371.916 
5 2190.458 
5 1470.549 
5 1711.168 
4 1499.203 
5 1349.513 
5 1101.966 
4 2027.518 
5 1175.532 
5 1231.325 
5 1907.504 
5 1528.844 
5 1401.910 
5 1792.005 
5 1214.140 
5 1738.795 
5 1592.018 
5 869.831 
4 1417.568 
5 1556.303 
5 1253.867 
4 1434.402 
5 1603.525 
5 1457.010 
5 1679.071 
5 1445.759 
5 1161.376 
5 1501.936 
5 1526.565 
5 2231.712 
5 2398.855 
5 1282.034 
5 1384.748 
5 1044.396 
5 1291.812 
5 1725.855 
5 1732.267 
5 1528.459 
5 1390.760 
5 1497.097 
5 1512.987 
5 1952.859 
5 1339.457 
5 1831.395 
5 1211.713 
5 1488.572 
5 1823.757 
5 1225.291 
5 3076.581 
5 1472.537 
5 1496.385 
5 1457.397 
5 1423.899 
4 2118.588 
5 1485.637 
5 1191.751 
5 1517.982 
5 1660.643 
5 1586.797 
5 1705.958 
5 1274.911 
5 1316.623 
5 1510.090 
5 1822.536 
5 1502.002 
5 1454.999 
5 1889.038 
5 1556.121 
4 1311.834 
5 1763.165 
5 1696.095 
5 1795.398 
5 1671.975 
5 1408.429 
5 1778.624 
4 1639.945 
5 1505.584 
5 1794.833 
5 1663.629 
5 1635.270 
5 1811.817 
5 1375.148 
5 1761.129 
5 1727.705 
5 1580.958 
5 2193.393 
4 1203.477 
5 2185.508 
4 1092.308 
5 1606.777 
5 2568.587 
5 1362.128 
5 1504.511 
5 1877.026 
5 1427.841 
5 1895.578 
5 1783.493 
5 1721.496 
5 1983.765 
5 1309.975 
5 1410.369 
4 1559.722 
5 2229.685 
5 1554.951 
5 1382.896 
5 1447.446 
5 1302.115 
5 1837.720 
5 1649.841 
5 1621.920 
5 1285.109 
5 1910.349 
4 1934.065 
5 1609.714 
5 2054.988 
5 1460.069 
5 1637.382 
5 1286.820 
5 2045.078 
5 1278.074 
5 1343.176 
5 1897.613 
5 1734.310 
5 1284.984 
5 2195.416 
5 1525.193 
5 1724.029 
5 1373.248 
5 1354.320 
5 1707.564 
5 1410.910 
5 1658.528 
5 1358.815 
5 1566.543 
5 1910.635 
5 2002.459 
5 1539.504 
5 1451.199 
5 1859.018 
5 1455.715 
5 1727.803 
4 1044.514 
5 1860.078 
5 1304.547 
5 1397.752 
5 1384.445 
5 1179.471 
5 1586.266 
5 1547.896 
5 1571.427 
5 1271.900 
5 1929.037 
5 1812.687 
5 2021.615 
5 1881.905 
5 1346.325 
5 1357.580 
5 1597.070 
4 1553.947 
5 1387.907 
4 1040.458 
5 1692.910 
5 1422.541 
5 1470.443 
5 1817.452 
4 1568.712 
5 1641.567 
4 1313.502 
5 2173.814 
5 1867.953 
5 2163.738 
5 1738.857 
4 1546.470 
5 1353.628 
5 1906.342 
5 1626.707 
5 1312.821 
5 1786.863 
5 1442.992 
5 1402.527 
5 1415.926 
4 1020.745 
5 1131.388 
5 1550.240 
5 2224.398 
5 1075.513 
5 1127.580 
5 1853.388 
5 1555.645 
5 1717.051 
5 1116.056 
5 1261.666 
5 1209.604 
5 1834.265 
5 1520.618 
5 1914.087 
5 1292.366 
5 1480.058 
4 1363.671 
5 1604.667 
5 1898.794 
5 1590.480 
5 1602.992 
4 1530.703 
5 1891.483 
5 1178.084 
5 1725.045 
5 1382.311 
5 1370.699 
5 1572.874 
5 1652.520 
5 1529.390 
5 1451.426 
5 1515.138 
5 1719.335 
5 1575.047 
5 1545.993 
5 1423.160 
5 2430.762 
5 1054.629 
5 1824.481 
5 2024.845 
5 1818.036 
5 1572.686 
5 1264.074 
5 1761.275 
5 1057.163 
5 1692.806 
5 2300.384 
5 2177.011 
5 1755.072 
5 1203.387 
4 1574.074 
5 1909.233 
5 1629.749 
5 1730.921 
5 1936.346 
5 1692.402 
4 1648.109 
5 1283.325 
4 1188.092 
5 1254.035 
5 1981.096 
5 1641.673 
5 1130.330 
5 1627.598 
5 1470.215 
5 1984.371 
5 1672.291 
5 1621.432 
5 1682.753 
5 1831.813 
5 2614.493 
5 1378.543 
4 1769.395 
5 2422.806 
5 2236.540 
5 1466.342 
5 1587.275 
5 2706.513 
5 2078.582 
5 1739.988 
5 1413.606 
5 1967.795 
5 2144.994 
5 1582.207 
5 1461.280 
5 2373.645 
5 1709.119 
5 1414.198 
5 1925.426 
5 1691.116 
5 1726.066 
5 1747.026 
4 1608.503 
4 1114.324 
5 1852.503 
5 1172.097 
5 1613.070 
5 1508.058 
5 1519.007 
5 1283.719 
4 1893.169 
5 1404.447 
5 1772.919 
5 1371.764 
5 1495.346 
5 2143.451 
5 1645.113 
5 1469.302 
5 1514.568 
5 1754.516 
5 1417.120 
5 767.504 
5 1261.382 
5 1626.559 
5 1110.921 
5 1591.055 
5 1312.263 
5 1387.856 
5 1900.828 
5 1315.645 
5 1778.898 
4 2365.193 
5 1378.459 
5 2169.737 
5 1416.972 
5 1240.941 
4 2030.601 
5 1517.040 
5 1237.776 
5 1695.448 
5 1168.618 
5 1595.878 
5 1083.853 
5 2087.352 
5 1408.642 
5 2178.865 
5 1965.776 
5 1779.459 
4 1536.548 
5 1513.754 
5 1553.471 
5 1760.423 
5 1350.932 
5 1414.620 
5 1451.540 
5 1646.733 
5 1603.930 
5 2044.249 
5 1644.294 
5 1746.266 
5 1635.172 
4 1450.265 
5 1883.681 
5 1503.374 
5 2155.124 
5 2381.571 
5 1598.882 
5 2551.505 
5 1688.534 
5 1422.523 
5 1284.753 
5 2244.573 
5 1908.351 
5 1315.863 
5 1440.510 
5 2394.430 
5 1180.119 
5 1335.127 
5 1928.934 
5 1388.942 
4 1378.163 
5 1546.740 
5 1359.737 
5 1691.245 
5 2422.406 
4 1316.452 
4 2225.784 
5 1283.334 
5 1592.529 
5 1353.677 
5 1562.065 
5 2322.784 
5 1686.348 
5 2079.598 
5 1515.310 
5 1567.089 
5 1971.406 
5 1718.890 
5 1857.261 
5 1619.534 
5 1643.380 
5 1315.159 
5 1904.783 
5 1785.058 
5 1670.107 
5 1555.070 
5 1291.188 
5 1744.513 
5 1523.118 
5 1400.824 
5 1251.804 
5 1159.906 
5 1124.728 
5 1409.923 
5 1741.470 
5 1880.622 
5 1312.715 
5 1877.871 
5 1663.954 
5 1649.495 
5 1566.606 
5 1568.862 
5 1305.747 
5 1749.116 
5 1391.672 
5 2315.377 
5 1198.309 
5 1228.036 
5 1757.167 
4 1449.254 
5 1368.028 
5 1624.916 
5 1490.597 
5 1628.737 
5 1619.053 
5 1446.408 
5 2035.008 
5 1638.933 
5 1297.891 
5 2204.298 
5 1659.262 
5 1632.473 
4 1441.594 
5 1430.012 
5 1188.170 
5 1593.316 
5 1932.489 
5 1419.805 
5 1233.556 
4 1074.182 
5 1609.354 
5 1222.765 
5 1824.438 
4 1342.285 
5 1544.511 
5 1454.372 
5 1509.823 
5 1146.096 
5 908.713 
4 1103.936 
5 1398.609 
5 1301.933 
5 1584.547 
4 1174.654 
4 1163.812 
5 1645.656 
5 1327.302 
5 1199.901 
5 1496.610 
5 1443.672 
5 1223.423 
5 1172.822 
5 1768.137 
5 1691.678 
5 1488.085 
4 1032.994 
5 1962.485 
5 1988.700 
5 1706.611 
5 1318.726 
5 1524.752 
5 1295.383 
5 1665.527 
5 1628.473 
5 1781.551 
5 1202.796 
5 1738.330 
5 1645.118 
5 1123.826 
5 1481.842 
4 2334.177 
5 1002.603 
4 1661.941 
5 1627.091 
4 1013.023 
5 2210.127 
4 2101.564 
5 1403.111 
5 1705.714 
4 1909.845 
5 1312.394 
5 1738.599 
5 1746.397 
5 1714.532 
4 1053.403 
5 1561.724 
5 1621.604 
5 2252.633 
5 1783.683 
5 1343.583 
5 1330.694 
5 1732.119 
5 1268.925 
5 1140.846 
5 1451.263 
5 2072.750 
5 1547.449 
5 1576.570 
5 1093.852 
5 1461.005 
5 1561.728 
5 2089.229 
5 1347.877 
5 1195.780 
4 1438.777 
5 1685.971 
4 1824.690 
5 1192.752 
5 1115.710 
5 1270.976 
4 1392.035 
5 1241.751 
5 1323.233 
5 1627.439 
4 2121.729 
5 1160.760 
5 1624.883 
5 1142.191 
5 1070.876 
5 1496.492 
5 1899.690 
5 1458.813 
5 1865.227 
5 1964.862 
5 1260.605 
5 1888.318 
4 1589.322 
4 1471.850 
5 1282.721 
5 1380.639 
4 1369.689 
5 1212.910 
5 1657.516 
4 1369.159 
5 1848.266 
5 1544.195 
4 1313.704 
5 1484.299 
5 1669.709 
5 1093.476 
5 1326.115 
5 2428.024 
5 1997.998 
4 1218.294 
5 1555.513 
4 1239.755 
4 1162.356 
5 2000.830 
5 1820.240 
5 1568.750 
5 1913.265 
5 1548.332 
4 2418.213 
5 2088.550 
5 1853.102 
5 1534.241 
5 1615.972 
5 1389.387 
5 1749.926 
5 1316.619 
5 1355.158 
5 1401.904 
5 1466.320 
5 1191.264 
5 1524.185 
5 1758.244 
5 1483.887 
5 1323.139 
5 1624.726 
5 1218.119 
5 1613.746 
4 1200.547 
5 1939.589 
5 1096.623 
5 1516.804 
5 1624.045 
5 1607.500 
5 1583.347 
5 1826.010 
5 1210.194 
5 1377.649 
5 1815.826 
4 1448.825 
5 1460.508 
5 1395.266 
5 2305.189 
4 2085.707 
5 1693.652 
5 1968.632 
5 1529.971 
5 1440.508 
5 1379.794 
5 1243.730 
5 1757.530 
5 1409.604 
4 1761.608 
5 1095.450 
5 1422.692 
5 2082.647 
5 2258.452 
4 1856.931 
5 1625.706 
5 1991.713 
4 1691.861 
5 1198.788 
5 1827.688 
5 1314.893 
5 1632.912 
5 1522.210 
5 1351.960 
5 1419.612 
5 1564.387 
5 1651.622 
4 1807.397 
4 1072.093 
5 1811.344 
5 1280.864 
4 1774.016 
5 1406.432 
5 1611.020 
5 2274.285 
5 932.912 
5 1661.651 
4 1910.779 
5 1707.615 
4 1170.738 
5 1597.316 
5 1802.370 
5 1611.727 
4 1209.674 
5 1410.379 
4 1078.365 
5 1630.443 
5 1538.431 
5 2119.126 
4 1575.732 
5 1532.686 
5 2105.603 
5 1992.005 
5 1277.606 
5 2381.121 
4 1776.996 
5 1710.041 
5 1641.876 
5 1621.337 
5 1703.320 
5 970.014 
5 1325.771 
5 1272.635 
5 1946.787 
5 1476.888 
4 2001.102 
4 1231.261 
5 1230.156 
5 1667.255 
4 1782.270 
5 1253.970 
5 1178.689 
5 1420.300 
5 1369.722 
5 1566.287 
5 1374.027 
5 2112.841 
5 1306.521 
5 1451.691 
5 1458.386 
4 1487.717 
4 1388.120 
5 1252.943 
5 1236.826 
4 895.830 
5 1506.633 
5 2880.583 
4 2108.453 
4 1964.523 
5 1828.645 
5 1209.373 
5 1628.674 
5 1890.103 
5 1568.478 
5 1273.773 
5 1588.158 
5 1300.894 
5 1731.700 
5 1178.682 
5 1758.665 
5 1149.898 
5 1581.118 
5 1678.560 
5 1532.466 
4 2243.734 
5 1254.305 
5 2700.750 
5 1608.497 
5 973.112 
4 1601.024 
5 2128.396 
5 1540.143 
5 1612.688 
4 1612.308 
5 1815.598 
5 1896.386 
5 1417.989 
5 1322.812 
5 1258.622 
5 1688.438 
5 1486.317 
5 1227.689 
5 2283.838 
5 1823.231 
5 1233.439 
5 1507.291 
5 1445.845 
5 1527.372 
5 1578.130 
5 1867.474 
4 1634.239 
5 1568.677 
5 1682.213 
5 1264.845 
5 1534.331 
5 1683.204 
5 1168.483 
5 1217.512 
5 1393.141 
5 1992.075 
5 1622.815 
5 1431.429 
5 2625.564 
5 1300.364 
5 1543.353 
5 1364.841 
5 1633.166 
5 1383.568 
5 1868.766 
4 1856.046 
5 1350.699 
5 1641.201 
5 1571.399 
5 1135.660 
5 1552.275 
5 1587.274 
4 1695.655 
5 1589.308 
5 1544.393 
4 1581.324 
5 1213.822 
5 1537.959 
5 1515.742 
5 1691.079 
5 1665.247 
4 1939.149 
5 1242.009 
5 1364.647 
5 2043.569 
5 1272.296 
5 2399.868 
4 1443.675 
5 1519.103 
5 1244.062 
5 1483.848 
5 1583.910 
5 1698.105 
5 1566.510 
4 2011.928 
5 1518.991 
5 2204.031 
5 1711.455 
5 1273.861 
5 1891.976 
5 2049.923 
5 2060.091 
5 2022.977 
5 1242.975 
5 1480.193 
4 2444.747 
4 1374.940 
5 1421.987 
5 1984.866 
5 2038.172 
5 1566.438 
5 2368.993 
5 1796.324 
5 1789.480 
5 1171.893 
5 1787.381 
5 2085.385 
4 1365.108 
5 1268.237 
4 1746.026 
5 1678.916 
5 2072.848 
4 1861.650 
5 2277.906 
5 1544.658 
5 1173.257 
4 1617.023 
5 2586.076 
5 2041.278 
5 1731.286 
5 1709.054 
5 1802.155 
5 1521.731 
5 1472.612 
5 1814.431 
5 1907.739 
5 1160.700 
4 1628.472 
4 1295.775 
5 1671.819 
5 1376.938 
5 1725.353 
5 2149.821 
5 1827.331 
5 894.438 
5 2156.316 
5 1481.159 
5 1446.616 
5 1688.217 
5 2062.056 
5 2048.871 
5 1553.878 
5 1935.923 
5 1392.992 
4 1610.582 
5 1663.638 
5 1576.614 
5 1750.142 
5 1978.865 
4 1535.249 
4 789.438 
4 1776.286 
5 1396.333 
5 1413.218 
5 2195.536 
4 2229.133 
4 1157.837 
5 1144.418 
5 1658.062 
5 1484.452 
5 1458.388 
5 1675.552 
5 1340.140 
5 1239.119 
4 1895.437 
5 1964.435 
5 1837.699 
5 2071.193 
4 2389.390 
4 1932.359 
5 1178.694 
5 1959.987 
5 1944.495 
5 1764.422 
5 1764.861 
5 1885.712 
5 1837.340 
5 1407.554 
4 1376.229 
5 1246.870 
5 1384.617 
5 1841.491 
5 1727.511 
4 984.922 
5 1918.735 
5 2084.769 
5 1018.902 
5 1665.291 
5 1382.078 
5 1432.997 
5 1573.525 
4 1603.602 
5 1348.556 
5 2049.748 
5 1877.185 
5 1841.833 
5 1555.903 
5 1640.674 
5 2229.345 
5 1506.704 
4 1578.485 
5 1576.809 
5 1805.750 
5 1688.697 
5 1533.310 
5 1330.639 
5 1263.750 
5 2251.848 
5 1403.959 
5 1553.038 
5 1303.541 
5 1321.444 
5 1456.952 
5 2473.754 
5 1491.461 
5 1534.626 
5 1659.062 
5 1429.136 
5 1366.906 
5 1439.501 
5 1833.632 
5 1855.147 
5 1472.894 
5 1293.323 
5 1309.216 
5 2510.638 
5 1863.399 
4 1742.467 
5 1866.994 
5 1369.814 
5 1101.035 
5 1333.292 
4 1124.257 
5 1889.974 
5 1552.147 
5 1897.328 
5 1506.536 
5 1431.124 
5 1652.943 
5 1347.689 
5 1892.375 
5 1662.125 
5 2052.532 
5 2036.046 
5 1560.169 
5 1980.860 
5 1630.533 
4 1833.510 
5 1293.063 
5 1764.795 
5 1338.997 
5 1242.467 
5 1627.538 
5 1786.493 
5 1308.288 
5 1673.716 
5 2094.286 
5 1057.187 
5 1532.462 
5 1738.588 
5 1807.890 
5 1494.172 
5 1468.317 
5 2067.987 
5 1553.633 
5 2227.560 
5 1634.269 
5 2143.401 
5 1528.765 
5 1402.329 
5 1254.377 
5 1377.004 
5 1279.772 
5 1275.971 
5 1570.588 
5 1867.334 
5 1282.282 
5 1594.880 
5 1600.054 
4 1770.958 
5 1531.795 
5 1088.712 
5 1413.526 
4 1456.748 
4 1653.486 
4 1857.365 
5 1838.819 
5 1646.522 
5 1771.034 
5 1911.395 
5 1857.102 
5 1343.644 
5 2312.584 
5 1346.415 
5 1421.037 
4 1314.994 
5 1394.239 
5 1489.521 
5 1699.133 
5 1718.881 
5 1361.564 
4 1961.537 
5 1326.335 
5 1380.324 
5 1726.949 
5 1523.650 
5 1475.322 
5 1358.065 
5 1522.128 
4 2830.443 
5 1419.860 
5 1836.371 
5 1307.030 
5 1363.799 
5 1270.724 
5 1233.286 
5 1833.213 
5 2331.041 
5 1075.164 
5 1398.145 
5 1441.556 
5 1533.372 
5 905.301 
5 1651.488 
5 1381.837 
5 2053.760 
5 1589.268 
5 1815.461 
4 1517.949 
5 2013.544 
5 1267.601 
5 1216.879 
5 1634.695 
5 1562.284 
5 1478.349 
5 1715.160 
5 1540.505 
5 1826.059 
5 1577.142 
5 1465.517 
5 1693.464 
5 1399.717 
4 1185.621 
5 1854.852 
5 1515.105 
5 1360.936 
5 1471.436 
5 1870.585 
5 2027.760 
5 2838.987 
5 2564.925 
5 2776.698 
5 1520.780 
5 1377.492 
5 1436.103 
5 1572.994 
5 1499.798 
5 1884.283 
5 2079.763 
5 1586.914 
4 1242.007 
5 1484.104 
5 2034.819 
4 1553.839 
5 1685.257 
5 1624.678 
5 1194.057 
5 1400.832 
5 1874.683 
5 1467.596 
5 1697.736 
5 1592.659 
5 2233.142 
5 1637.992 
5 1694.026 
5 1946.752 
5 1494.155 
5 1209.868 
5 1584.717 
5 1639.970 
5 1400.153 
5 2019.401 
5 1861.477 
5 1068.184 
5 1360.480 
5 1598.612 
5 1341.635 
5 1740.014 
5 1342.265 
5 1527.352 
5 1804.111 
5 1940.677 
5 1577.740 
5 2174.976 
5 1646.849 
5 1373.387 
5 1846.770 
5 1351.472 
4 1871.058 
5 1865.025 
5 2279.646 
4 2785.458 
5 2720.506 
5 1613.998 
5 1525.835 
5 1306.243 
5 1503.243 
5 1521.697 
5 1211.242 
5 1423.671 
5 1788.929 
5 1606.860 
5 1861.934 
5 1659.606 
5 2317.057 
5 1549.747 
5 1179.042 
5 1306.451 
5 1035.072 
5 1465.609 
5 1274.183 
5 853.014 
5 1334.874 
5 1440.581 
5 1614.283 
5 2025.677 
5 934.116 
4 1949.131 
4 1807.328 
5 1143.280 
4 1631.618 
5 1356.176 
5 1495.289 
5 1848.421 
4 1871.008 
5 1186.869 
5 1612.696 
5 935.015 
4 1531.596 
5 1320.285 
5 1859.346 
5 1590.985 
5 1652.188 
5 1864.938 
5 1374.470 
5 1472.319 
5 1400.304 
5 1392.459 
5 1440.219 
5 1012.540 
5 1279.972 
5 1413.289 
5 1797.017 
5 1230.754 
5 1827.172 
5 1349.938 
5 1447.045 
4 1347.192 
5 1423.147 
5 1556.192 
5 1937.801 
5 1674.600 
5 1318.043 
5 1826.719 
5 1731.141 
5 1867.614 
5 1480.292 
5 1135.975 
5 1594.670 
5 1272.587 
5 1445.788 
5 1464.546 
5 1557.172 
5 1891.632 
5 1964.573 
5 1261.378 
4 1650.915 
4 1763.531 
5 1550.782 
4 1667.188 
4 1571.608 
5 1896.487 
5 1505.264 
5 1573.325 
5 1794.949 
5 1544.085 
5 2292.762 
5 1324.606 
5 1585.899 
5 1388.540 
5 1852.398 
5 1449.879 
5 1308.987 
5 1337.520 
5 1410.437 
4 1285.316 
5 1602.634 
4 1630.295 
5 2600.640 
5 2506.447 
5 2002.050 
5 1714.669 
5 2129.946 
5 1504.169 
5 1526.322 
4 1155.476 
5 1681.871 
5 1872.892 
5 1442.966 
5 1526.735 
5 1443.221 
5 1401.652 
5 1095.092 
5 1893.430 
4 1772.428 
5 2264.661 
5 1596.187 
5 1383.390 
5 2258.147 
5 1560.789 
5 1606.777 
5 2351.039 
5 2297.033 
5 1668.055 
5 1743.887 
5 1588.790 
5 2127.412 
5 1615.690 
5 1442.003 
5 2144.168 
5 1461.787 
5 2953.568 
5 1391.956 
4 1937.045 
5 1288.995 
5 1588.582 
5 1558.408 
5 1721.919 
5 3230.237 
5 1888.943 
5 2511.830 
5 1498.955 
4 1198.551 
5 1877.177 
5 1466.772 
5 2975.118 
5 1610.974 
5 1135.362 
5 1955.447 
5 1522.864 
5 1783.893 
5 1101.711 
5 2759.628 
5 1238.908 
4 1197.573 
5 1737.244 
5 1260.658 
5 1533.445 
5 1437.663 
5 1453.128 
5 1964.842 
5 1000.944 
5 1506.978 
5 1017.128 
5 2339.246 
5 1559.707 
5 1464.097 
4 843.416 
5 1468.469 
5 1455.867 
5 1269.440 
5 1545.212 
5 1249.825 
5 1477.728 
5 1255.292 
5 1277.074 
5 2193.666 
5 1670.008 
5 1548.446 
5 2007.493 
4 1408.968 
5 2125.183 
5 1212.618 
5 1579.656 
5 2001.134 
4 1446.125 
5 1490.216 
5 1771.858 
5 2036.403 
5 1442.470 
5 1732.136 
5 1806.824 
5 1768.085 
5 1559.328 
5 2393.762 
5 1784.626 
5 1821.876 
5 1591.576 
5 2044.298 
5 1639.429 
5 1250.119 
5 1107.108 
5 1594.487 
5 865.563 
5 1692.844 
5 1575.340 
5 1069.173 
5 1606.913 
5 1506.708 
5 1256.177 
5 1553.599 
5 1461.281 
5 1365.927 
5 1594.406 
5 1650.652 
4 1301.509 
4 1399.524 
4 1241.863 
5 1373.353 
5 1187.921 
5 1501.158 
5 1401.184 
5 1881.687 
5 1710.202 
5 1873.343 
5 1261.014 
5 1590.019 
5 1560.264 
5 1895.366 
5 2009.361 
5 1626.453 
5 1601.218 
5 1751.124 
5 1388.083 
5 1931.353 
5 1400.241 
4 1771.303 
5 1998.469 
4 1574.239 
5 1297.326 
5 2658.063 
5 1515.321 
5 1687.002 
5 1697.356 
5 1867.788 
5 1572.910 
5 1010.931 
5 1178.333 
5 1779.379 
5 1786.348 
5 1788.541 
5 1761.317 
5 2556.935 
5 1771.358 
5 1657.468 
4 1699.115 
5 1789.986 
5 2035.811 
5 1343.480 
4 1719.513 
5 1452.849 
5 1284.588 
4 1328.786 
5 2652.788 
5 1229.218 
5 1648.802 
5 1261.868 
5 1788.976 
5 1424.797 
5 1376.173 
4 1907.143 
5 1266.010 
5 2044.496 
5 1300.583 
5 2649.992 
5 1222.307 
5 1389.836 
5 1324.804 
5 1636.366 
5 1779.352 
4 1764.838 
5 1468.503 
5 1383.899 
5 1577.887 
5 1300.544 
5 1593.767 
5 1174.680 
5 1370.098 
5 1448.810 
5 1802.181 
4 1083.714 
5 1861.052 
5 991.907 
5 1996.057 
5 1626.925 
5 2226.316 
5 1595.622 
4 1591.963 
5 1996.140 
5 1537.167 
5 1591.013 
5 1579.058 
5 1165.572 
4 2025.669 
5 1153.051 
5 1424.048 
5 1708.677 
5 1607.413 
5 1207.118 
5 1461.805 
5 1337.911 
5 1745.058 
5 1470.740 
5 1339.157 
4 1525.937 
4 1318.008 
5 2207.511 
5 1327.349 
5 1614.926 
4 1215.779 
4 1674.093 
5 1243.987 
4 1691.589 
5 1441.036 
5 2657.141 
5 1245.570 
5 1609.664 
5 1276.175 
5 2276.442 
5 1513.960 
5 1173.642 
4 1425.640 
4 1542.523 
4 1283.753 
5 1876.142 
4 1614.392 
5 2162.524 
4 1562.633 
5 2008.714 
4 1542.573 
5 1735.675 
5 1398.931 
5 1578.225 
5 1643.898 
5 2464.748 
5 1428.927 
5 1917.675 
4 1544.475 
5 1408.778 
5 1319.678 
5 1785.689 
5 1570.963 
5 1618.964 
5 2059.932 
5 1747.179 
4 1290.604 
5 2215.953 
5 1352.237 
5 1109.909 
5 1513.038 
5 2290.547 
5 2193.291 
4 1011.799 
5 1650.377 
5 1608.493 
5 1615.122 
5 1461.853 
5 1312.513 
5 1964.696 
5 1656.340 
5 1718.297 
5 1627.325 
5 1128.962 
5 1575.257 
5 1101.330 
5 1375.486 
5 2229.490 
5 1389.501 
5 2468.011 
5 1396.897 
5 1424.410 
5 1610.551 
4 1630.175 
5 2345.739 
5 1228.132 
5 1203.744 
5 1212.395 
5 1288.282 
4 1756.574 
5 1205.224 
4 1254.710 
5 1414.024 
5 2030.057 
5 1410.892 
5 1545.581 
5 1666.065 
4 1599.007 
5 1576.634 
5 1498.111 
5 1284.838 
5 1330.938 
5 792.254 
5 1557.854 
5 1463.954 
5 1536.531 
5 1108.463 
5 1218.181 
5 2008.220 
5 1491.963 
4 1964.835 
4 1704.458 
5 1810.653 
5 1480.910 
5 1324.879 
5 1366.917 
5 1900.358 
5 1562.871 
5 1906.436 
5 2148.546 
5 1354.833 
5 1871.931 
5 1653.360 
5 1531.522 
5 1938.205 
5 1700.299 
5 1259.128 
5 1543.457 
5 1213.721 
5 1676.984 
5 2173.853 
5 2071.913 
5 1606.398 
5 1551.792 
5 2366.660 
5 1501.944 
5 1288.615 
4 1821.679 
5 1675.169 
5 1911.372 
5 1589.728 
5 1500.325 
5 1548.008 
4 1378.168 
5 2169.245 
5 1801.384 
5 1737.803 
5 1508.680 
4 1499.289 
5 1495.212 
5 1049.353 
5 1985.136 
5 1774.999 
4 1885.431 
4 1303.531 
5 1890.214 
5 1280.718 
5 1797.591 
5 2038.698 
5 2366.630 
5 1924.539 
5 1168.556 
5 1352.217 
5 1320.798 
5 1730.758 
5 1456.968 
5 1966.715 
5 1623.706 
5 1943.111 
5 1595.297 
5 1905.523 
4 1164.470 
4 1706.129 
4 1603.802 
5 1572.284 
5 1881.657 
5 2276.501 
5 1576.544 
5 2226.054 
5 1491.814 
4 1910.964 
5 1895.831 
4 1985.040 
5 1278.689 
5 2538.181 
5 1600.827 
5 1390.428 
5 2384.740 
5 1433.129 
5 1360.256 
4 1666.973 
5 1591.340 
5 1637.731 
4 1569.035 
5 1791.544 
5 1853.062 
5 988.227 
5 1240.353 
5 1485.906 
5 1639.374 
5 2732.858 
5 860.946 
5 1544.568 
5 2265.217 
5 2322.825 
5 1270.665 
5 1849.692 
4 1412.697 
5 2637.641 
5 1360.906 
4 1799.073 
5 1715.384 
4 1617.142 
5 1855.988 
5 1951.771 
5 1377.060 
5 1306.421 
5 1439.777 
5 2513.276 
5 2755.434 
5 1884.519 
5 2252.414 
5 1644.025 
5 1640.935 
5 1622.251 
5 1445.197 
5 1544.444 
5 1016.118 
5 2976.109 
5 2828.592 
5 1383.847 
5 1395.526 
5 1567.354 
5 1302.783 
5 1770.672 
5 2057.456 
5 1539.196 
5 2232.707 
5 1387.370 
5 986.652 
5 1605.033 
5 1545.510 
5 1123.985 
5 1362.211 
4 2596.798 
5 951.514 
5 1085.973 
5 1426.459 
5 1853.816 
5 1653.689 
5 1626.700 
5 1242.869 
5 2006.502 
5 2335.813 
5 1625.471 
5 1828.306 
5 1333.117 
5 1656.526 
4 1113.949 
4 2362.261 
5 1705.920 
5 1809.986 
5 1789.252 
5 1086.252 
5 1386.795 
5 993.294 
5 2524.971 
5 1495.090 
5 1705.302 
5 2082.143 
5 1667.721 
5 1498.498 
5 2333.157 
4 1453.274 
5 1033.991 
4 2142.553 
5 2088.894 
5 1785.307 
5 1298.241 
5 1179.357 
5 863.672 
5 1340.421 
5 2063.018 
5 1949.532 
5 1587.239 
5 1516.908 
5 1555.154 
5 1520.400 
5 1707.132 
5 2038.324 
5 1898.710 
5 1535.156 
5 1805.300 
5 1902.563 
4 1437.932 
5 2181.625 
5 1497.977 
5 2006.794 
5 1437.840 
5 1300.437 
5 1548.313 
4 1396.437 
5 1601.856 
5 1388.718 
5 1819.914 
5 1735.023 
5 1893.612 
5 1150.019 
5 2639.744 
5 1604.298 
5 1484.096 
4 1711.411 
5 1357.959 
5 1455.262 
5 1413.274 
5 1433.869 
4 2040.672 
5 1329.590 
5 1571.036 
5 1459.364 
5 1102.985 
5 1489.820 
5 1205.503 
5 1581.697 
5 2249.785 
5 2506.631 
5 1455.135 
5 1230.247 
5 1596.950 
5 1910.911 
5 1784.082 
5 1616.675 
5 1941.093 
5 1624.934 
5 1376.838 
5 1674.602 
5 1709.697 
5 2036.219 
4 1994.581 
5 1549.920 
5 1923.436 
5 1686.104 
5 2204.637 
5 1600.841 
5 1794.073 
5 1501.374 
5 1482.626 
5 1668.431 
4 1402.915 
5 1302.029 
5 1717.290 
5 1531.620 
5 1648.271 
5 1248.361 
5 1302.491 
5 1595.175 
5 1258.487 
5 1431.736 
5 2033.503 
5 1378.356 
5 1436.612 
5 1799.562 
5 1587.984 
4 948.996 
4 1152.808 
5 1249.255 
5 1677.539 
5 1847.312 
4 1594.743 
5 2189.687 
5 2180.961 
5 1474.625 
5 1258.117 
5 1477.855 
5 1440.372 
5 1325.909 
5 1560.585 
5 2104.969 
5 1873.387 
5 2293.774 
5 1668.902 
5 1062.534 
4 1629.343 
4 2620.203 
5 1660.764 
5 1505.824 
5 1483.583 
5 2251.177 
5 1818.192 
5 1607.556 
5 1702.279 
5 1822.662 
5 1554.650 
5 1453.163 
5 1401.799 
5 2648.781 
5 1127.372 
5 1777.848 
5 1821.907 
5 1318.176 
5 1569.877 
