5 2040.911 
5 1559.914 
5 2247.999 
4 1675.282 
5 2285.728 
5 1609.826 
5 1422.314 
5 1511.683 
5 1821.960 
5 1467.915 
5 2097.491 
5 1583.352 
5 1591.597 
4 1129.152 
5 1434.773 
4 2424.787 
5 2087.356 
5 2287.128 
5 1570.420 
5 1408.442 
5 1828.958 
4 1748.686 
5 1649.127 
5 1875.681 
5 1620.783 
5 1913.174 
5 1639.860 
4 2394.585 
5 1712.397 
5 1389.704 
5 1289.610 
5 2407.635 
5 882.031 
4 1395.443 
5 2102.988 
5 1487.403 
5 1707.777 
5 1888.957 
5 1595.175 
5 2193.214 
5 1633.453 
4 1678.342 
5 1142.242 
5 1849.623 
5 1839.675 
4 1343.042 
5 1668.377 
5 1821.479 
5 1538.219 
5 2175.642 
5 1924.567 
5 1616.363 
5 1317.123 
5 3220.036 
5 2019.270 
5 1317.391 
5 2824.439 
5 2303.459 
5 2101.905 
5 1492.197 
5 1110.319 
5 2006.237 
5 1919.026 
5 1802.432 
5 1889.509 
5 2594.067 
5 2497.024 
5 1194.180 
5 1076.235 
5 1699.787 
5 1644.027 
5 1633.318 
5 1872.577 
5 2212.570 
5 1696.721 
5 1333.628 
5 1560.940 
5 2073.139 
5 1172.063 
5 1829.689 
4 1208.077 
5 1686.149 
5 1955.743 
5 1924.694 
4 1041.431 
5 1372.195 
5 1686.641 
5 1674.335 
5 1494.996 
5 1795.073 
5 1474.266 
5 1978.761 
5 1468.675 
5 2245.853 
5 1984.783 
5 1961.989 
4 1833.229 
5 1952.791 
5 1795.378 
5 1936.556 
5 1407.537 
5 2090.805 
5 1617.902 
5 2261.979 
5 1463.493 
5 1332.266 
5 1495.816 
5 1767.535 
4 1677.923 
5 1384.121 
5 1895.921 
5 1597.539 
5 2393.354 
5 2022.048 
5 1484.789 
5 2091.382 
5 2009.902 
5 1636.821 
5 1595.751 
5 2620.232 
5 1351.171 
5 1887.614 
5 1669.562 
5 2150.855 
5 1911.720 
5 1505.147 
5 1352.738 
5 1744.859 
5 1454.152 
5 1890.119 
5 2053.400 
5 1963.648 
5 1742.553 
5 1817.626 
5 1798.154 
4 2136.797 
4 1560.956 
5 3154.289 
4 1518.106 
5 1560.295 
5 1837.831 
5 2575.089 
5 2405.171 
5 1532.340 
5 2016.080 
5 1740.488 
4 1632.139 
5 1173.034 
4 2074.779 
5 2218.311 
5 2461.077 
5 1674.958 
5 1297.346 
5 2183.679 
5 1649.100 
5 2114.395 
5 1511.082 
5 1658.174 
5 2289.248 
5 2152.522 
5 2339.968 
5 1158.216 
5 1735.405 
5 2058.082 
5 3568.390 
5 1827.171 
5 1556.913 
5 1717.506 
5 1354.288 
5 1275.479 
5 1588.152 
5 2713.394 
4 1208.399 
5 1298.141 
4 1704.193 
5 1626.431 
4 1568.960 
4 2440.859 
5 1616.645 
5 1804.966 
5 1541.812 
5 1186.861 
5 2061.550 
5 1524.224 
5 1743.154 
5 1875.128 
5 1212.275 
5 1723.562 
5 1839.332 
5 1402.406 
5 1475.896 
5 1605.244 
5 2184.443 
5 1561.934 
5 1681.856 
5 2546.278 
5 1485.313 
4 1618.525 
4 2031.905 
5 1503.679 
5 1398.966 
5 2393.251 
5 1429.366 
4 1742.326 
4 2144.570 
5 1697.486 
4 2022.211 
5 1660.297 
5 1665.344 
5 1563.855 
5 1591.777 
5 1532.847 
5 1671.157 
5 2751.409 
5 1213.442 
4 1882.559 
5 1545.674 
5 2764.102 
5 1766.777 
5 2005.891 
5 2085.885 
5 1821.026 
5 1759.629 
5 1823.580 
5 2425.972 
5 1251.185 
5 1778.448 
5 1449.719 
5 2471.736 
5 1945.522 
5 1749.329 
5 1843.131 
5 1861.025 
5 1622.115 
5 1641.895 
5 1728.846 
5 1779.844 
5 1672.021 
4 1229.472 
5 1655.288 
4 1287.785 
4 1426.724 
4 1813.564 
5 1664.042 
4 992.512 
5 2390.913 
5 1732.222 
5 2160.594 
5 1175.658 
5 2038.807 
5 1798.366 
4 1208.292 
5 2006.039 
5 2525.111 
5 1678.066 
5 1700.110 
5 1496.433 
5 1790.409 
5 1926.480 
5 2087.745 
5 1833.795 
5 1602.470 
5 1314.888 
5 2202.336 
5 1775.684 
5 2201.706 
5 2033.044 
5 2166.930 
5 1310.743 
5 1662.153 
5 1532.049 
4 2110.772 
5 1255.384 
4 1520.364 
5 1728.672 
5 1462.621 
5 1450.120 
5 1774.948 
5 2187.135 
5 1495.811 
5 2413.740 
5 1543.144 
5 1088.408 
5 2566.003 
5 2374.537 
5 2248.365 
5 2150.366 
5 1453.213 
5 2000.701 
5 1824.532 
5 1902.917 
4 2626.816 
5 1573.520 
4 2335.550 
5 1431.898 
5 2444.118 
5 3235.979 
5 1437.857 
5 2077.989 
5 1289.835 
4 1920.021 
4 1904.904 
5 1589.082 
5 1943.857 
4 1777.090 
5 2130.973 
4 2270.260 
5 1847.995 
5 1879.562 
5 1974.242 
4 1295.385 
5 1455.322 
5 1598.437 
5 1518.229 
5 1420.679 
5 1740.290 
4 1724.877 
5 2413.971 
5 2087.890 
5 1487.627 
5 1307.975 
5 1617.173 
5 1302.862 
5 1898.427 
4 2350.780 
5 1966.078 
5 1748.032 
5 1945.901 
5 2242.393 
4 1636.690 
5 1503.577 
4 1517.858 
5 1935.555 
4 1854.960 
5 2271.264 
5 1429.445 
5 1660.118 
5 2081.280 
5 1341.562 
5 1678.777 
5 1546.099 
5 1675.503 
5 2333.043 
5 1924.517 
5 2054.583 
5 1596.832 
5 1975.486 
5 2853.259 
5 1826.438 
5 1647.914 
5 1751.354 
5 1552.487 
5 1998.014 
4 1489.563 
5 1959.524 
5 2067.913 
5 1924.599 
5 1964.758 
5 1522.030 
4 1865.226 
5 1396.671 
5 1802.944 
5 1375.365 
5 1719.184 
5 1835.951 
5 1429.673 
5 1518.978 
5 1540.379 
5 1537.577 
5 1821.260 
5 2147.441 
5 1437.917 
5 1589.480 
5 2696.671 
5 1878.645 
5 1847.477 
5 2784.947 
5 1665.089 
5 2386.163 
5 2577.943 
5 1680.246 
5 1948.402 
5 2187.113 
5 1900.050 
4 1304.562 
5 1955.787 
5 1686.070 
5 1808.789 
5 2154.193 
5 2527.715 
5 1757.579 
5 1482.790 
5 1735.589 
5 1961.763 
4 1711.551 
5 1341.968 
4 1624.927 
5 2084.703 
5 1512.116 
5 2347.391 
5 1944.190 
5 1637.085 
5 1533.840 
5 2295.210 
5 1618.993 
4 1694.557 
5 1571.130 
5 2233.448 
4 2466.182 
5 1422.509 
5 1290.599 
5 1714.569 
5 1669.355 
4 1549.871 
5 1763.779 
5 1522.429 
5 1742.994 
4 1511.322 
5 1503.848 
5 1990.584 
5 1937.201 
5 1628.498 
5 1659.777 
5 1549.402 
5 1827.619 
4 1920.792 
5 2220.584 
5 1742.143 
5 2124.049 
5 1318.141 
5 2852.197 
5 1735.969 
5 1958.239 
5 1533.388 
5 1997.456 
5 1600.580 
5 1674.055 
5 1559.120 
5 1672.899 
5 1476.024 
5 1825.817 
5 1283.803 
5 1330.092 
5 1523.022 
5 1634.471 
4 1890.633 
4 1713.642 
5 1645.240 
5 2495.838 
5 1905.494 
5 1959.854 
5 1441.937 
5 2150.187 
5 2286.049 
5 1415.245 
5 2515.094 
4 1632.331 
4 1617.114 
5 1619.898 
5 1895.346 
5 2148.275 
5 1685.171 
5 2106.024 
5 2069.300 
5 2221.526 
5 2376.745 
5 1707.849 
5 1459.528 
5 1650.639 
5 2368.493 
5 1706.034 
4 2066.465 
5 1884.378 
5 1291.990 
5 1668.505 
5 1303.012 
5 1578.169 
5 1720.034 
5 2498.141 
4 1320.594 
5 1322.486 
5 1593.571 
5 1302.708 
5 2072.608 
5 1372.910 
5 2063.097 
5 1728.920 
5 1203.946 
5 1457.808 
5 1666.355 
5 1764.537 
5 2158.171 
5 1455.833 
5 1634.200 
5 1482.574 
5 1481.463 
5 2179.650 
5 2018.552 
5 1619.123 
5 1747.771 
4 1374.243 
5 1487.783 
5 2134.954 
5 1846.103 
5 1539.771 
5 1880.805 
5 1927.676 
5 1979.779 
5 1657.560 
5 2605.071 
5 1709.389 
5 1541.448 
5 1833.640 
4 1675.541 
5 1852.640 
5 2471.112 
5 1557.852 
5 1596.872 
5 2068.502 
5 1346.812 
5 1852.921 
5 1456.553 
5 1286.826 
5 1761.492 
5 1145.437 
5 2553.747 
5 1649.306 
5 2165.888 
4 1713.091 
5 2470.836 
5 2055.257 
5 1744.909 
5 1449.744 
5 1969.199 
5 1645.755 
5 1506.577 
5 1909.042 
5 1408.797 
5 1424.930 
5 1466.290 
4 2487.720 
5 1957.499 
5 1359.837 
5 2105.261 
5 1465.719 
5 1713.461 
4 1592.143 
5 1613.150 
5 2430.339 
5 1706.164 
5 1446.469 
5 1353.228 
5 2016.764 
5 1469.915 
5 1874.367 
4 1572.893 
5 1857.522 
5 1890.635 
4 1855.118 
5 1842.527 
5 1358.337 
5 2030.807 
5 1198.295 
5 1263.281 
5 1839.113 
4 1805.872 
5 1352.899 
5 1517.420 
5 1649.278 
5 1132.127 
5 1313.621 
5 1650.298 
5 2209.139 
5 1850.184 
5 1558.721 
5 1647.339 
5 1916.334 
4 2317.950 
5 2142.277 
4 2416.476 
4 1299.907 
5 1964.601 
5 2001.615 
5 1931.936 
5 1562.910 
5 1902.868 
5 1443.692 
5 1536.855 
5 1527.080 
5 1836.098 
5 1722.759 
5 1836.214 
5 1748.660 
5 1979.250 
5 1480.743 
5 2038.458 
4 1642.527 
5 1498.985 
5 1407.097 
5 1611.218 
5 1326.285 
5 2541.010 
5 1434.828 
5 1698.976 
5 3041.392 
5 1721.727 
5 1918.512 
5 1809.804 
4 1779.328 
5 1582.624 
5 1743.447 
5 1309.027 
5 1683.329 
5 1575.668 
5 1777.944 
5 1245.431 
5 1957.004 
5 1812.207 
4 1354.760 
5 1080.347 
5 1970.412 
5 1906.496 
5 1521.095 
5 2013.134 
5 1753.828 
5 1592.780 
5 1657.733 
5 1320.254 
5 1873.778 
5 1918.645 
4 2779.275 
5 1205.562 
5 1278.721 
5 1500.712 
5 1674.287 
5 1706.365 
5 1549.121 
5 1655.189 
5 1992.306 
5 1416.292 
5 2056.516 
5 2058.129 
5 1436.629 
5 1823.912 
5 1403.025 
5 1489.360 
5 1262.526 
4 1694.759 
5 1688.765 
5 1765.430 
5 1513.317 
5 1505.220 
5 1821.865 
5 2192.286 
5 1815.131 
5 1669.812 
5 1696.073 
5 1788.447 
5 2583.323 
5 2176.742 
5 1457.999 
5 2108.536 
5 1890.133 
5 1737.343 
5 2188.781 
5 1533.594 
5 1691.424 
5 1320.074 
5 2343.991 
5 1311.594 
5 2198.838 
5 1606.614 
5 1542.983 
4 1837.351 
5 1376.905 
5 1119.437 
5 1873.821 
5 2430.064 
5 1769.502 
5 1799.529 
5 1754.592 
5 1053.619 
5 1795.129 
5 2090.645 
5 2336.770 
5 1505.708 
5 1808.177 
5 1662.779 
5 1562.870 
5 2827.417 
5 1516.280 
5 2465.637 
5 1638.213 
5 1252.293 
4 1674.625 
5 1388.125 
5 2037.213 
5 1879.256 
5 1517.178 
5 1867.193 
5 2245.381 
5 1786.226 
5 1925.661 
5 1598.954 
5 1710.534 
5 1846.259 
5 1787.700 
5 2422.805 
5 1933.864 
5 1706.945 
5 1535.424 
5 1788.253 
5 2076.578 
5 2367.520 
5 2042.755 
5 1960.471 
5 1491.430 
4 1763.809 
5 1548.611 
5 2005.619 
5 2157.490 
5 1784.855 
5 1497.325 
5 1378.726 
5 2430.960 
5 1786.668 
5 2026.646 
5 1566.134 
5 2318.750 
5 1465.167 
5 1401.700 
5 2478.644 
5 1695.662 
5 1460.870 
5 2009.171 
5 1593.253 
4 2102.120 
5 2422.285 
5 1698.692 
5 1408.125 
5 1461.186 
5 1765.497 
5 1750.472 
5 1800.115 
5 1704.530 
5 1560.069 
5 1530.514 
5 2036.081 
5 1461.538 
5 1791.508 
5 1423.945 
5 874.990 
5 1527.538 
5 1885.626 
5 1632.621 
5 2027.451 
5 1773.802 
5 1234.075 
5 2255.891 
5 1323.798 
4 1616.663 
5 3010.031 
5 1676.097 
5 2358.293 
5 1679.756 
5 2015.710 
5 2316.620 
4 2060.902 
5 2192.638 
5 1743.305 
5 2782.620 
5 1530.056 
5 1909.810 
5 1565.476 
5 2598.931 
5 1999.782 
5 1939.177 
5 1643.958 
5 1553.819 
5 1961.869 
5 1465.047 
4 1593.781 
5 1375.873 
5 1685.358 
5 2041.221 
5 1745.191 
5 1610.925 
5 2538.838 
5 2160.762 
5 2322.666 
5 1413.403 
5 1814.127 
5 1496.501 
5 1607.069 
5 1849.842 
5 3024.646 
5 1835.317 
5 1687.060 
5 1540.024 
5 1630.259 
5 1554.310 
5 1882.856 
5 1889.504 
4 1584.409 
5 2060.231 
5 1527.882 
5 1810.685 
5 2529.099 
5 1430.038 
5 1387.321 
5 1205.387 
4 1611.698 
5 1883.627 
4 1891.105 
5 1629.431 
5 1415.315 
5 1824.158 
5 1597.391 
5 2742.878 
4 1429.432 
5 1757.725 
5 1661.940 
5 1480.153 
4 2121.695 
5 1483.786 
5 1628.028 
5 1618.610 
4 1585.685 
5 1990.626 
5 1899.057 
4 2809.417 
5 1539.743 
5 1899.621 
5 2121.081 
5 2220.103 
5 1868.591 
4 1688.471 
5 2018.444 
5 1507.917 
5 1964.065 
5 1438.820 
5 2227.757 
5 1909.733 
4 1713.417 
5 2256.716 
5 1659.427 
5 1662.434 
5 1804.387 
4 1845.622 
4 2460.429 
5 1564.737 
5 1725.897 
5 2272.218 
5 2092.371 
5 1847.099 
5 1314.125 
5 1867.173 
5 1388.769 
5 1708.905 
5 1929.819 
4 1184.175 
5 2075.943 
4 1588.980 
5 1772.229 
5 1688.398 
5 2406.290 
5 1519.119 
5 1597.951 
5 1704.078 
5 1481.018 
5 2071.988 
5 1989.868 
5 1711.391 
4 1733.475 
5 2415.713 
5 1676.627 
5 1459.340 
5 1783.455 
5 1899.475 
4 1844.380 
5 1640.740 
5 1668.237 
5 1499.898 
5 1510.859 
4 1713.228 
5 1867.088 
4 1626.407 
4 1834.534 
5 1960.887 
5 1522.033 
5 1711.599 
5 2208.050 
5 1629.716 
5 1560.832 
5 1840.728 
5 2335.782 
5 1886.334 
5 1536.217 
5 1401.798 
4 1210.248 
5 1648.885 
5 1607.276 
4 2173.948 
5 1980.013 
5 2962.088 
5 2439.075 
5 2448.534 
5 1671.953 
5 1615.557 
5 1687.261 
5 2244.052 
5 1739.478 
5 1490.814 
5 1580.379 
5 2193.176 
5 1323.520 
5 1350.740 
5 2383.722 
5 1748.952 
5 1284.039 
5 2008.370 
5 1838.481 
5 1781.744 
5 1609.572 
4 1535.165 
4 1986.114 
5 1743.342 
5 1273.018 
5 1822.282 
5 1500.854 
5 2255.312 
5 1767.647 
5 1850.078 
5 1521.321 
5 1270.767 
5 1816.298 
5 1549.257 
5 1744.327 
5 1679.947 
5 2042.163 
5 2687.779 
4 1607.707 
5 1803.127 
5 2043.727 
5 2376.644 
5 1959.273 
5 1810.553 
5 1828.187 
4 1512.316 
5 2062.848 
5 2097.615 
5 1722.793 
5 1781.616 
5 1429.452 
5 1806.819 
5 1829.279 
4 1570.367 
5 1984.156 
5 2103.940 
5 1641.696 
5 1630.360 
5 1927.394 
5 1176.552 
5 1721.143 
5 1551.028 
5 2282.265 
4 1703.437 
5 1796.882 
5 2018.196 
4 1570.994 
5 1770.546 
5 2265.443 
5 1973.861 
5 1358.502 
5 2275.840 
5 1363.461 
5 1425.337 
5 1491.724 
5 1643.814 
5 1412.667 
5 2176.308 
5 1869.615 
5 1816.307 
5 1610.308 
5 1426.333 
5 1453.120 
5 2013.047 
5 1208.903 
5 2246.332 
5 2014.919 
5 1753.009 
5 1772.798 
5 1682.626 
4 2023.541 
5 1490.600 
5 1748.750 
5 2017.109 
5 1553.835 
5 1522.877 
4 2041.251 
5 1575.941 
5 1587.796 
5 1878.584 
5 1464.525 
5 1454.756 
5 1785.933 
5 1772.830 
5 1821.955 
5 1793.384 
4 2053.712 
5 1885.127 
5 1679.565 
5 1602.247 
5 1795.025 
4 1466.037 
5 1582.369 
4 1996.056 
5 1454.972 
5 915.069 
5 2149.898 
5 1756.020 
5 1110.819 
5 1568.060 
5 1696.422 
5 2553.624 
5 1749.714 
5 1754.283 
5 1607.287 
5 1135.080 
5 1880.344 
5 1494.583 
5 1603.048 
5 1984.766 
5 1447.467 
5 1149.757 
5 1605.513 
5 1528.336 
5 2468.046 
4 1955.118 
5 2579.243 
5 1849.068 
5 1614.767 
4 1289.089 
5 2525.828 
5 2477.579 
4 1513.236 
5 1711.933 
5 1623.678 
5 2207.002 
5 1586.254 
5 2187.130 
5 1449.188 
4 1565.792 
5 2363.001 
5 1427.817 
5 1205.701 
5 2523.293 
5 2392.134 
5 2197.000 
5 1341.186 
5 1590.900 
5 2197.296 
5 1437.714 
4 1890.464 
5 1569.305 
4 2051.453 
5 1928.523 
5 1769.478 
5 1280.670 
5 1176.983 
5 1952.915 
5 1938.005 
5 1942.686 
5 1876.874 
5 1514.145 
5 1937.147 
5 1649.523 
5 1523.432 
5 1714.441 
5 1630.990 
5 1581.426 
5 1876.067 
5 1678.963 
4 1903.631 
5 1192.179 
5 1887.629 
5 2095.678 
4 1213.025 
5 1613.178 
5 1410.563 
5 2785.393 
5 2836.077 
5 1544.978 
5 2204.577 
5 1389.867 
5 1611.798 
5 1390.110 
5 1263.354 
5 1833.670 
5 2197.264 
5 2174.341 
5 1276.841 
5 2002.522 
5 1935.525 
5 2023.217 
5 1983.859 
5 1952.088 
5 1994.147 
5 1545.705 
5 2368.205 
4 2270.818 
5 1873.427 
5 1744.297 
5 1690.742 
5 1738.706 
5 1554.468 
5 1806.556 
5 1937.634 
5 1792.250 
5 1596.957 
5 2248.363 
5 1310.655 
5 1550.545 
5 1515.582 
5 1517.544 
5 1580.762 
5 1738.119 
5 1834.317 
5 2854.530 
5 2206.130 
5 1389.860 
5 1705.815 
5 1584.306 
5 1500.474 
5 1829.679 
5 1928.556 
5 1533.846 
5 1864.388 
5 1580.359 
5 1746.804 
5 1816.475 
5 2401.761 
5 1415.246 
5 1434.768 
5 1671.429 
5 1531.621 
5 1919.341 
5 1628.848 
5 1668.955 
5 1336.449 
5 2174.728 
5 1953.605 
5 1787.272 
5 1829.217 
5 1331.885 
5 1434.084 
5 1741.175 
5 1693.735 
5 1598.346 
5 1893.991 
4 1686.770 
4 1498.030 
5 1779.885 
5 1583.091 
5 1943.338 
5 2508.542 
5 1613.834 
4 1402.061 
5 1524.045 
5 2288.510 
5 1471.196 
5 1720.400 
5 2093.035 
5 2235.842 
5 1489.417 
5 1480.212 
4 1407.973 
5 1722.566 
5 1659.615 
5 2172.029 
5 2539.880 
5 1819.643 
5 2604.926 
4 2002.573 
5 1938.969 
5 1452.367 
5 1611.906 
5 1968.874 
5 1858.755 
5 1662.703 
5 1722.757 
5 1806.331 
5 1794.464 
5 1708.425 
5 1261.233 
5 1806.320 
5 1698.688 
5 1773.742 
5 2488.910 
5 1981.072 
5 1740.821 
5 1624.680 
5 1780.243 
5 1762.672 
5 1375.488 
5 1911.720 
5 1523.033 
5 1551.806 
4 2258.961 
5 1579.361 
4 1390.341 
5 2392.317 
5 1751.506 
5 1822.054 
5 1649.718 
4 2764.187 
5 2068.755 
5 1561.788 
5 1496.315 
5 2207.315 
5 1451.809 
5 1135.321 
4 1706.756 
4 2507.210 
5 1801.543 
5 1679.403 
5 1658.522 
5 1492.624 
5 1738.495 
5 1780.321 
5 1738.865 
5 2381.055 
4 1006.916 
5 1308.024 
5 1583.383 
5 1901.909 
5 1634.307 
5 1287.803 
5 1755.381 
5 2216.062 
5 1900.272 
4 1924.626 
5 1506.714 
5 1943.784 
5 2670.594 
5 1540.592 
4 2713.505 
5 2296.560 
4 1285.580 
5 1633.795 
4 1517.248 
5 1707.760 
5 1637.881 
5 1141.767 
5 1567.821 
5 1509.604 
5 1990.331 
4 1952.693 
5 1558.066 
4 1832.041 
5 1580.044 
5 1629.431 
5 1306.140 
5 1297.695 
5 1750.458 
5 1706.317 
5 2264.945 
5 1584.534 
5 1720.152 
5 2009.549 
5 1144.519 
5 1609.701 
5 1258.821 
5 1672.550 
5 1716.974 
5 1704.598 
5 1846.291 
5 1908.472 
5 2624.060 
5 1557.077 
5 1718.992 
5 1700.124 
5 1186.794 
4 1373.457 
4 1544.269 
5 1483.948 
5 1818.077 
5 1654.939 
5 1573.034 
5 1571.600 
5 2101.040 
5 1392.834 
4 2405.412 
5 1671.683 
5 2008.670 
5 2113.132 
5 1756.810 
5 1833.722 
5 1511.456 
5 1454.903 
5 1507.522 
5 2034.195 
5 1676.416 
5 1457.790 
5 1451.867 
5 1603.362 
4 2037.632 
5 1825.173 
5 1893.014 
5 1448.647 
5 1743.183 
5 1600.157 
5 1497.067 
5 1243.164 
4 1157.039 
5 1933.044 
5 2389.384 
5 2889.459 
5 1734.324 
5 1370.327 
5 2157.605 
5 2090.858 
5 1126.082 
5 1612.136 
5 1629.354 
4 1920.679 
5 1582.454 
5 1792.202 
5 1281.047 
5 1368.429 
5 1812.793 
5 1353.939 
5 2017.427 
5 2422.579 
5 1776.935 
5 1558.124 
5 2097.204 
5 2070.854 
4 1787.950 
5 2113.039 
5 1557.523 
5 1418.997 
5 1971.340 
5 1129.205 
5 1674.774 
5 1196.463 
5 1850.142 
5 1951.871 
5 1482.900 
5 1391.858 
5 1527.884 
4 2018.046 
5 1971.118 
5 1614.945 
5 1687.142 
5 1746.892 
5 1456.441 
5 1736.627 
5 1309.490 
5 2252.212 
5 1734.161 
5 1408.549 
5 1619.418 
5 1733.525 
5 1470.275 
5 1199.641 
4 2041.246 
5 2657.285 
5 1861.483 
5 1574.236 
4 2195.008 
5 2197.084 
5 2151.469 
5 1565.022 
5 1544.457 
5 1867.021 
5 1608.822 
4 1588.145 
5 1768.662 
5 1421.895 
5 1793.032 
5 1846.734 
4 1894.194 
5 1826.607 
5 1712.841 
5 1507.121 
4 1536.695 
5 1507.350 
5 1243.520 
5 2142.104 
5 1397.786 
5 2026.356 
5 2771.863 
5 1708.907 
5 1777.475 
5 1776.375 
5 1630.929 
5 1580.952 
5 1784.764 
5 2599.747 
5 1481.388 
5 2361.241 
5 2805.154 
5 1565.835 
5 1883.485 
4 2873.772 
5 1536.927 
5 2741.664 
5 2350.049 
5 1465.039 
5 1554.832 
5 2336.639 
5 1314.743 
5 2547.677 
5 1932.328 
5 2142.957 
5 2007.047 
5 3399.306 
5 2044.978 
5 2085.230 
5 944.166 
5 1827.562 
5 2022.669 
4 2037.829 
5 1775.510 
5 1601.260 
5 1374.611 
5 1265.886 
4 1444.860 
5 2527.295 
5 1568.609 
5 1142.865 
5 1321.902 
5 1804.188 
5 1402.896 
5 1632.246 
5 2565.875 
4 1619.481 
5 2010.772 
5 1940.726 
5 1645.485 
5 2336.827 
5 1969.622 
5 1637.810 
5 1658.162 
5 1959.566 
5 1309.189 
5 1892.014 
5 2362.301 
5 1697.951 
5 2035.399 
5 2294.118 
5 2216.252 
4 1213.011 
5 3008.960 
5 1711.948 
5 1474.420 
5 1888.418 
5 1831.344 
5 1577.518 
5 1782.371 
4 2435.798 
5 2278.409 
5 2037.135 
5 1965.846 
5 1466.056 
5 2072.124 
5 1727.200 
5 1417.961 
5 1674.301 
5 1870.003 
5 2017.716 
5 1919.637 
4 1783.353 
4 1975.456 
4 1943.639 
5 1713.003 
5 2106.543 
5 2065.836 
5 1887.245 
5 1579.716 
5 1356.653 
5 2577.519 
5 1454.825 
5 2247.731 
5 1986.747 
4 1696.910 
5 2444.663 
4 1649.468 
5 1563.271 
5 1325.735 
5 2063.024 
4 2484.769 
5 1747.682 
5 1940.851 
5 1578.075 
5 1562.607 
5 2049.042 
4 1647.141 
5 1811.869 
5 1498.870 
5 1798.773 
5 1392.166 
5 1356.005 
5 1885.137 
5 1815.542 
5 1970.379 
5 2216.103 
5 2177.341 
4 1821.249 
5 2199.716 
4 1984.708 
5 1761.908 
4 1226.614 
5 1583.163 
5 1109.787 
5 1505.005 
5 1282.155 
5 1791.068 
5 2453.448 
5 1836.990 
5 1931.085 
5 1654.782 
5 2494.721 
5 1861.586 
5 1840.123 
5 1954.394 
5 1620.276 
5 1806.526 
5 1543.733 
4 1471.293 
5 1782.201 
5 1674.621 
4 1842.889 
5 1639.148 
5 1052.161 
5 1259.982 
5 1938.636 
5 1238.550 
5 1348.487 
5 1678.306 
5 2246.881 
5 1886.936 
5 1961.616 
5 1919.041 
5 1868.755 
4 1548.238 
5 1456.821 
5 2428.358 
5 1491.176 
5 2068.988 
5 1577.129 
5 1920.013 
5 2083.067 
5 1871.578 
5 1837.748 
4 1549.670 
5 1563.769 
4 1872.946 
5 1469.188 
5 1549.432 
5 2017.293 
4 2016.732 
5 1663.057 
5 2052.897 
5 2045.718 
5 1222.315 
5 1589.825 
5 1361.820 
5 997.112 
5 1127.790 
5 1761.480 
5 1049.009 
5 2994.335 
5 1597.642 
5 1969.223 
4 1890.261 
5 1879.651 
4 1620.601 
5 1583.333 
5 1572.745 
5 1734.579 
5 2208.783 
5 1757.745 
5 1796.432 
5 1358.101 
5 1688.082 
4 873.506 
5 1416.367 
5 2005.393 
5 1768.160 
5 1815.852 
5 1269.051 
5 1654.120 
5 1678.104 
5 1748.022 
4 1998.544 
5 2373.088 
5 1909.389 
5 1521.230 
5 1974.163 
5 2047.197 
5 1614.054 
5 1312.157 
5 1180.107 
5 1907.653 
5 1636.351 
5 1959.248 
5 1949.263 
5 1761.307 
5 1905.277 
5 1765.702 
5 1572.842 
5 1695.657 
5 1805.722 
5 1884.888 
5 1670.858 
5 2235.540 
5 1500.425 
5 1366.164 
5 1480.812 
5 1912.178 
5 1713.060 
5 1390.395 
5 1936.229 
5 2083.905 
5 1732.286 
5 2376.660 
5 1844.774 
5 1741.922 
5 2242.382 
5 2671.187 
5 1387.216 
5 1435.182 
5 1409.523 
4 1859.414 
4 1909.513 
5 1768.659 
4 1608.687 
5 1473.564 
5 1605.609 
5 2004.250 
5 1925.907 
5 1799.148 
5 1990.238 
5 1719.690 
5 1777.030 
5 2036.323 
5 1732.606 
5 2195.637 
4 1595.837 
5 2112.161 
5 1846.891 
5 2217.681 
5 1801.608 
5 1396.263 
5 1914.536 
5 1585.052 
5 1770.586 
5 1560.216 
5 1466.340 
5 1390.422 
5 1199.189 
5 1560.665 
5 1304.676 
5 1592.930 
4 1533.714 
5 1849.765 
5 1173.301 
5 1416.903 
5 1695.297 
5 1662.270 
5 2162.681 
5 1638.445 
5 1421.612 
5 2046.662 
5 1519.271 
5 1755.920 
5 1655.005 
5 1560.309 
5 1626.350 
4 2298.771 
5 1739.287 
5 1606.550 
4 1831.205 
4 1529.332 
5 1585.702 
5 1829.388 
5 1681.579 
5 2067.804 
4 1339.832 
5 1849.146 
5 1975.712 
5 1525.677 
5 1680.774 
5 1454.702 
5 1531.427 
5 1521.086 
4 1728.338 
5 1345.188 
5 1773.879 
5 2235.894 
5 1585.935 
5 1504.238 
5 1982.000 
5 1670.219 
5 1381.671 
5 1742.702 
5 2194.735 
4 2027.047 
5 1733.834 
5 1009.085 
5 1741.034 
5 1747.710 
5 2166.402 
4 1693.900 
4 1874.349 
5 1736.140 
5 1376.294 
5 1836.389 
5 2097.568 
5 1739.729 
5 1851.470 
4 2035.658 
5 2554.773 
5 2013.833 
5 1558.495 
5 1489.630 
5 2232.520 
5 1962.604 
5 1501.245 
5 1427.965 
5 2347.749 
5 1523.627 
5 2428.508 
5 1895.256 
5 1775.035 
5 1523.884 
5 1220.667 
4 1702.624 
5 1456.585 
5 1674.343 
5 2031.293 
4 1704.109 
5 1771.883 
5 1991.531 
5 1322.393 
5 1837.840 
5 1311.936 
4 1829.642 
5 1674.292 
5 1735.426 
5 1666.035 
5 1562.340 
5 1912.855 
5 1976.796 
5 1567.334 
5 2138.663 
5 1642.420 
5 1855.018 
4 1931.816 
4 1682.683 
4 1016.249 
5 2758.592 
5 1199.970 
5 1628.875 
4 2130.423 
5 2053.636 
5 1805.849 
5 1774.529 
5 1457.461 
5 1191.550 
5 2271.054 
4 2316.021 
5 2715.402 
5 1708.389 
5 1836.644 
5 1295.569 
5 1928.561 
5 1811.588 
5 2053.500 
5 1839.067 
5 1831.369 
4 1967.272 
5 1774.743 
5 1704.466 
5 2348.981 
5 2231.219 
5 1728.949 
4 1873.267 
5 1138.683 
5 1666.904 
5 1443.634 
5 2736.242 
5 2322.349 
5 1785.178 
5 1453.959 
5 1555.305 
5 1573.227 
5 1125.564 
5 2618.002 
5 1747.773 
5 1417.269 
5 1488.416 
5 2021.304 
5 1716.189 
5 1496.177 
5 2250.417 
5 2263.432 
5 2023.136 
5 1760.923 
5 2099.945 
5 1636.464 
5 1406.902 
5 1502.806 
5 1857.307 
4 1855.879 
5 1673.281 
5 1830.246 
5 1602.953 
5 1953.487 
5 1617.923 
5 1352.382 
5 1767.035 
5 1511.258 
5 2141.696 
5 1688.376 
5 1557.081 
4 1888.866 
5 1664.573 
5 1983.252 
5 1508.964 
5 1924.237 
4 2008.589 
5 2123.831 
5 2052.702 
5 2129.156 
5 1534.751 
5 1530.234 
5 1754.246 
5 1680.328 
4 1647.794 
5 1697.845 
5 1696.832 
5 2043.900 
5 1739.654 
5 1369.922 
5 1446.623 
5 2323.075 
4 1616.543 
5 2124.517 
4 1854.159 
4 1875.682 
5 1474.424 
5 1300.519 
5 1888.412 
5 1992.988 
5 2021.559 
5 1978.414 
5 1626.678 
5 1184.460 
5 1597.393 
5 1566.692 
5 1903.725 
5 3073.803 
5 1494.931 
5 1496.976 
5 1549.694 
5 914.737 
4 1182.774 
5 2139.845 
5 2313.474 
5 1683.495 
5 1631.193 
4 2223.621 
5 1861.558 
4 1535.957 
5 2213.807 
5 2002.141 
5 1471.029 
4 2217.377 
5 2779.027 
5 1872.021 
5 1884.906 
5 1206.086 
5 1721.671 
5 1435.798 
5 2549.331 
5 1408.981 
5 1781.683 
5 2121.312 
5 1642.004 
5 2509.552 
5 1660.159 
5 2555.127 
5 1419.588 
5 1757.875 
5 1978.131 
5 1544.731 
5 1768.008 
5 2191.462 
5 2386.323 
5 1599.002 
5 1904.542 
5 1307.517 
5 1425.816 
4 1422.406 
5 1625.567 
5 1728.754 
5 1838.323 
5 1419.536 
4 1148.248 
5 1632.837 
5 1301.656 
4 2042.289 
5 1575.551 
5 2837.746 
5 1677.075 
4 1079.147 
5 1464.713 
5 1832.547 
5 2057.926 
5 1445.706 
5 1265.745 
5 1307.020 
4 1436.685 
5 1457.972 
5 1993.528 
5 1751.765 
5 1418.333 
5 1725.198 
5 1483.669 
5 2252.292 
5 2469.327 
5 1688.825 
4 1920.757 
5 1415.286 
5 2380.186 
5 2381.947 
5 1406.936 
4 2451.531 
5 1956.415 
5 1293.900 
4 1581.281 
5 1526.954 
5 2247.268 
5 1703.283 
5 1765.216 
5 1590.399 
5 1508.827 
5 2238.775 
5 1482.416 
5 2410.812 
5 1918.106 
4 1927.702 
5 1523.770 
5 2150.816 
5 2160.087 
5 2010.146 
5 1945.188 
5 1433.094 
5 2807.193 
5 1183.084 
5 1862.531 
5 1999.821 
5 1719.006 
5 2328.654 
5 1345.944 
5 1290.482 
5 1782.070 
5 1710.742 
5 2635.709 
5 1898.972 
5 1658.909 
4 1418.764 
5 1669.878 
5 1665.763 
5 1789.017 
5 1893.713 
4 1628.135 
5 2467.933 
5 2087.896 
5 2201.361 
5 1891.335 
5 1623.241 
5 1689.364 
5 1271.650 
5 1720.040 
5 1498.006 
5 1560.895 
5 1623.315 
5 1581.154 
5 1525.428 
5 1500.611 
5 1246.452 
5 2392.488 
5 1749.901 
5 1527.820 
5 1717.476 
5 2077.050 
5 1715.387 
5 1776.543 
4 1192.078 
5 2389.879 
5 2314.928 
5 1913.463 
5 1885.113 
4 1818.022 
5 2294.167 
5 1955.057 
5 1649.093 
5 1911.415 
5 1826.115 
5 1402.765 
5 1658.408 
5 1616.984 
5 1486.077 
5 1764.590 
5 1723.999 
5 1584.383 
5 1612.234 
5 1329.990 
5 2054.486 
4 1515.573 
5 1421.925 
5 2772.567 
5 1737.080 
5 2112.662 
5 2603.922 
5 1809.619 
5 1499.772 
5 1732.573 
5 1737.619 
5 2592.879 
4 1812.562 
5 2255.390 
5 1154.929 
5 1321.013 
5 1506.888 
5 2370.930 
4 1112.386 
5 1790.440 
5 2268.734 
5 2464.296 
5 2623.755 
5 2282.458 
5 1766.512 
5 1831.303 
4 1958.844 
4 1538.021 
5 1942.525 
4 2051.027 
4 1501.121 
5 1553.189 
5 1317.484 
5 1661.840 
5 2346.149 
5 2257.431 
5 1990.459 
5 1811.489 
5 1275.933 
5 1137.962 
4 2078.338 
5 2325.962 
5 1634.874 
4 2139.536 
5 1815.923 
4 1914.363 
5 2039.104 
5 1589.530 
5 1976.312 
4 1700.421 
4 1485.129 
5 1806.947 
5 1515.461 
5 1929.127 
5 1850.457 
5 2022.266 
5 2078.494 
5 1578.886 
5 1923.759 
4 1610.838 
5 1846.318 
5 1348.050 
5 2265.180 
5 1904.557 
5 1450.464 
5 2001.022 
5 2150.767 
5 1961.707 
4 1268.802 
4 1865.102 
5 1779.069 
5 2171.311 
5 1825.413 
5 1772.751 
5 1759.730 
5 1436.859 
5 1731.462 
5 2158.169 
5 2483.792 
5 1889.439 
5 2108.863 
5 2372.990 
5 1275.009 
5 1185.307 
5 1389.410 
5 1609.007 
5 1832.978 
5 1835.339 
5 1858.658 
5 904.691 
5 1379.063 
4 1399.267 
5 1541.804 
5 1800.206 
5 1528.066 
5 1588.718 
5 1667.969 
5 1595.935 
5 1820.795 
5 1639.764 
5 1960.588 
5 2083.687 
4 884.393 
5 1325.761 
5 1946.942 
5 2184.813 
5 1743.164 
5 1794.741 
5 1537.980 
5 2068.114 
4 1722.003 
5 1744.876 
5 1196.562 
5 1462.769 
5 1294.516 
5 1749.171 
5 1703.455 
5 1985.051 
5 1716.334 
4 1595.865 
4 1738.693 
5 1252.519 
5 1403.627 
5 1510.822 
5 1503.482 
5 1549.010 
5 1631.952 
5 1991.387 
4 1638.379 
5 1724.232 
5 1691.370 
4 1519.703 
4 1751.561 
5 1934.749 
5 1487.051 
5 1548.251 
5 1427.820 
5 1489.055 
5 1412.456 
5 2027.875 
5 1381.598 
5 1887.542 
5 1922.476 
5 1613.096 
5 2430.887 
5 1764.437 
5 1340.492 
5 1872.437 
5 2172.717 
5 1999.612 
5 2482.037 
5 1687.205 
5 1788.483 
5 1951.546 
5 1325.295 
5 1582.057 
5 1989.845 
5 1922.046 
5 1745.891 
5 2388.657 
5 2573.328 
5 2122.977 
5 1470.578 
5 1547.063 
5 1862.617 
5 2093.772 
5 1464.953 
4 1302.035 
5 2913.305 
5 1553.957 
5 1727.924 
5 1805.085 
5 1501.239 
5 1405.315 
5 1240.040 
5 1474.255 
5 1994.864 
5 2021.577 
5 1500.197 
5 2211.470 
4 1680.039 
5 1708.896 
5 1732.778 
5 1429.265 
5 1383.549 
4 1141.220 
5 2102.508 
5 1276.421 
5 1780.525 
5 1669.196 
4 2032.382 
5 1580.081 
5 1759.230 
5 2166.061 
5 1782.322 
5 1681.961 
5 1337.611 
5 1364.205 
5 1481.910 
5 1273.699 
5 1182.011 
4 1383.207 
5 2114.015 
4 2062.971 
5 2004.894 
5 1981.459 
4 2098.431 
5 2040.121 
5 2262.578 
5 1650.104 
4 1766.559 
5 1108.097 
5 956.561 
5 1680.943 
5 1757.169 
5 1497.834 
4 1702.225 
5 1506.859 
5 1583.899 
5 1883.323 
5 2209.581 
5 1372.085 
5 1637.088 
5 1914.833 
5 2016.548 
5 2066.023 
5 1912.745 
5 1623.667 
5 1629.506 
5 1527.486 
5 1618.283 
4 1097.196 
5 3106.164 
5 1535.265 
5 1835.184 
5 2445.038 
5 1908.993 
5 2419.873 
5 1678.227 
5 1591.500 
5 1354.022 
5 2597.704 
5 1750.600 
5 2616.549 
5 2109.244 
5 1653.157 
5 1656.477 
5 2043.915 
4 1583.332 
5 2075.072 
5 2207.514 
5 1394.127 
5 2126.360 
4 685.535 
5 2065.253 
5 1655.537 
5 1485.799 
5 1152.235 
5 1586.946 
5 1765.571 
5 1259.898 
4 1422.980 
5 1811.031 
5 2194.997 
5 1472.276 
4 1777.968 
5 1459.902 
5 1453.509 
5 1963.603 
5 1442.790 
5 1475.101 
5 1678.566 
5 1221.727 
5 2423.434 
5 2364.516 
5 1231.795 
5 1544.803 
5 1833.291 
5 1584.038 
5 1839.115 
5 1148.130 
5 1705.516 
5 2279.899 
4 1561.815 
5 1634.463 
5 1692.038 
5 2382.139 
5 1469.702 
5 2015.816 
5 1584.066 
5 1546.312 
5 1444.496 
5 2024.791 
5 1855.501 
5 2586.101 
5 1532.589 
5 2239.827 
5 1777.242 
5 1898.395 
5 1284.860 
4 1365.882 
5 2718.838 
5 1497.234 
5 1416.043 
5 1399.638 
5 1920.528 
5 1402.993 
5 1467.890 
5 2074.667 
5 1685.454 
5 1649.710 
5 1975.015 
5 1667.907 
5 1952.068 
5 2712.111 
5 1481.956 
5 1655.886 
5 1660.292 
5 1758.883 
5 1736.547 
5 2019.768 
4 1956.237 
5 1837.135 
4 2319.823 
5 1898.326 
5 1861.999 
5 1370.513 
4 968.002 
5 1698.154 
5 1515.137 
5 1477.767 
5 2413.856 
5 1560.599 
5 1589.332 
5 2439.564 
5 1372.794 
5 2231.815 
5 1358.733 
5 2203.198 
5 2296.935 
5 1681.998 
5 1411.362 
5 1882.056 
5 1848.534 
5 1961.016 
5 1510.630 
5 1543.694 
5 1624.657 
4 1550.261 
5 2124.794 
5 1131.058 
5 1126.985 
5 1272.152 
5 1860.761 
4 1456.561 
5 1626.923 
5 1462.322 
5 1587.875 
5 1720.697 
5 1809.268 
5 1565.382 
5 1607.483 
5 1613.904 
5 1929.658 
5 1399.100 
5 2060.114 
5 1759.107 
5 1982.275 
5 1716.139 
4 1517.792 
5 2038.282 
5 1663.037 
5 1852.675 
5 1641.837 
5 1800.036 
5 1741.276 
5 2150.399 
5 2132.925 
5 1336.542 
5 2060.970 
5 1849.245 
5 2987.471 
5 2850.819 
5 1669.393 
5 1341.537 
5 1571.326 
5 1924.501 
5 2357.909 
5 2252.856 
5 1476.610 
5 1397.388 
5 3414.524 
4 1647.723 
5 1761.178 
5 1705.780 
4 2281.032 
5 978.598 
5 1607.241 
5 1968.451 
5 1809.920 
5 2191.274 
5 2400.008 
4 1775.911 
5 1593.301 
4 1842.751 
5 1899.613 
5 1547.679 
5 1737.222 
5 1799.008 
5 1720.181 
5 2174.540 
5 1648.556 
5 1718.101 
5 1714.008 
5 1669.673 
5 1861.513 
4 1761.371 
5 2158.771 
5 1615.046 
5 1491.221 
5 1985.025 
5 1261.767 
4 1354.837 
5 1241.449 
5 1691.320 
5 1574.907 
5 1346.903 
5 1770.199 
5 2013.396 
5 1455.601 
5 1863.086 
5 1923.904 
4 1824.084 
4 1426.995 
5 1772.815 
5 2075.165 
5 1580.824 
4 1209.921 
5 2346.819 
5 1328.942 
5 1630.028 
5 1494.230 
5 1537.708 
4 1071.894 
5 2155.369 
5 1396.501 
5 1336.273 
5 1746.791 
5 1503.186 
5 1355.978 
5 1815.473 
5 2227.756 
5 1646.670 
5 2176.940 
5 1676.737 
5 2206.511 
5 1712.927 
5 1463.443 
5 1189.092 
5 1508.673 
5 2178.199 
5 1769.528 
5 2478.986 
5 1498.473 
5 1648.125 
4 1989.863 
4 1559.327 
5 1462.517 
5 1566.979 
5 2740.545 
5 1421.916 
5 1854.271 
4 1692.305 
5 2179.029 
5 1593.581 
5 1455.241 
5 1641.323 
5 1688.900 
5 2045.485 
4 1335.147 
5 2101.669 
5 1191.769 
5 1540.576 
5 2400.222 
5 2031.258 
4 1421.631 
4 2133.213 
4 1965.387 
5 2482.313 
5 1405.045 
5 1663.621 
5 1822.348 
5 1698.638 
5 2294.931 
5 1356.260 
5 2439.139 
5 1199.077 
5 1551.943 
5 1485.473 
5 1786.389 
5 2177.146 
5 1600.822 
4 1791.285 
5 2291.403 
4 1375.584 
5 1809.349 
5 2111.769 
5 1651.223 
5 1490.826 
5 1937.317 
5 1650.553 
5 2753.511 
5 1523.756 
5 1778.596 
5 2414.204 
4 2379.963 
5 1745.744 
5 1992.725 
5 1645.318 
5 2281.437 
5 1353.957 
5 1601.723 
5 1333.622 
5 2705.397 
5 1361.855 
5 1664.892 
5 2614.116 
5 1563.549 
5 1617.273 
5 1479.101 
5 2315.213 
5 1829.161 
5 2819.485 
5 1235.198 
5 1742.752 
5 1615.513 
5 1660.395 
5 2112.930 
5 1954.645 
5 1720.602 
5 1648.492 
5 1303.115 
5 1666.261 
5 1873.774 
5 1907.026 
5 1607.520 
5 1986.069 
4 1908.151 
5 1872.554 
5 2664.301 
5 1334.809 
4 1709.504 
5 1097.757 
5 1465.015 
5 2041.714 
5 1792.758 
5 1847.473 
5 1487.502 
5 1711.066 
5 1861.726 
5 1724.927 
5 2043.545 
5 1541.881 
5 1604.071 
5 1706.248 
5 1564.097 
4 1533.934 
4 2137.666 
4 1849.287 
5 1958.579 
5 1465.962 
4 1458.879 
5 1400.917 
5 1590.205 
5 1576.705 
5 1491.896 
5 1719.994 
5 1694.279 
5 1441.765 
4 2007.181 
5 1791.668 
5 1275.884 
5 1843.277 
5 2018.094 
5 1707.106 
5 1457.689 
5 2384.989 
4 1578.419 
4 2007.461 
5 1124.879 
5 1369.812 
5 2155.097 
5 2210.556 
5 1662.534 
5 1679.360 
5 1339.312 
5 1768.132 
5 1795.566 
4 1793.310 
5 1929.000 
4 1611.656 
5 2128.710 
5 1846.015 
5 1453.583 
5 1862.443 
5 2329.344 
5 2419.234 
5 1611.305 
5 1353.134 
5 1598.511 
5 1747.803 
5 1583.786 
5 1603.198 
5 2179.657 
5 1421.782 
5 1976.050 
5 1527.668 
5 2168.481 
5 1678.507 
5 1617.138 
5 1613.672 
5 2649.563 
5 2305.407 
5 1790.795 
5 1729.990 
5 1763.355 
5 1512.884 
5 2303.832 
5 1797.938 
5 1573.891 
5 1329.041 
5 2345.733 
5 2169.365 
5 2131.091 
5 2143.371 
5 2626.367 
5 2045.574 
5 1553.510 
5 2325.567 
4 1755.584 
5 2088.987 
5 2301.490 
5 1611.233 
5 1570.363 
5 1858.130 
4 2143.504 
5 1993.099 
5 2035.267 
4 2184.481 
5 1695.337 
5 1579.977 
5 1549.656 
5 1879.646 
5 2245.996 
5 1724.838 
4 1698.420 
5 1575.496 
5 2526.646 
5 1373.023 
5 1978.302 
5 1706.636 
5 1952.551 
5 2304.195 
5 1389.289 
5 1526.532 
5 1562.666 
5 1288.499 
5 1950.832 
5 1165.050 
5 1546.076 
5 1362.139 
5 1732.945 
5 2403.000 
5 1706.255 
5 1312.243 
5 1895.750 
5 1372.879 
5 1127.926 
5 1821.153 
5 1322.907 
5 2330.251 
5 1836.491 
5 1469.954 
5 3112.637 
5 1738.041 
5 1516.122 
5 1923.408 
5 1843.891 
5 1946.763 
5 1546.017 
5 2514.352 
5 2381.622 
5 1814.785 
5 2248.564 
5 1522.066 
4 1466.926 
5 1409.102 
5 1910.536 
5 2086.970 
4 2496.009 
4 1825.693 
5 1509.149 
5 2071.238 
5 1449.852 
5 1696.173 
5 2062.939 
5 1779.779 
5 1439.749 
5 1868.472 
5 1289.359 
5 1978.691 
5 1789.978 
4 1454.939 
5 1751.674 
5 1731.413 
5 2420.481 
5 1369.672 
5 1627.557 
5 1640.995 
5 2063.031 
5 1371.280 
5 2039.817 
5 1671.666 
5 1492.270 
5 2253.301 
5 1920.186 
5 1820.299 
5 1492.534 
5 1555.290 
5 2711.006 
4 1607.633 
5 2083.896 
5 2252.589 
5 1803.331 
5 1385.631 
5 1744.105 
4 1160.803 
5 1663.629 
5 2020.793 
5 1520.836 
5 2016.924 
5 2312.803 
5 1832.098 
5 1299.822 
5 1491.294 
5 1750.090 
5 1732.049 
4 1350.082 
5 2086.174 
5 2539.959 
5 2069.326 
5 1592.553 
5 2356.614 
5 1533.765 
5 1552.102 
4 1644.397 
5 2292.508 
5 1856.617 
5 1572.377 
5 1979.097 
4 1707.794 
5 1449.542 
5 1436.818 
5 1876.811 
5 1660.800 
5 2088.647 
5 2042.409 
5 1399.623 
5 1594.050 
5 2016.064 
5 2545.284 
5 2087.228 
5 2482.098 
5 1816.431 
4 1741.492 
5 1772.213 
5 1985.246 
5 1596.923 
5 1582.682 
5 1490.985 
5 1816.052 
5 1659.739 
5 1669.579 
5 1595.299 
5 1705.631 
5 1769.810 
4 1694.619 
5 2384.529 
5 1673.800 
5 1520.603 
5 1588.177 
5 2287.691 
5 1727.467 
5 1958.129 
5 1718.313 
5 1783.362 
5 1950.106 
5 1861.176 
5 1735.939 
5 2135.431 
5 1544.248 
5 1525.673 
5 1476.737 
5 1641.061 
5 1699.708 
5 1775.420 
5 1822.578 
5 1806.035 
5 1998.659 
5 1453.724 
5 1739.152 
5 1639.559 
5 1816.445 
4 1654.107 
5 1787.199 
5 1884.545 
5 2487.892 
5 1855.113 
5 1631.063 
5 1647.471 
5 2367.263 
4 2004.391 
5 2282.378 
5 3380.249 
5 1857.327 
4 1892.382 
5 1476.012 
5 2608.187 
5 1690.772 
5 1868.428 
5 1809.538 
5 1199.100 
5 1809.061 
5 2308.563 
5 1368.475 
5 2127.824 
5 1241.854 
5 2379.196 
5 2009.552 
5 1972.055 
4 1685.379 
5 2210.668 
5 2452.558 
5 1592.016 
5 2080.974 
5 1772.165 
4 1712.642 
5 1675.771 
5 2150.933 
4 2449.115 
5 1420.667 
5 1516.686 
5 2176.868 
5 1990.080 
5 2218.108 
4 1218.790 
4 1794.448 
5 1356.249 
5 1604.644 
4 1630.143 
4 1775.610 
5 1595.912 
5 1139.072 
5 1562.311 
5 1473.389 
5 2533.821 
5 2826.053 
5 2703.370 
5 1809.280 
4 1261.256 
5 2382.127 
5 2933.673 
5 1987.853 
5 1828.292 
5 2232.189 
5 1692.583 
5 1663.276 
5 1998.551 
5 1709.532 
5 1362.188 
5 1420.147 
5 1936.960 
5 1313.429 
5 1329.874 
5 1658.771 
5 1592.461 
5 1625.050 
5 2220.500 
5 1729.910 
5 1775.786 
5 1741.967 
4 2103.374 
5 1225.083 
4 1745.903 
5 1642.541 
5 1620.701 
5 2802.502 
4 2597.426 
5 1518.812 
5 1519.996 
5 2060.896 
5 1566.025 
5 993.243 
5 1439.979 
5 1905.523 
5 1519.043 
5 2148.393 
5 1470.179 
5 1455.655 
5 1836.263 
5 1723.858 
5 2392.436 
5 2261.300 
5 1595.695 
5 1962.534 
5 1418.049 
5 2146.938 
5 1575.603 
5 1338.019 
4 2077.825 
5 1524.424 
5 1405.650 
5 1940.209 
5 1829.548 
4 1276.198 
5 1977.863 
5 2251.405 
5 1756.769 
5 1956.498 
5 2175.116 
5 2204.151 
5 1503.499 
5 1554.503 
5 1783.772 
5 1698.450 
5 1457.810 
5 1663.271 
5 1729.198 
5 1500.610 
5 1299.824 
4 1545.352 
5 1298.521 
5 1485.849 
4 2427.637 
5 1755.962 
4 1761.969 
4 2115.561 
4 1674.199 
5 1409.278 
5 1349.562 
4 1256.012 
5 1829.583 
5 1924.302 
5 1322.752 
5 2262.757 
4 1699.942 
5 1942.729 
5 2022.940 
5 1372.746 
5 2508.763 
5 1425.214 
5 1295.086 
5 2049.712 
5 1663.643 
5 1808.471 
5 2234.437 
5 2519.176 
5 1900.373 
5 2027.639 
4 1205.335 
5 1924.449 
5 1839.967 
5 1967.212 
5 1347.084 
4 2163.261 
5 1936.422 
5 2133.114 
5 1793.437 
5 1947.778 
5 1480.146 
5 1209.776 
5 1679.887 
4 1912.572 
5 1562.316 
5 1259.167 
5 1512.421 
5 1981.698 
5 1781.568 
5 1899.585 
5 1701.476 
4 1624.550 
5 1628.549 
5 1738.817 
5 1486.421 
5 1845.052 
5 1725.056 
5 1751.552 
5 1648.594 
5 2433.398 
5 1344.689 
4 1586.946 
4 1781.923 
5 1412.706 
5 1568.068 
5 1651.226 
5 1685.791 
4 1890.125 
5 2201.821 
4 1602.059 
4 1334.803 
5 1239.551 
4 1442.563 
5 2605.163 
5 1707.192 
5 2469.124 
4 813.608 
5 1407.145 
5 1813.452 
5 1673.740 
5 1713.656 
5 2859.594 
5 2000.413 
5 1555.826 
5 1247.866 
5 1783.021 
5 1705.240 
5 1372.022 
5 1416.918 
5 1841.771 
5 1769.203 
5 1805.596 
5 1819.775 
5 1717.486 
5 1502.745 
5 2063.515 
5 2189.043 
5 1381.978 
5 2356.007 
5 1508.409 
5 1343.594 
5 2001.293 
4 1369.054 
5 1643.484 
5 1641.713 
5 1962.952 
5 1538.203 
5 2545.201 
5 2251.538 
5 1821.424 
5 1597.581 
5 1674.108 
5 1511.789 
5 1697.717 
5 1857.542 
5 2656.809 
5 1671.227 
5 1549.078 
5 1319.706 
5 1494.878 
5 2219.365 
5 1876.825 
5 2497.645 
5 1435.644 
4 1420.778 
5 1615.826 
5 2581.412 
5 2246.771 
5 1621.750 
5 1670.805 
4 1616.793 
5 1105.077 
4 1686.613 
5 1484.484 
5 1837.861 
5 1794.824 
5 1660.890 
5 1798.051 
4 1088.080 
5 2208.816 
4 1427.526 
5 1611.406 
5 2552.636 
5 1453.666 
5 1425.751 
5 1790.222 
5 2812.622 
4 1548.267 
5 1885.862 
5 1879.947 
5 2249.054 
5 1528.927 
5 1694.645 
5 1102.777 
5 1699.523 
5 2194.700 
5 1383.818 
5 1668.518 
5 1538.895 
5 1675.499 
5 2165.591 
5 1993.510 
4 1656.485 
5 1631.286 
5 1557.768 
5 1910.867 
4 1285.288 
5 1496.563 
5 1535.745 
5 1613.589 
5 1734.506 
5 2180.096 
5 1882.026 
5 2354.647 
5 1764.533 
5 2511.692 
5 1822.833 
4 1777.693 
5 1674.992 
5 2029.947 
5 2169.571 
5 1851.388 
5 1408.062 
5 1742.891 
5 1517.789 
5 2015.317 
5 1788.275 
5 1933.647 
4 1825.120 
5 1733.960 
5 1276.704 
5 1709.086 
5 2092.575 
5 1563.325 
5 2248.213 
5 1712.531 
5 1828.917 
5 1803.996 
5 1432.029 
4 1441.975 
5 1416.120 
5 1556.542 
4 1558.720 
5 1552.924 
5 1482.011 
5 1399.027 
5 1553.568 
5 1594.917 
5 1627.718 
5 2094.553 
5 1684.832 
4 3086.555 
4 1794.950 
5 1731.407 
5 1891.259 
5 1728.037 
5 1627.333 
5 2029.422 
5 1171.651 
5 1210.218 
5 1921.841 
5 2085.588 
5 1645.284 
5 1796.328 
5 2040.270 
5 1620.045 
5 1816.248 
5 2352.982 
5 1441.577 
5 1433.146 
5 1535.083 
5 1733.512 
5 1797.655 
5 1957.543 
4 1983.467 
4 1116.080 
5 2445.587 
4 1523.941 
5 1909.921 
5 1554.736 
5 1317.371 
5 1606.015 
4 1610.709 
5 2227.768 
5 2277.440 
5 1382.653 
5 1406.988 
5 1797.664 
5 1498.083 
5 2121.065 
5 1239.321 
5 1833.838 
5 2168.178 
5 1866.419 
5 1637.259 
5 1535.850 
5 2114.468 
5 1828.064 
4 1675.732 
5 1801.457 
4 1295.697 
5 2562.340 
5 2048.830 
5 1626.303 
5 1650.590 
5 2595.424 
5 1688.436 
5 1591.492 
5 1704.480 
5 1750.963 
5 2807.709 
5 2557.654 
5 1992.496 
5 1616.184 
5 1679.344 
5 1508.409 
5 2808.823 
5 1557.528 
5 1897.549 
5 2832.389 
5 1632.944 
5 1152.596 
5 1936.627 
4 1512.745 
5 1714.667 
5 1483.036 
4 1898.836 
5 1645.712 
5 1721.613 
5 1536.049 
5 1605.892 
5 2555.425 
5 1393.441 
5 1447.745 
5 1793.277 
5 1769.685 
5 1605.724 
5 1865.290 
5 1915.745 
5 2178.455 
5 1819.352 
5 3033.225 
5 1918.542 
4 1738.712 
4 1359.220 
5 1836.524 
4 1598.895 
5 2024.018 
5 1853.049 
5 1420.087 
5 2329.707 
4 1822.836 
5 1596.245 
5 1186.937 
5 1357.236 
5 1850.463 
5 2216.452 
5 2177.260 
5 2026.156 
4 1430.092 
5 1341.127 
4 1696.741 
4 1648.123 
5 2002.598 
5 1729.108 
5 1727.954 
5 1952.566 
5 1284.404 
5 2319.757 
4 1611.970 
5 1919.432 
5 1558.627 
5 1383.453 
5 1696.708 
5 1640.114 
5 1998.359 
4 2024.546 
5 1534.672 
5 1642.255 
5 2651.021 
5 1794.427 
5 1473.810 
5 1924.987 
4 1519.553 
4 1762.854 
5 1711.023 
4 1511.195 
5 1654.209 
5 1080.554 
4 1517.302 
5 1578.853 
5 1918.756 
5 1885.781 
5 1643.233 
5 1644.966 
5 1755.908 
5 2260.587 
5 1565.307 
5 1280.794 
5 1475.773 
5 1557.799 
5 1865.129 
5 1506.627 
5 1581.959 
5 1674.677 
5 1975.876 
5 1784.692 
5 1496.628 
5 2008.306 
4 1814.464 
5 2188.165 
5 1994.127 
5 1650.462 
5 1677.522 
5 1391.235 
5 1261.897 
5 2337.063 
5 1233.159 
5 2333.009 
5 1589.142 
5 1788.554 
5 1855.490 
5 1568.096 
5 1219.091 
5 1452.780 
5 1667.782 
5 2079.568 
5 1688.859 
5 1701.489 
5 1833.750 
5 1562.291 
5 1726.204 
5 1680.839 
4 1621.283 
5 2244.256 
5 1413.835 
5 1947.966 
5 2168.750 
5 1760.478 
4 1335.558 
4 1693.970 
5 1502.819 
5 1628.707 
5 1870.195 
5 1911.497 
5 1747.486 
5 1576.323 
5 1343.306 
5 1999.340 
5 1946.080 
5 1934.628 
5 2351.132 
5 1587.494 
5 1485.844 
5 1600.095 
5 1718.195 
5 1462.499 
5 1738.764 
5 1402.546 
4 2143.422 
5 1451.623 
5 1552.251 
5 1295.558 
5 1390.606 
5 1783.952 
5 1662.835 
5 1820.893 
5 2337.393 
5 1559.512 
4 1709.178 
5 1702.169 
5 1930.881 
5 1734.421 
5 1371.593 
5 1794.811 
5 1480.198 
5 1756.837 
5 3138.774 
5 2068.916 
4 1387.744 
5 1654.995 
5 1397.726 
5 1638.474 
5 1915.055 
5 1567.480 
5 1977.854 
5 1775.299 
5 1701.066 
5 1079.454 
5 1570.338 
5 1809.495 
5 2180.233 
5 1753.703 
5 1686.909 
5 2195.952 
5 974.840 
4 1795.419 
5 2144.767 
4 1831.235 
4 1279.152 
4 1800.644 
5 1839.488 
4 2057.485 
5 1925.749 
4 986.011 
4 1807.099 
5 2695.444 
5 2127.030 
5 2111.214 
5 2046.314 
5 1794.575 
5 1910.143 
5 1965.424 
5 1834.194 
5 2007.603 
5 1686.379 
5 1462.422 
5 2004.246 
5 1492.544 
5 1432.136 
5 1657.801 
5 1422.665 
4 1283.378 
5 1652.550 
5 1189.708 
5 1886.255 
5 1276.802 
5 1611.063 
5 1790.099 
5 1447.996 
5 2401.080 
5 1591.407 
5 1800.373 
5 2173.438 
5 1943.524 
4 1053.214 
5 3088.032 
5 1832.813 
4 2032.311 
5 2293.233 
5 2493.810 
5 1904.367 
5 2014.389 
5 1694.465 
5 1820.344 
5 1673.847 
4 1605.205 
5 3071.385 
4 1348.838 
5 1379.305 
4 1980.408 
5 1728.298 
5 2159.559 
5 1809.691 
4 2164.715 
5 1698.919 
5 1589.343 
5 1273.518 
4 1814.944 
5 2001.180 
4 1323.917 
5 1823.422 
5 1824.681 
5 1400.299 
5 1877.978 
5 1909.855 
5 1470.496 
5 1701.724 
5 1603.845 
5 1579.695 
5 2194.518 
4 1563.891 
5 1504.822 
5 1705.846 
4 1628.422 
5 1740.969 
5 1867.321 
5 959.753 
5 1723.771 
5 1518.970 
5 1687.078 
5 1321.139 
5 1405.018 
5 1606.469 
5 1395.656 
5 1773.131 
5 2821.045 
5 1430.693 
5 1831.907 
5 2208.726 
4 1949.053 
5 1570.698 
5 1557.412 
5 1801.873 
5 1835.535 
5 1725.557 
5 1570.821 
4 2029.284 
4 2188.565 
5 2065.014 
5 1937.110 
5 1328.724 
5 1537.874 
5 2128.919 
5 1738.845 
5 1780.022 
5 2274.291 
4 1596.723 
5 1833.021 
4 1799.261 
5 1763.609 
5 1442.928 
5 1618.254 
5 1811.103 
5 1931.073 
5 1573.750 
4 1072.774 
5 1888.097 
5 1697.651 
5 1701.001 
5 2234.251 
5 1367.539 
5 1664.746 
5 1865.231 
5 1323.034 
5 1470.817 
5 1753.857 
5 1960.664 
5 1785.669 
5 2646.888 
5 1724.856 
5 1565.940 
5 2302.758 
5 1371.431 
5 1608.979 
5 1673.272 
5 1916.970 
5 1701.747 
5 1749.605 
5 1879.902 
5 1523.788 
5 2246.531 
5 1614.867 
5 2174.357 
5 1714.531 
5 1937.335 
5 1748.807 
5 1643.612 
5 1409.479 
5 1497.310 
5 1880.261 
5 1560.816 
5 2127.125 
5 1709.606 
5 1391.342 
5 1597.858 
5 2195.432 
5 1645.867 
5 1818.074 
5 2238.858 
5 1209.734 
5 1702.651 
4 2177.366 
5 1861.184 
5 1238.695 
5 1697.593 
5 2306.243 
5 1832.715 
4 1691.886 
5 1752.240 
4 2268.499 
5 1973.495 
5 1718.852 
5 2301.207 
5 1913.380 
5 1835.769 
4 1624.796 
5 1794.198 
5 1379.387 
5 1710.823 
5 1623.513 
5 1248.090 
5 2340.677 
4 1759.273 
5 1569.997 
5 2040.276 
5 2221.136 
4 1948.269 
4 1379.405 
5 2952.321 
5 2555.591 
5 2036.696 
5 1491.175 
5 1924.242 
5 1485.903 
5 1706.629 
5 1272.631 
5 2185.329 
5 1637.566 
5 1629.449 
5 1613.034 
4 1462.172 
5 1677.976 
5 1823.942 
5 1556.303 
5 1445.817 
5 1902.028 
5 1950.791 
5 1476.495 
5 1320.672 
5 2095.579 
5 1723.074 
5 1856.361 
5 1431.391 
5 1430.844 
5 1630.813 
5 2353.279 
5 1713.911 
5 1559.686 
5 1558.308 
5 1813.733 
5 1697.859 
5 1621.153 
5 1783.200 
5 2156.057 
5 2247.642 
5 1594.312 
5 1716.755 
5 2070.625 
5 2351.188 
5 1310.233 
5 2465.813 
4 1874.022 
5 1633.113 
5 1661.370 
5 2033.046 
4 1157.865 
5 1476.607 
5 2182.462 
5 2316.650 
5 2037.746 
5 1342.645 
5 1952.695 
5 1938.524 
5 2131.406 
5 2386.736 
5 1825.000 
5 2224.780 
5 1383.561 
5 1881.843 
4 1670.977 
5 2258.688 
5 1485.261 
5 1302.821 
5 2000.854 
5 1196.889 
5 1842.422 
5 1921.729 
5 2071.430 
5 1898.303 
5 1707.171 
5 1870.228 
5 1661.454 
4 1697.786 
5 1544.307 
4 1264.512 
4 1464.240 
4 1787.336 
5 1673.648 
5 1513.371 
5 1895.903 
4 1621.464 
4 1951.566 
5 2026.573 
5 1860.722 
5 1817.735 
5 2248.747 
5 1868.558 
5 1581.101 
5 1977.040 
5 1929.110 
5 1811.729 
5 1814.231 
5 1961.065 
4 1477.586 
5 1320.169 
5 2313.863 
5 1479.504 
5 1865.624 
5 1463.262 
5 2163.517 
5 1468.620 
5 1108.114 
5 1282.417 
5 1427.795 
5 1669.101 
5 2702.927 
4 1670.155 
4 1976.550 
5 1449.581 
5 1609.130 
4 2624.463 
5 2087.009 
5 2006.353 
5 1697.000 
4 2094.387 
5 1967.366 
5 1371.257 
5 2163.873 
5 1627.123 
5 2032.768 
5 2365.518 
5 1986.609 
4 1453.067 
5 2196.817 
5 1595.487 
5 1564.635 
5 2383.076 
5 2561.515 
5 1357.695 
5 1427.134 
5 1538.063 
5 1597.158 
5 1311.094 
4 1535.884 
5 1804.489 
5 1607.944 
5 1289.803 
5 1499.289 
5 1436.715 
5 1851.707 
5 2167.813 
4 1660.124 
5 1049.895 
5 1889.319 
5 1600.095 
5 1428.966 
5 1468.462 
5 1634.067 
4 2095.814 
5 1697.981 
5 1376.269 
5 2700.910 
5 1810.120 
5 1203.281 
5 2396.312 
5 2531.383 
5 1348.348 
5 1757.494 
4 1227.979 
5 1474.174 
5 2235.574 
4 1589.049 
5 2018.319 
5 1677.157 
5 1235.356 
5 1387.840 
5 2523.407 
5 2080.975 
5 1648.205 
5 2307.799 
5 1597.401 
5 1523.958 
5 1552.282 
5 2656.760 
5 2217.775 
5 1545.293 
5 1992.294 
5 1819.840 
5 1788.497 
5 1763.280 
5 1759.103 
5 1464.070 
5 1740.409 
5 1591.459 
5 1752.684 
4 1713.206 
5 1770.868 
5 1585.144 
5 1442.019 
5 1775.114 
5 1714.913 
5 2312.242 
5 2384.146 
5 1952.466 
4 1792.528 
5 1972.644 
4 1743.686 
5 1520.640 
5 1630.325 
5 1817.242 
5 2102.426 
5 2475.359 
5 1887.347 
5 1719.568 
5 1626.466 
4 1829.929 
4 1375.807 
4 2172.960 
5 1883.954 
5 1219.900 
5 1782.268 
5 1375.756 
5 2455.604 
5 1856.434 
4 1612.555 
5 1776.439 
5 1552.387 
5 1423.381 
4 1322.755 
5 2350.631 
5 1759.105 
5 1574.728 
4 1484.780 
5 1640.481 
5 2122.088 
5 1615.951 
4 1744.879 
5 1561.301 
5 1928.986 
5 2015.109 
5 2198.375 
4 1119.771 
5 1919.496 
5 1784.524 
5 2022.959 
4 1437.717 
5 1625.937 
5 1841.434 
5 2022.423 
5 1211.329 
5 1985.647 
5 1886.251 
5 2100.509 
5 1974.947 
5 2292.138 
5 1764.234 
4 1995.792 
5 1327.826 
5 1327.313 
5 1862.141 
5 1281.363 
5 2331.102 
5 2410.785 
5 2045.527 
5 1983.688 
5 1517.561 
5 1516.107 
5 1447.930 
5 1718.011 
5 1832.306 
5 1476.366 
5 2013.840 
5 2474.352 
5 2769.392 
5 1747.580 
4 1282.466 
5 2646.330 
5 1648.588 
4 1689.119 
5 1449.216 
5 2092.266 
4 2924.330 
5 2166.189 
5 1391.310 
5 1803.386 
5 1580.899 
5 1447.097 
5 2269.195 
5 2764.725 
5 1705.196 
5 2148.610 
5 1941.239 
4 1539.350 
5 1607.962 
5 2002.640 
5 1626.279 
5 1648.280 
5 1495.689 
5 1477.343 
4 2134.256 
5 2110.057 
5 1343.017 
5 2201.626 
4 2193.844 
5 1469.456 
4 1609.044 
5 2235.043 
5 1755.599 
5 1966.190 
5 1191.522 
5 1998.701 
5 1248.995 
5 2017.934 
5 1831.268 
5 1567.863 
5 2028.799 
5 1793.196 
5 2243.101 
4 1555.091 
5 2374.579 
5 1339.724 
5 1727.288 
5 1451.046 
5 1861.498 
5 1809.540 
5 1658.382 
5 2208.058 
5 2115.801 
5 1669.764 
5 1293.104 
5 1182.194 
5 2260.150 
5 1846.886 
5 1671.295 
5 1805.019 
5 1636.821 
5 2102.177 
5 1623.789 
5 1390.182 
5 2008.050 
5 1665.713 
5 1523.911 
5 1265.526 
5 1812.875 
5 2064.330 
5 1716.085 
5 2007.718 
5 2279.315 
5 1803.281 
5 1999.875 
5 1701.845 
4 1232.300 
5 1743.316 
5 1914.081 
5 1805.371 
5 2091.804 
5 1678.908 
4 2242.097 
5 1782.101 
5 1894.512 
5 1833.911 
5 1726.324 
5 1746.387 
5 2133.880 
5 1910.436 
5 1973.936 
5 1431.623 
5 1889.971 
5 1804.883 
5 2102.698 
4 2074.308 
5 1989.076 
5 1501.851 
5 1698.215 
5 1625.243 
4 2291.679 
5 1388.736 
5 1670.622 
5 1267.227 
5 1611.148 
4 1651.670 
5 1458.749 
5 2303.066 
5 1392.743 
5 1459.153 
5 2217.465 
5 1985.018 
4 1302.312 
5 1451.845 
5 1845.092 
5 1614.249 
5 1788.538 
5 2121.015 
5 2035.338 
5 1008.157 
5 1788.662 
5 1671.741 
5 1600.112 
5 1781.908 
5 2401.005 
4 1594.005 
5 2000.483 
5 1577.905 
5 1609.738 
5 2030.913 
4 1398.849 
5 1660.216 
5 2177.204 
5 1837.845 
5 1656.895 
5 1628.507 
4 1083.684 
4 2175.623 
4 2241.719 
5 1522.203 
5 2410.432 
5 1578.616 
4 1278.694 
5 1316.566 
5 1419.972 
5 1585.807 
5 1859.831 
5 1750.468 
5 1673.074 
5 1120.129 
5 1721.985 
5 2332.651 
4 2367.510 
5 1842.306 
5 1514.046 
5 2181.478 
5 1438.284 
5 1493.049 
5 1678.333 
5 1460.415 
5 1537.164 
5 2008.180 
5 1672.490 
5 1834.840 
5 1936.265 
5 2070.098 
5 1380.099 
5 2060.412 
5 1329.382 
5 1708.900 
5 2320.353 
5 1686.751 
5 1761.975 
4 1742.875 
5 1872.794 
4 1893.853 
5 1657.950 
5 2380.842 
5 1710.495 
5 2075.105 
5 1994.064 
5 2275.353 
5 2108.406 
5 1500.170 
5 1636.863 
5 1791.921 
5 2256.240 
5 1593.404 
5 1308.924 
5 1646.080 
5 2160.478 
5 1816.098 
5 2002.766 
5 1983.823 
5 2217.429 
5 1449.900 
5 2532.168 
5 2007.076 
5 1867.932 
5 1863.512 
5 2349.512 
5 1409.823 
5 1503.506 
5 1271.724 
5 1496.947 
5 1544.354 
5 1550.191 
5 1304.016 
5 1688.198 
5 1651.519 
5 1967.690 
5 1743.652 
4 2338.884 
5 1598.152 
5 1932.544 
5 1926.608 
5 1745.580 
5 1171.561 
5 2249.446 
5 1854.157 
4 1801.903 
4 1831.682 
5 2068.021 
5 2089.628 
5 1606.103 
5 1373.534 
5 2788.274 
5 1529.839 
5 1593.144 
5 1780.440 
5 1955.790 
5 2152.740 
5 1811.540 
4 1275.829 
5 1417.742 
5 1726.709 
4 2067.424 
5 2162.788 
5 1597.990 
5 1816.866 
5 1789.577 
5 1376.428 
5 1942.606 
4 1897.557 
4 1610.562 
5 1564.750 
5 1876.189 
5 2323.561 
5 1352.393 
5 1510.013 
5 1610.104 
5 1957.199 
5 1721.447 
5 2681.864 
5 1330.020 
5 1682.468 
4 1368.405 
5 2251.081 
5 2415.612 
5 1810.475 
4 2366.535 
5 1399.554 
5 1853.925 
5 1584.576 
5 1463.051 
5 1566.503 
5 1726.458 
5 2395.525 
5 1887.044 
5 1221.046 
5 1478.504 
5 1635.045 
5 1902.636 
5 1417.185 
5 1727.276 
5 1341.703 
5 1959.143 
5 1671.445 
5 1835.727 
5 1435.878 
5 1776.154 
5 1831.513 
5 1346.002 
4 2479.072 
5 2012.331 
5 2201.509 
5 2113.241 
5 1777.170 
5 1796.520 
5 1968.061 
5 1338.157 
5 1462.097 
5 1883.028 
5 1719.095 
5 2462.178 
5 1742.033 
5 2572.435 
5 1704.955 
5 2337.081 
5 1445.561 
5 1633.208 
5 2440.462 
5 1552.182 
5 1254.234 
5 1428.648 
5 1268.361 
5 2012.582 
5 1676.793 
5 1685.231 
5 1919.576 
5 1831.795 
5 1992.112 
5 1703.073 
5 1349.829 
5 1970.528 
5 2141.226 
5 1864.383 
5 1766.988 
5 1652.717 
4 1767.390 
5 2482.045 
5 1670.907 
5 1745.167 
5 1952.618 
5 2346.519 
5 1639.375 
5 1988.860 
5 1512.792 
5 1977.871 
5 1675.967 
5 1515.298 
5 2123.783 
4 1365.763 
5 1770.224 
5 1583.852 
5 3133.986 
5 1431.536 
5 1662.588 
5 1794.187 
5 1570.652 
5 2176.405 
5 1938.462 
5 1873.318 
5 1679.285 
4 2636.625 
5 1799.494 
5 1395.222 
5 1558.070 
5 2086.548 
5 1801.001 
5 1764.173 
4 1940.935 
5 1931.215 
5 2177.178 
5 1763.122 
5 1753.567 
5 1815.287 
5 1968.984 
5 1105.312 
5 2216.658 
5 1568.490 
5 2024.175 
5 2281.134 
5 2366.714 
5 1448.898 
5 1266.074 
4 1222.436 
5 1194.667 
5 1857.172 
5 1531.894 
5 2120.374 
5 1911.002 
5 1578.422 
5 1853.399 
5 1652.814 
5 2549.724 
4 1824.214 
5 1166.213 
5 1718.313 
5 1950.764 
5 1508.182 
5 2221.275 
5 1725.066 
5 1687.934 
5 2379.955 
4 2282.541 
5 2378.215 
4 1595.876 
5 1379.385 
5 2013.234 
5 1602.568 
5 2345.258 
5 1827.495 
5 2486.673 
5 1705.563 
5 1610.061 
5 2038.999 
4 1823.894 
5 1398.753 
5 2734.563 
5 1649.706 
5 2160.044 
5 1598.164 
5 1605.755 
5 1616.081 
5 1964.213 
5 2366.215 
5 2179.620 
5 1171.405 
5 1434.798 
5 2225.010 
5 1859.605 
5 1788.753 
5 1342.414 
5 1561.323 
5 1521.158 
5 1864.912 
5 1553.982 
5 1926.096 
5 1356.310 
5 1944.355 
5 2217.276 
4 1160.621 
4 1488.551 
4 1037.860 
5 1147.399 
5 1970.192 
5 1574.610 
5 2675.198 
5 1654.061 
5 2121.536 
5 2167.751 
5 1821.710 
5 1482.672 
5 1975.659 
5 2013.769 
5 2035.389 
5 1835.589 
5 1854.106 
5 1493.754 
5 1532.852 
5 1814.945 
5 1543.979 
5 1735.461 
5 1441.506 
5 1907.011 
5 1687.550 
4 2460.957 
5 1876.228 
5 2629.119 
5 1609.348 
5 1727.584 
5 1626.897 
4 1292.163 
4 1666.759 
5 2219.287 
5 1503.426 
5 2039.660 
4 1856.154 
5 2990.712 
4 1343.745 
5 1531.024 
5 1724.256 
5 1428.668 
4 2251.917 
5 1706.396 
5 2341.455 
5 1922.335 
4 1568.701 
5 1633.677 
5 1830.819 
5 1254.419 
5 2439.737 
4 2557.024 
5 2552.315 
5 1390.867 
4 1459.755 
4 889.165 
4 1499.552 
5 1659.944 
5 1900.179 
5 2255.950 
5 1926.145 
5 1325.230 
5 2128.015 
5 1923.597 
5 1775.358 
4 1664.015 
4 1642.361 
4 2024.943 
5 2167.070 
5 1770.805 
5 1526.478 
5 1937.371 
5 2157.108 
4 1660.567 
5 2080.968 
5 1836.411 
5 1841.546 
4 1405.004 
5 1984.627 
5 1770.135 
5 1502.529 
5 1800.680 
5 1774.330 
4 2511.800 
5 1301.532 
5 1624.206 
5 2161.174 
5 1496.299 
5 2809.548 
5 1842.982 
5 1523.353 
5 1570.218 
5 1671.024 
5 1856.508 
5 1557.064 
5 1928.264 
5 1803.124 
5 1553.717 
5 1650.313 
5 1908.835 
5 1591.658 
5 1516.465 
5 2054.181 
5 1463.460 
5 1682.792 
5 2166.250 
5 1983.757 
5 2572.362 
4 1439.328 
4 1333.182 
5 2355.727 
5 2501.760 
5 1450.340 
5 1309.889 
5 1523.671 
5 1980.028 
4 1614.564 
5 1497.417 
5 1585.385 
5 1674.473 
5 2332.148 
4 1698.162 
5 1677.096 
4 1652.920 
5 2069.802 
5 1695.710 
5 1825.104 
4 1551.707 
5 1846.891 
5 1384.286 
4 1899.494 
5 1701.360 
4 1018.816 
5 1656.184 
5 1247.292 
5 1811.630 
5 1561.060 
4 1933.368 
4 1400.176 
5 1685.765 
5 1825.166 
5 2166.688 
5 1354.993 
4 2055.379 
5 2621.250 
4 1686.984 
