5 1753.219 
5 1606.859 
5 2186.620 
5 1767.516 
5 2456.996 
5 2103.878 
5 2020.423 
5 1963.686 
5 1578.413 
4 2416.289 
5 1865.938 
5 2233.187 
5 2002.560 
5 1851.501 
5 1712.571 
5 2266.021 
4 1622.781 
4 1697.361 
4 2256.527 
5 2080.448 
4 2595.049 
5 2555.767 
5 1813.698 
5 1711.484 
5 1903.233 
5 1742.253 
4 1818.997 
5 2001.494 
5 2222.957 
5 1977.342 
5 2087.011 
5 2230.069 
5 1345.045 
5 1525.098 
5 1645.181 
5 1653.925 
5 2571.218 
5 1854.822 
4 2961.470 
5 2734.750 
5 1705.084 
5 1843.029 
5 2394.841 
4 2101.828 
5 1736.283 
5 1743.038 
4 1877.930 
5 2164.728 
5 2108.285 
5 1740.997 
5 2214.936 
5 1892.508 
5 1608.149 
4 2403.963 
5 2135.167 
5 1598.961 
5 1438.227 
4 1868.716 
5 2139.651 
5 2290.777 
5 1814.797 
5 2368.243 
4 1900.043 
5 1644.978 
5 1656.840 
5 2060.407 
5 2236.922 
4 1791.426 
5 1295.809 
5 1757.858 
5 1725.617 
5 1295.286 
5 1930.934 
5 2675.435 
5 2851.367 
5 1858.404 
5 2340.734 
5 1659.847 
5 2077.264 
5 2250.810 
5 2014.856 
5 2156.991 
4 1801.744 
5 1900.888 
5 2189.408 
4 1594.850 
4 1606.167 
4 2808.853 
4 1532.577 
5 2052.603 
4 2367.773 
5 1533.677 
5 2286.871 
5 1943.959 
5 1702.987 
5 1838.142 
5 2186.321 
5 1885.049 
5 1579.256 
4 1631.245 
5 2013.570 
5 2642.130 
5 2518.944 
5 1532.564 
5 1576.951 
5 1893.900 
5 2055.084 
5 1753.118 
5 2205.995 
5 1886.435 
5 1763.699 
5 1259.005 
5 2298.732 
4 1354.158 
5 1991.777 
5 2008.834 
4 1361.104 
5 1857.938 
5 2180.446 
5 1608.194 
5 1886.469 
5 1782.193 
5 1953.022 
5 1794.907 
5 2297.351 
5 1853.805 
5 1790.893 
5 2427.377 
5 2451.553 
5 1861.518 
5 2699.361 
5 2278.104 
5 1684.080 
5 2119.386 
5 2935.615 
5 1771.725 
5 1865.786 
4 2215.498 
5 3120.597 
5 2333.499 
5 2326.769 
5 1607.828 
5 1990.313 
5 2451.216 
4 1724.319 
5 2702.949 
5 1861.872 
5 1964.649 
5 1812.715 
5 2267.740 
5 1904.655 
5 2042.490 
5 1946.418 
5 1831.046 
5 1858.820 
5 1652.673 
5 1841.948 
5 2033.461 
5 2567.845 
5 1938.744 
5 1956.023 
5 1835.609 
5 1874.991 
5 2631.442 
5 1900.880 
5 1455.827 
5 1784.307 
5 2108.898 
5 1653.304 
5 1416.891 
5 1858.898 
5 1943.916 
5 1717.600 
5 1824.470 
5 1679.027 
5 2542.074 
4 2250.468 
5 1270.918 
4 2278.798 
5 2664.798 
5 1809.773 
5 2289.722 
5 2113.320 
5 1823.039 
5 1935.815 
5 1165.874 
5 1826.368 
4 2108.416 
5 2250.225 
5 2867.548 
5 1184.938 
5 2257.711 
5 1926.736 
5 1633.213 
5 1952.310 
5 2091.747 
5 1287.421 
5 1753.291 
5 1370.251 
5 2800.695 
4 1615.838 
4 1805.236 
5 2064.006 
5 1820.162 
5 1336.022 
5 1916.387 
5 1478.223 
5 1616.969 
5 2542.386 
5 2360.238 
5 2246.793 
5 2721.515 
5 2102.734 
5 2000.249 
5 1774.780 
5 1808.655 
5 1789.730 
4 1768.950 
5 1668.391 
5 2101.771 
5 1889.982 
5 1488.451 
5 1975.475 
5 2047.621 
5 1872.518 
5 1879.991 
5 1612.550 
5 1756.035 
5 1389.803 
4 1614.285 
5 1877.226 
5 1904.391 
5 1657.078 
5 2090.796 
4 2173.093 
4 1384.364 
5 2193.900 
5 1599.995 
4 2053.245 
5 2004.003 
5 1471.474 
5 1992.992 
5 2071.536 
5 1953.496 
5 1950.721 
4 1769.212 
5 1716.386 
5 2011.888 
5 2701.323 
5 2049.148 
5 1621.929 
5 1995.802 
5 1380.698 
5 1853.649 
5 2050.651 
4 914.357 
5 1998.735 
4 1530.985 
5 2095.909 
5 1622.215 
5 1587.097 
5 1567.401 
5 1976.543 
5 1887.343 
5 2243.743 
5 1921.554 
5 1827.229 
5 1900.552 
5 2026.453 
5 2172.298 
5 1776.334 
5 1882.646 
5 1893.152 
5 2104.060 
5 2072.761 
5 2048.483 
5 1439.994 
4 1815.174 
5 2337.205 
5 2449.793 
5 1574.616 
5 1958.199 
5 3323.399 
5 1513.051 
5 1701.593 
5 2580.090 
5 1807.630 
5 1545.497 
5 1485.260 
5 1511.109 
5 1710.497 
5 2219.521 
5 1633.810 
5 2064.960 
4 1951.867 
5 1621.525 
5 2040.419 
5 2287.404 
5 1993.877 
5 2138.988 
4 2373.747 
5 1894.641 
5 1572.519 
5 2029.069 
5 1920.088 
5 1765.947 
5 1813.823 
5 1912.668 
4 2018.235 
5 2221.791 
4 1678.240 
5 1787.064 
5 1507.928 
5 1519.573 
5 1560.099 
5 1993.156 
5 1776.294 
5 2093.062 
5 1593.482 
5 1818.506 
5 2044.174 
5 2194.235 
5 1713.504 
5 2220.293 
5 2280.569 
5 1735.415 
5 1852.954 
5 1436.833 
5 1520.454 
5 2531.871 
5 1852.629 
4 1646.444 
5 1703.491 
5 2100.830 
4 1774.147 
5 2241.778 
5 2007.185 
4 1666.261 
5 1916.908 
5 2311.877 
5 1599.235 
5 1840.499 
5 2096.176 
5 1630.459 
5 2174.917 
5 1396.152 
5 1997.186 
5 1972.374 
5 2282.424 
5 2039.661 
5 1748.960 
4 1826.394 
5 1740.347 
5 2335.542 
5 1988.932 
5 1909.507 
5 1878.381 
5 2188.108 
5 1630.171 
5 2222.145 
5 1680.013 
5 2006.186 
4 2067.057 
5 2115.800 
4 2282.916 
5 2240.883 
5 1817.635 
5 1502.094 
5 1939.014 
5 1855.903 
5 1768.103 
5 1959.031 
5 2333.108 
5 2303.547 
5 1253.005 
5 2438.441 
4 1844.837 
5 2205.127 
5 2092.979 
5 1374.817 
5 2084.992 
5 1450.609 
5 1996.698 
5 2811.354 
4 2028.183 
5 1863.775 
5 2292.329 
5 2355.344 
5 1729.438 
5 1989.708 
5 1781.675 
4 2300.907 
5 1694.037 
4 1625.214 
5 1963.987 
5 1449.557 
5 1817.825 
5 1829.617 
5 2129.598 
4 1470.795 
5 2059.057 
5 2216.860 
5 1957.447 
4 1390.109 
5 1765.074 
5 1386.528 
5 2151.095 
5 1389.567 
4 1793.160 
5 1594.593 
5 1918.659 
5 1429.213 
5 1938.597 
5 1870.335 
5 2264.242 
4 2638.391 
5 2028.702 
5 1565.093 
5 2345.734 
5 2022.720 
5 1615.131 
5 1868.803 
5 2247.276 
5 1808.379 
5 2441.885 
4 1669.843 
5 1929.159 
5 1985.972 
5 1782.636 
5 2572.275 
5 1888.130 
5 1823.886 
5 2097.795 
5 2104.949 
5 1807.594 
5 1620.261 
5 1681.415 
5 1211.072 
5 1765.144 
5 1932.051 
5 1850.496 
5 1909.084 
5 1169.291 
5 2127.010 
5 1922.096 
5 1872.863 
5 2253.118 
5 2363.482 
5 1778.892 
5 2406.590 
5 2193.167 
5 2051.955 
5 1770.116 
4 2310.956 
4 2199.349 
5 2209.123 
5 1804.393 
5 2764.738 
5 1600.921 
5 1523.845 
5 1945.179 
5 2152.658 
5 2075.943 
5 1714.339 
4 1857.236 
5 2140.561 
5 1727.427 
5 3413.119 
5 2086.894 
5 1483.864 
4 2324.653 
5 1783.833 
5 1987.386 
5 2744.731 
5 1876.420 
5 2077.157 
5 2011.001 
5 2244.717 
5 2146.423 
5 1549.587 
5 1423.969 
5 1607.001 
5 2269.234 
5 1629.955 
5 1639.677 
5 1440.274 
4 2127.631 
5 1917.156 
4 2036.666 
4 2123.857 
5 2721.977 
5 2202.913 
5 1523.422 
5 1679.022 
5 1822.954 
5 2132.769 
5 1969.263 
5 2221.715 
5 1392.494 
5 1641.066 
5 2315.789 
5 1814.374 
5 1840.962 
5 1380.025 
5 2013.285 
5 1920.221 
5 1867.260 
5 2860.087 
5 2066.318 
5 1862.191 
5 1748.701 
5 1712.046 
5 2147.586 
5 1741.027 
5 1873.251 
5 1886.288 
5 1865.636 
5 1428.758 
5 2144.214 
4 1800.870 
5 2003.747 
5 1922.527 
5 2392.541 
5 1638.784 
5 1803.254 
5 1764.626 
5 1670.677 
5 1986.631 
5 2166.139 
5 1625.001 
5 1434.176 
5 2187.711 
5 1999.321 
5 1746.306 
5 2018.886 
5 2091.667 
4 2338.513 
5 1835.841 
5 2241.972 
5 2291.312 
5 2342.433 
5 1663.263 
5 1303.015 
5 1688.963 
5 2479.764 
5 1976.114 
5 2047.175 
5 1987.476 
5 1954.698 
4 2716.631 
5 1718.289 
5 1012.384 
4 1699.498 
5 1688.996 
5 1483.805 
5 1754.432 
4 1536.566 
5 2896.978 
5 1737.545 
5 1490.776 
5 1988.003 
5 1609.252 
4 1887.681 
5 1859.583 
5 1595.040 
5 2066.728 
5 1870.849 
5 2099.614 
5 2072.972 
5 1643.371 
4 1841.548 
5 1847.055 
5 1989.505 
5 2340.536 
5 2027.364 
5 1560.361 
5 1946.234 
5 1606.492 
5 1625.064 
5 1925.660 
5 2220.515 
5 1516.136 
5 1791.697 
4 1644.938 
4 1878.592 
5 1785.251 
5 1496.577 
5 1455.247 
5 2151.834 
5 1971.747 
5 2587.951 
5 2189.323 
5 1693.898 
5 1534.121 
5 1876.041 
5 1757.254 
5 2015.402 
4 1943.612 
5 1525.402 
5 1884.832 
5 1571.905 
5 1602.109 
5 2131.560 
5 2054.324 
5 1945.466 
5 2127.534 
5 1478.961 
5 1619.443 
5 2148.336 
5 1792.225 
5 2153.532 
4 1538.948 
5 1716.521 
5 2049.736 
5 1696.607 
5 1886.245 
5 1662.670 
5 2506.059 
5 1305.841 
5 1848.003 
5 1897.828 
5 2157.298 
5 1469.452 
5 1846.274 
5 1984.737 
5 1760.855 
5 2568.008 
5 1973.069 
5 2971.800 
4 2016.629 
5 1468.846 
5 1863.310 
5 2155.682 
5 1780.033 
5 1452.128 
5 1527.094 
5 1735.650 
5 1185.677 
5 1981.622 
5 1516.852 
5 1986.452 
5 1420.720 
5 1822.130 
4 2526.183 
5 2419.214 
5 1977.062 
5 1610.525 
5 1408.529 
5 1135.692 
5 2345.864 
5 1994.038 
5 1832.184 
4 1680.672 
5 2297.576 
4 1725.125 
5 1881.380 
5 1496.456 
4 2094.114 
4 1850.756 
5 1619.503 
5 2082.237 
5 1480.022 
5 1850.127 
5 1822.346 
4 2901.714 
5 1697.903 
5 2503.634 
5 2551.808 
5 2397.888 
4 1359.058 
5 2033.541 
5 1752.986 
5 2213.654 
5 1498.619 
5 1280.482 
5 2041.200 
5 1882.574 
5 1880.862 
5 2068.918 
5 2126.532 
5 2638.629 
5 1797.097 
4 1903.168 
5 2068.474 
5 1295.381 
5 1885.259 
4 2230.496 
4 2271.309 
5 2062.469 
5 2520.542 
5 2199.681 
5 1903.499 
5 1866.035 
5 1948.825 
5 2078.703 
5 2201.398 
5 1931.533 
5 1871.948 
5 2022.235 
5 2178.124 
5 1606.321 
5 1650.880 
4 2289.514 
5 1703.521 
5 1561.632 
5 2153.778 
4 2294.391 
5 1541.568 
4 1664.547 
5 2519.099 
5 2462.282 
5 1940.766 
5 3296.852 
4 2004.579 
5 2048.971 
4 2060.018 
5 2106.555 
5 2289.083 
5 1534.399 
5 1621.849 
5 1908.652 
5 2759.718 
5 2668.267 
5 1670.500 
5 2648.901 
5 1991.994 
5 2025.670 
5 2158.208 
5 2099.289 
5 1973.557 
5 1669.360 
5 1988.379 
5 2052.664 
5 2549.095 
5 2365.675 
5 1448.092 
5 2178.171 
5 2542.477 
5 2143.645 
5 2618.914 
5 3134.875 
5 1906.325 
5 1581.682 
5 2297.175 
5 1255.466 
5 2718.368 
4 2049.382 
5 2077.669 
5 2027.150 
5 1627.663 
5 1745.412 
5 1915.330 
5 1620.881 
5 1547.621 
4 2403.980 
5 1555.207 
5 2140.032 
5 1855.216 
5 1987.708 
5 1884.018 
5 1783.567 
5 1497.877 
5 1929.268 
5 1919.137 
5 1569.279 
5 1707.954 
5 1726.923 
5 2270.466 
5 1883.773 
4 1177.844 
5 1910.545 
5 2020.156 
5 1510.982 
5 1906.867 
5 1904.227 
5 1687.538 
5 1726.015 
5 2385.829 
5 1935.285 
5 1647.204 
4 1785.548 
4 2092.385 
5 2095.184 
5 1523.307 
5 2559.624 
5 1818.924 
5 2463.813 
5 1797.877 
5 2715.140 
5 1762.497 
5 1897.858 
5 1378.283 
4 1596.495 
5 2470.060 
5 1639.692 
5 2308.108 
5 2018.353 
5 2607.899 
5 2243.638 
5 1853.389 
5 1545.100 
5 2626.941 
5 1919.971 
4 1683.448 
4 2130.685 
5 2291.771 
5 2017.798 
5 1421.366 
5 2507.978 
5 2133.418 
5 1852.798 
5 1879.181 
5 1951.187 
5 2263.632 
4 1284.145 
5 1845.633 
5 1937.890 
4 2119.029 
5 2080.606 
4 1760.509 
5 1626.681 
5 1954.410 
4 2189.305 
5 2208.495 
5 1861.133 
5 1496.371 
5 2161.897 
5 1918.585 
5 1960.025 
5 1565.295 
5 1984.066 
5 1644.910 
5 1380.538 
5 1325.786 
5 1681.980 
5 1625.614 
5 2218.518 
5 2144.951 
5 2340.157 
5 1650.666 
5 1835.829 
5 1686.241 
4 2303.393 
5 1991.740 
5 2623.176 
5 1690.044 
5 1877.479 
5 1646.330 
5 2291.809 
5 1406.079 
5 1938.756 
5 1685.710 
5 1392.444 
5 1628.443 
5 2243.989 
5 1438.104 
5 1961.360 
5 1534.886 
5 1306.901 
5 1682.484 
5 1862.867 
5 1693.307 
5 1838.229 
5 1694.257 
5 1583.584 
5 1826.845 
5 1258.749 
5 1784.642 
5 2111.002 
4 2520.051 
5 1917.804 
5 2424.742 
5 1868.172 
5 2052.578 
5 2108.558 
5 1705.843 
5 1913.138 
5 1891.439 
5 1738.375 
4 1874.981 
5 2052.577 
5 1647.500 
5 1552.794 
5 1500.524 
5 1840.341 
5 3358.546 
5 1801.588 
4 2208.803 
5 1307.707 
5 3141.774 
5 1746.536 
5 1730.696 
5 1650.917 
5 2528.875 
5 2501.115 
5 2204.951 
4 1741.546 
5 2557.902 
5 1828.990 
5 2296.494 
5 1549.297 
4 1971.681 
5 2152.526 
5 1418.908 
5 1579.725 
5 1858.303 
4 2316.008 
5 1169.348 
5 1891.509 
5 2260.103 
5 1560.160 
4 1750.722 
5 2397.030 
5 1663.497 
5 2002.681 
5 2379.868 
5 1332.656 
5 2889.908 
5 1843.880 
5 1614.204 
5 2042.845 
5 1536.651 
5 1894.893 
4 2264.967 
4 2394.733 
5 2591.655 
5 1543.036 
5 1756.019 
5 1799.761 
4 1692.843 
5 2063.447 
5 2221.362 
4 1550.374 
5 1873.669 
5 2044.966 
5 1970.505 
5 1813.433 
5 2215.505 
5 2021.219 
5 1595.559 
5 1629.226 
4 1751.318 
5 2496.290 
5 2017.393 
4 2145.332 
5 1822.244 
4 2449.572 
5 2464.207 
4 1757.385 
5 2296.080 
5 1821.669 
5 1515.756 
5 1787.304 
5 2315.256 
5 1992.505 
5 1685.207 
4 1735.296 
5 1677.457 
5 1587.719 
5 2415.257 
4 1683.621 
5 1499.603 
5 1862.998 
5 2001.700 
5 1512.140 
5 1597.685 
4 2646.936 
5 1989.833 
5 1588.273 
5 2000.934 
5 2261.167 
5 2012.241 
5 2724.650 
4 2476.152 
5 2419.641 
4 1792.020 
4 2222.038 
5 2069.249 
5 1783.780 
4 1891.634 
4 800.296 
5 2647.821 
5 2449.874 
5 1962.774 
5 1666.876 
4 2592.494 
5 2910.996 
5 1868.998 
5 2034.471 
5 1757.474 
5 2138.965 
4 1380.217 
5 1872.671 
5 1823.093 
4 1645.062 
5 1946.040 
5 3216.871 
5 2066.355 
5 1877.119 
5 1106.312 
5 2727.276 
5 2387.626 
5 1531.081 
5 2226.628 
5 1906.931 
5 1785.261 
5 2279.607 
5 1909.361 
5 2182.854 
5 1728.484 
5 2005.111 
5 1761.332 
4 1919.211 
5 1900.463 
5 1697.086 
5 2287.052 
4 2434.658 
5 2105.738 
5 1888.866 
5 1551.845 
5 1179.850 
5 1078.511 
5 2311.374 
5 1817.012 
5 2283.678 
5 1468.865 
4 2189.996 
4 2679.692 
5 2066.860 
5 1918.845 
5 1924.686 
5 2028.646 
5 2244.576 
5 2403.566 
5 2637.625 
5 1640.369 
5 1684.857 
5 2137.662 
5 1905.298 
5 2418.666 
5 1072.474 
4 1665.892 
5 1896.023 
5 2248.176 
5 2217.203 
5 2132.345 
5 1583.418 
5 1508.514 
5 1879.035 
5 2560.002 
5 1619.784 
5 2178.406 
5 1368.757 
5 2008.883 
5 1899.358 
5 1910.061 
5 1973.462 
4 2019.172 
5 1408.309 
5 1342.569 
5 2275.990 
4 2641.916 
5 1914.826 
5 1830.026 
5 2068.961 
5 2248.808 
5 1829.921 
5 2031.258 
5 1186.717 
4 1608.859 
5 1682.401 
5 1488.378 
4 1642.854 
5 1736.140 
5 1813.374 
4 1973.983 
5 1674.799 
5 2104.407 
5 2338.559 
5 1644.465 
5 2357.534 
5 2060.531 
5 1674.096 
4 1912.684 
5 1510.531 
5 1764.586 
5 1851.246 
5 2993.967 
4 1460.008 
5 2467.589 
5 1782.640 
5 1570.953 
4 1691.368 
5 1974.299 
5 1188.521 
5 1857.620 
5 1935.296 
4 1591.994 
5 2102.198 
5 2726.267 
5 1687.985 
5 2345.237 
5 2599.578 
5 1691.042 
5 2179.562 
5 1983.987 
5 2224.391 
5 1648.286 
5 2154.516 
5 2112.622 
5 2053.768 
5 2441.720 
5 2361.101 
5 1925.445 
5 1761.380 
5 1828.075 
5 2108.185 
5 1929.102 
5 1824.501 
5 1787.720 
5 1879.240 
5 2007.018 
5 2179.780 
5 1703.765 
4 1201.306 
5 1733.920 
5 1974.050 
5 1722.442 
5 2751.166 
4 2633.812 
5 2148.371 
5 2387.308 
5 1803.132 
5 2311.792 
5 2076.872 
5 1707.029 
5 2370.409 
5 2147.568 
5 1819.249 
5 1781.538 
4 2303.703 
5 2111.130 
5 1608.851 
5 1861.009 
5 1743.998 
5 2039.556 
5 2449.528 
5 2038.401 
5 1027.419 
5 1755.872 
5 2053.258 
5 2395.268 
5 1885.031 
5 1756.934 
5 1943.659 
5 1960.993 
5 2026.657 
5 1502.435 
4 1889.986 
5 2028.538 
5 2359.867 
5 1688.629 
4 2197.176 
5 2498.917 
5 1973.074 
5 1549.052 
5 2702.153 
5 2170.467 
4 1853.910 
5 2014.358 
5 1788.871 
5 1776.399 
5 2177.732 
5 1837.107 
4 1676.631 
5 1938.372 
5 2160.884 
5 1839.512 
4 1726.543 
5 1290.430 
5 2177.683 
4 2173.660 
5 1665.489 
4 1671.236 
5 1385.618 
5 1999.564 
5 1870.654 
4 1811.448 
5 1546.554 
4 1607.890 
5 2352.587 
5 2382.136 
5 2134.795 
5 1498.948 
5 1925.122 
5 1979.732 
5 1757.534 
5 1780.126 
5 3004.086 
5 1561.800 
5 1673.906 
5 1695.578 
5 1762.160 
5 1898.978 
5 1757.976 
5 1719.678 
5 1868.337 
5 2080.331 
4 1636.223 
5 1994.639 
5 1495.277 
5 2466.525 
5 1605.527 
5 2064.180 
5 1702.097 
5 1844.046 
5 1461.336 
5 1981.977 
5 2094.742 
5 1686.570 
4 1762.240 
5 2006.129 
5 1826.566 
5 2763.685 
4 1580.011 
5 1546.379 
5 1944.059 
4 1714.287 
5 2271.458 
5 1212.923 
5 1421.032 
4 1799.627 
5 2256.578 
5 1966.144 
4 1550.835 
5 2342.939 
5 1980.359 
5 1661.661 
5 2131.075 
5 1913.603 
5 1580.690 
5 2332.321 
4 1816.532 
5 2105.535 
5 1651.110 
5 2264.236 
5 1784.048 
5 2156.273 
5 2051.844 
5 1776.913 
5 1993.924 
5 1793.501 
5 1812.800 
4 1780.350 
5 1698.907 
5 1870.557 
5 1681.691 
5 1418.643 
5 2013.420 
5 1285.932 
5 2292.997 
5 1986.034 
5 2024.012 
5 2078.383 
5 2255.494 
5 2184.929 
5 1870.173 
4 1266.669 
5 2447.754 
5 1996.366 
5 2270.149 
5 1867.650 
5 2812.108 
5 2337.111 
5 2318.711 
5 1998.244 
5 1600.066 
5 2062.342 
5 1841.553 
5 2400.647 
5 2045.934 
5 2079.881 
5 1754.088 
4 1910.812 
5 1888.470 
5 1657.367 
5 2074.755 
4 2424.375 
4 1529.048 
5 1740.824 
5 1843.650 
5 1751.082 
5 1602.625 
4 2158.825 
5 2476.070 
5 1703.559 
5 1801.227 
5 1810.028 
5 1281.553 
5 2544.992 
4 1521.547 
5 2552.334 
4 1893.771 
5 1844.340 
5 2229.899 
5 1291.050 
4 2565.491 
5 2087.773 
5 1935.263 
5 1773.946 
5 1785.843 
5 2786.047 
5 1520.401 
5 2193.208 
5 1820.765 
5 2117.577 
5 1916.995 
5 2083.631 
5 1315.658 
5 2133.489 
5 2114.856 
5 1823.877 
5 2449.767 
5 1909.331 
5 1673.323 
4 1820.136 
4 1756.484 
5 2284.325 
5 1742.588 
5 2294.271 
5 2580.020 
5 2211.357 
5 1488.826 
4 2323.097 
5 2662.319 
5 2166.406 
5 1794.080 
5 2042.264 
4 2517.498 
5 2015.567 
5 2476.313 
5 1650.896 
5 1665.386 
5 3311.935 
5 2023.188 
5 2159.876 
4 1910.437 
5 1140.295 
5 2096.090 
5 1650.301 
5 1544.156 
5 2364.173 
5 1654.355 
5 2593.941 
5 2031.031 
5 2087.938 
5 2258.173 
5 1754.088 
5 2162.516 
5 2227.623 
5 1676.406 
5 1792.223 
5 2534.593 
5 1782.211 
5 1973.078 
5 1751.135 
5 1730.830 
5 2087.823 
5 2167.503 
5 2214.833 
4 1822.607 
5 2163.125 
5 2181.922 
5 1700.299 
5 1720.900 
5 2043.397 
5 2639.613 
5 1473.873 
5 2140.819 
4 2173.140 
4 1887.889 
5 2183.465 
5 2064.506 
5 2052.823 
5 1775.056 
4 1632.830 
5 1875.964 
5 1629.683 
5 2012.051 
5 1638.405 
5 1752.273 
4 1902.427 
5 1708.382 
5 1744.530 
5 2074.670 
5 2181.432 
5 2069.938 
5 2338.862 
5 1958.890 
5 1591.877 
5 2078.245 
5 1681.266 
5 1555.861 
5 1485.624 
5 1809.108 
5 1601.674 
5 1641.549 
5 1596.281 
4 1951.461 
4 1722.715 
5 2198.555 
5 1646.891 
5 1621.510 
5 2239.210 
4 1735.640 
5 1139.450 
5 2078.198 
5 2183.467 
4 2214.295 
5 1770.249 
5 1581.961 
5 2339.551 
5 1115.190 
5 1662.406 
5 2052.817 
5 2191.797 
5 2405.601 
5 2010.829 
4 1638.217 
4 2037.309 
5 1402.705 
5 1534.558 
5 1863.739 
5 1781.980 
5 1309.768 
5 1668.438 
5 1065.577 
5 1883.010 
5 1426.614 
5 1938.569 
5 2131.782 
5 2022.467 
5 1930.164 
5 1666.981 
5 1827.780 
4 2497.605 
5 2475.653 
5 1817.767 
5 1452.382 
5 1991.610 
5 1836.727 
5 1814.945 
5 1597.893 
5 1350.267 
5 1520.554 
4 1799.575 
5 2157.302 
4 1984.156 
5 1946.688 
5 2355.802 
5 1804.178 
5 1893.017 
5 1794.455 
5 2151.003 
5 1847.682 
5 2069.498 
5 2135.669 
5 1788.130 
4 1984.936 
5 1999.698 
5 2420.654 
5 1526.031 
5 1630.778 
5 1562.456 
5 1953.561 
5 1927.985 
5 1675.853 
4 2061.459 
5 1998.747 
5 1984.372 
5 1752.854 
5 1327.442 
5 2335.081 
5 2293.377 
5 1793.663 
5 1884.146 
4 1454.546 
5 2035.901 
5 1669.360 
5 2081.920 
4 2198.139 
4 1500.422 
5 1509.877 
5 2082.877 
5 1829.479 
5 2322.918 
5 1637.425 
5 1940.044 
5 2183.712 
5 1846.803 
5 1356.485 
5 1690.199 
5 1820.526 
5 1813.313 
5 2041.303 
5 2036.473 
5 2115.365 
5 1545.381 
4 1367.010 
5 2246.771 
5 2098.499 
5 2213.481 
5 2151.216 
5 1757.264 
5 1861.598 
5 1485.967 
5 1874.835 
4 1692.310 
5 1232.780 
4 2226.772 
5 2161.568 
4 1368.128 
5 1775.647 
5 2324.078 
5 1833.233 
5 2445.753 
5 2706.892 
5 2012.667 
5 1828.910 
5 2202.349 
5 2646.140 
5 1856.218 
5 1366.885 
5 1750.227 
4 1707.071 
5 1781.795 
5 2883.468 
5 1651.025 
4 1839.869 
5 2074.187 
5 2185.281 
5 1477.952 
5 1482.989 
5 1961.260 
5 1427.429 
5 1845.827 
5 1785.365 
5 2056.284 
5 1775.768 
5 2160.125 
5 2345.130 
5 1955.323 
5 2293.620 
5 2369.656 
5 1507.003 
5 2042.655 
5 2175.868 
5 1688.711 
5 1724.636 
5 1639.076 
5 1409.324 
5 1939.788 
5 1829.624 
5 1328.758 
5 2079.301 
5 1877.062 
5 2108.641 
5 1899.662 
5 2202.063 
4 2347.716 
5 1275.050 
5 1432.879 
5 1644.236 
5 2295.391 
5 1337.991 
5 1809.598 
5 1703.912 
5 1743.735 
5 1657.891 
5 2200.725 
5 2730.494 
5 2174.550 
4 1636.929 
5 2069.689 
5 1760.449 
4 854.539 
5 2235.364 
5 2076.636 
5 1824.287 
5 1809.743 
5 1648.016 
5 1727.112 
5 2341.479 
5 2388.813 
5 1941.170 
4 2138.593 
5 2013.850 
5 2464.143 
5 2085.270 
5 1602.780 
4 1730.444 
5 2294.069 
5 1485.435 
5 1823.534 
5 2421.084 
5 1975.555 
5 1941.145 
5 2146.726 
4 2026.538 
5 1781.204 
5 2555.224 
4 1460.305 
5 1543.958 
5 1632.502 
5 1968.234 
5 1154.571 
5 1529.922 
5 2052.283 
5 1245.832 
5 2047.123 
5 1455.787 
5 1992.218 
5 1819.497 
5 1684.988 
5 2393.005 
4 1720.482 
5 1929.397 
5 2141.602 
5 2206.361 
5 2667.632 
5 2038.079 
5 1759.734 
5 1208.163 
5 2637.635 
5 1736.088 
5 1392.281 
5 1746.138 
5 2348.326 
5 1452.116 
5 1643.729 
5 1832.833 
5 1779.931 
4 1781.652 
5 2412.995 
4 2075.600 
5 1632.117 
5 1822.333 
5 1517.709 
5 2588.839 
5 2251.762 
5 1945.841 
5 2230.690 
5 1591.565 
5 1468.753 
5 2938.551 
5 1644.847 
5 1827.417 
4 1644.694 
5 2040.062 
5 2613.698 
5 1894.103 
5 2113.251 
5 2126.190 
5 1749.975 
5 2573.148 
5 1804.639 
5 1899.872 
5 1600.269 
5 2442.945 
5 2262.344 
5 1792.661 
5 1981.268 
5 1808.602 
5 1825.011 
5 2282.979 
4 1712.057 
5 1649.074 
5 2889.646 
5 1748.580 
5 1708.476 
5 1843.828 
5 2104.443 
5 1856.596 
5 1966.734 
4 1846.920 
4 2012.146 
5 1765.959 
5 2166.964 
4 1939.497 
5 1549.807 
5 2270.354 
5 1404.733 
5 1936.974 
5 2271.174 
5 1775.046 
5 1667.903 
5 2063.986 
5 1793.757 
5 1799.943 
5 1666.628 
5 2052.142 
5 1157.055 
5 2259.826 
5 1417.823 
5 1510.438 
5 1809.227 
4 1412.286 
5 2145.048 
5 1831.693 
4 1747.271 
5 1491.014 
5 1524.263 
5 1946.331 
5 2128.905 
5 2101.851 
5 1473.955 
5 2485.249 
5 1565.059 
5 2356.406 
4 1232.830 
4 2400.812 
5 1930.258 
5 1951.541 
5 2819.134 
5 1524.793 
5 1972.785 
4 1778.220 
5 2243.960 
4 1019.430 
5 1890.349 
5 1806.210 
4 1659.435 
5 1949.354 
5 1657.292 
4 2285.880 
5 1506.981 
5 2350.239 
5 2227.140 
5 1961.967 
5 1821.437 
5 1741.597 
5 1997.385 
5 2071.097 
5 1960.062 
5 1565.849 
5 2223.799 
5 2473.805 
5 1676.624 
5 1604.155 
5 1854.503 
5 1671.853 
4 1522.433 
5 2087.273 
5 1986.539 
5 1957.803 
5 1900.423 
5 2079.568 
5 1738.460 
4 1657.497 
5 2166.337 
5 1716.617 
5 1986.887 
5 1301.643 
5 1630.669 
5 1496.545 
5 1771.063 
5 1369.574 
5 1517.698 
5 2325.691 
5 2509.506 
5 1707.097 
5 2026.771 
4 1868.855 
5 1298.367 
5 1854.513 
4 1718.203 
4 1759.068 
5 1872.010 
5 1780.884 
5 1810.174 
5 1823.625 
5 1342.942 
5 2112.094 
5 2614.070 
5 2687.899 
5 3893.547 
5 2198.230 
5 1309.718 
5 2277.966 
5 1697.694 
5 1330.944 
5 1836.606 
5 1918.496 
5 2181.925 
5 1993.447 
5 1654.887 
5 2824.745 
5 1979.900 
5 1876.772 
5 1559.961 
5 1891.285 
5 2163.455 
5 1653.483 
5 2143.827 
5 1836.022 
5 3035.353 
5 1600.842 
5 1574.434 
5 1828.379 
4 1819.459 
5 2255.721 
5 3052.132 
5 1604.666 
5 1818.252 
5 1629.660 
4 1993.039 
5 2558.320 
5 2028.181 
5 1641.517 
5 2229.518 
4 2099.287 
5 1613.144 
5 2184.122 
5 2249.658 
5 1993.565 
5 1900.104 
5 2225.576 
5 1900.967 
5 1500.991 
5 2359.216 
5 1674.223 
5 2390.499 
5 1942.895 
5 1701.448 
5 1968.465 
5 2648.037 
4 2510.254 
5 2500.711 
5 1894.154 
4 1791.454 
4 1709.982 
5 1745.746 
5 1666.386 
5 2185.543 
4 2200.699 
5 1472.167 
5 1839.043 
5 1800.389 
4 2346.271 
5 1592.282 
5 1578.315 
5 1803.242 
5 2345.673 
5 1744.191 
5 1375.380 
5 2114.990 
5 1299.813 
5 1516.864 
5 1736.756 
5 1228.047 
4 2411.939 
5 1727.436 
5 1709.240 
5 1545.479 
5 1725.239 
4 2019.436 
5 2783.232 
5 2030.718 
5 1618.593 
5 1672.925 
5 1882.955 
5 1853.102 
5 2396.295 
4 1566.637 
5 1727.573 
5 1822.236 
5 1685.312 
5 2077.039 
5 2248.571 
5 1990.104 
5 1887.361 
5 2276.215 
4 2671.761 
5 2027.964 
5 1731.333 
5 2534.371 
5 2092.667 
4 1462.458 
5 2222.385 
4 3031.574 
5 1710.595 
5 1743.151 
5 1963.905 
5 1663.726 
5 2049.932 
5 1818.560 
5 1576.322 
5 2504.144 
5 2125.402 
5 2065.745 
5 1541.607 
5 1707.345 
5 1591.191 
5 2359.708 
5 2252.720 
5 2385.610 
5 2145.615 
5 1959.799 
5 1857.154 
4 1799.638 
5 2033.159 
5 1306.486 
5 2758.880 
5 1736.570 
5 1515.137 
5 1544.460 
5 2463.114 
5 1647.280 
5 1504.968 
5 1746.520 
5 1721.876 
4 2011.173 
5 1751.783 
5 2056.341 
5 2078.119 
5 1784.508 
5 1701.538 
4 1869.479 
5 1674.741 
5 1856.484 
5 1763.576 
5 2315.403 
5 1843.752 
5 2437.013 
5 1862.563 
5 2011.662 
5 2048.753 
5 1172.365 
5 2556.807 
5 1396.659 
5 2147.085 
5 2103.362 
5 2013.180 
4 1643.938 
5 2359.884 
5 1738.806 
5 1961.807 
4 1167.797 
5 1793.659 
4 2292.239 
5 1685.639 
5 1792.953 
5 1946.499 
5 2408.502 
5 1955.526 
5 1905.755 
5 2078.817 
5 1882.734 
5 1710.825 
5 1693.493 
5 1906.000 
5 1561.895 
5 1260.098 
5 2059.948 
5 2290.541 
5 1937.556 
5 1639.339 
5 1703.201 
5 1666.022 
5 2263.777 
5 1895.897 
5 1505.425 
5 1605.780 
5 1760.473 
5 1561.495 
5 2075.596 
4 1525.989 
5 1382.409 
5 2150.882 
5 1507.506 
5 2186.833 
5 2022.363 
5 2605.437 
5 1878.737 
5 2110.752 
4 1928.462 
5 2152.969 
5 2316.818 
4 1925.260 
5 2120.450 
5 2694.733 
5 1895.887 
5 1901.148 
5 1774.527 
5 1598.228 
5 1807.170 
5 1963.997 
5 1293.161 
5 2288.320 
5 1593.471 
5 1959.709 
5 2229.155 
4 2432.435 
5 2323.207 
5 2006.615 
5 1519.923 
4 1608.929 
5 2242.052 
5 1717.773 
5 1466.319 
5 2422.433 
5 2177.902 
5 1818.220 
4 1975.999 
5 1765.669 
5 2328.554 
5 1471.860 
5 1773.288 
4 2347.229 
5 1788.394 
5 2597.726 
5 1427.375 
5 1518.761 
5 1813.617 
5 1946.748 
5 2164.764 
5 1808.166 
4 1637.491 
4 1703.619 
5 2075.138 
4 2087.923 
5 2365.222 
5 2375.953 
5 1991.301 
5 2109.451 
5 1570.893 
5 2111.736 
5 1755.169 
5 2046.961 
5 1704.665 
5 1692.285 
5 2650.422 
4 2879.909 
4 2281.689 
5 1978.883 
4 2144.796 
4 1865.055 
4 1364.981 
5 2425.943 
5 1306.506 
5 2903.921 
4 2590.007 
5 2052.691 
5 2591.606 
5 1735.042 
5 2178.548 
5 1665.068 
5 1628.562 
5 1961.756 
5 1806.796 
5 1961.503 
5 2009.723 
5 1951.353 
5 2217.059 
5 2017.161 
5 1708.045 
5 2100.201 
5 2064.274 
5 1926.366 
4 1991.907 
5 1593.829 
5 2140.868 
5 2157.384 
5 1991.574 
4 1207.089 
5 1466.291 
4 2111.159 
4 2190.617 
5 1817.211 
5 1480.324 
5 2458.366 
4 1597.624 
5 1614.184 
5 1367.436 
5 1753.527 
5 1920.665 
5 1938.782 
5 1354.734 
5 1967.425 
5 2089.244 
5 2499.514 
4 2081.458 
5 1812.432 
5 2283.197 
5 2174.451 
5 1740.674 
4 2130.875 
5 2145.072 
5 1770.959 
5 1624.956 
5 2030.104 
5 2058.347 
5 1921.803 
5 2622.619 
5 1967.524 
5 1476.760 
5 2352.996 
5 2600.273 
5 2179.011 
5 1599.226 
5 1937.634 
5 1568.251 
4 1750.634 
5 1760.772 
5 1994.403 
5 1961.539 
5 1983.516 
5 1651.996 
5 2337.736 
5 1960.236 
5 2358.736 
4 2714.085 
5 1632.052 
5 1812.663 
5 1819.111 
5 2119.654 
5 1846.619 
5 1794.735 
5 1874.755 
5 2531.449 
4 1625.428 
5 1825.924 
5 1795.837 
5 1984.980 
5 2196.749 
5 1561.904 
5 1971.211 
4 1582.038 
5 1725.791 
5 1805.889 
5 2098.122 
5 2815.159 
5 1391.950 
5 1942.224 
5 1657.205 
5 1693.008 
5 1397.938 
5 1932.989 
5 2080.679 
5 2101.896 
5 2052.219 
5 1701.494 
5 1382.182 
5 1431.939 
5 1429.432 
5 2215.541 
5 1355.577 
5 1793.971 
5 1843.933 
5 2098.838 
5 1827.750 
5 1341.014 
5 2274.026 
5 1768.067 
4 2450.521 
5 1995.640 
5 1870.620 
5 1612.814 
4 1723.934 
5 2223.665 
5 1440.189 
5 2043.085 
5 2147.463 
5 2045.125 
4 2144.951 
5 1825.361 
5 1840.011 
5 2378.070 
5 1516.859 
5 1821.438 
5 1860.145 
5 2113.417 
5 2031.248 
5 1901.083 
5 2819.772 
5 1390.202 
5 2044.684 
5 1698.676 
5 1518.116 
5 2171.571 
5 1845.173 
4 1812.940 
5 1828.980 
5 1854.839 
5 1635.728 
5 1902.120 
5 2221.516 
5 2147.883 
5 2003.215 
5 2326.452 
5 2757.671 
5 2032.410 
5 1756.599 
5 2009.009 
5 1742.483 
5 1794.880 
5 1605.380 
5 2970.849 
5 2691.003 
5 2717.082 
5 2298.132 
5 1989.599 
4 1873.975 
5 1630.717 
5 2119.027 
5 1957.820 
5 1937.548 
5 1518.349 
5 2222.041 
5 1234.086 
5 2433.740 
5 1902.876 
5 1837.391 
4 1461.536 
5 2060.397 
5 1780.727 
5 2368.265 
4 1282.996 
5 1700.831 
5 1941.625 
5 1662.801 
5 1082.464 
5 2116.999 
5 2446.835 
5 2132.656 
5 1816.193 
5 1969.244 
5 1549.159 
5 1748.753 
5 1894.642 
5 1894.522 
5 1181.505 
5 2169.197 
5 1955.380 
5 2204.239 
5 1177.279 
5 1730.641 
5 1635.922 
4 1546.251 
5 1349.031 
5 2178.595 
5 1676.563 
5 1669.178 
5 1997.065 
5 2416.311 
5 1674.217 
5 1845.454 
5 1627.491 
4 1476.817 
5 2125.792 
5 1469.521 
5 2676.862 
5 2140.068 
5 1969.289 
4 1753.578 
5 1579.949 
5 1745.510 
5 2946.048 
5 1880.893 
4 1563.753 
5 1978.860 
5 1690.699 
5 1652.560 
5 2672.784 
5 2038.288 
5 2039.562 
5 2397.045 
4 2281.512 
5 2071.380 
5 1809.426 
4 1939.493 
5 1650.978 
5 2601.998 
4 1820.324 
4 1714.396 
4 1952.016 
5 1961.873 
5 2028.136 
5 1680.473 
5 1499.870 
5 1999.366 
5 1991.921 
5 2476.954 
5 1815.050 
4 1762.355 
5 2582.548 
5 2049.608 
5 1815.235 
4 1960.558 
5 1499.238 
5 2093.237 
5 1841.697 
4 2087.423 
5 1459.979 
4 2092.583 
5 1700.883 
5 2087.545 
5 1672.948 
5 1813.064 
5 1895.359 
5 1837.930 
5 1899.370 
5 2529.602 
5 1907.087 
5 1878.148 
5 1583.167 
4 2097.112 
4 1235.898 
5 1879.379 
4 1882.752 
5 2025.836 
5 1992.562 
5 3188.742 
4 1143.417 
5 2228.342 
5 2242.566 
5 1790.159 
5 2288.524 
5 1779.343 
5 2217.681 
4 1793.621 
5 1950.392 
5 2025.856 
5 1822.572 
4 2017.674 
5 1429.042 
5 1776.821 
5 1182.578 
5 2799.765 
4 1703.881 
5 2033.089 
5 1479.586 
4 1959.614 
5 2051.883 
5 2069.396 
5 1772.933 
5 1697.631 
5 1647.687 
5 2300.713 
5 2255.330 
5 1577.478 
5 1671.413 
5 1432.733 
5 3039.585 
5 2301.891 
5 1954.477 
5 2143.065 
5 1957.426 
5 1466.762 
5 1715.177 
5 2068.678 
5 1871.500 
5 1791.438 
5 1875.801 
4 1757.246 
5 3279.219 
5 1779.407 
5 2013.449 
5 1688.842 
5 2140.366 
5 1896.980 
5 1716.657 
5 1538.242 
5 1638.736 
4 1760.072 
5 1488.025 
5 1821.043 
5 1589.674 
4 2035.477 
4 2103.807 
5 2517.507 
5 1798.759 
5 2510.469 
4 2100.289 
5 1794.964 
5 1745.842 
5 2469.592 
4 1679.047 
5 1952.112 
5 1391.163 
5 1938.934 
5 1721.174 
5 1987.037 
4 1587.210 
5 1916.878 
5 2386.994 
5 1516.524 
5 1975.832 
5 2741.051 
5 1883.530 
5 1410.549 
5 2198.949 
5 2400.272 
5 1711.727 
5 2037.975 
5 2303.498 
5 2409.120 
5 2380.947 
5 1762.600 
5 1836.112 
5 2304.046 
5 1540.565 
5 2023.373 
5 1758.637 
5 2015.016 
5 1809.062 
4 1582.854 
5 1829.450 
5 2200.951 
5 2122.927 
5 1946.027 
5 1660.220 
5 2557.187 
5 1767.056 
5 2036.355 
5 2637.429 
5 1871.541 
5 1993.225 
5 2043.219 
5 2619.093 
5 1815.294 
5 1587.653 
4 1755.887 
5 2079.305 
5 1927.425 
5 1740.509 
5 2205.629 
5 1240.117 
5 1819.533 
5 2004.616 
5 3071.736 
5 2128.120 
5 2245.325 
5 2005.292 
5 1446.807 
5 1480.469 
5 1799.639 
5 1601.581 
5 2103.008 
4 2877.783 
5 1695.911 
5 1727.690 
5 2175.084 
5 1507.218 
5 1584.598 
5 1995.063 
5 2529.224 
5 2057.198 
5 2653.103 
5 1811.280 
4 1792.120 
5 2115.794 
5 2898.410 
5 1681.656 
5 1756.723 
4 1647.301 
4 2002.469 
5 1755.594 
5 1709.412 
5 1477.527 
5 1145.113 
5 1939.240 
5 1941.312 
5 1969.623 
5 1825.622 
5 1335.681 
5 1713.323 
5 1776.139 
5 2464.463 
5 2212.902 
5 2101.694 
5 2379.907 
5 1998.020 
5 2021.947 
4 2187.935 
5 2524.111 
5 2123.609 
5 1784.215 
5 1335.664 
5 1862.186 
4 1702.545 
5 1648.457 
5 1840.896 
4 1802.977 
4 1920.528 
4 2758.836 
5 1729.915 
5 1642.232 
4 1742.703 
4 2365.106 
5 1849.872 
5 2058.353 
5 1996.956 
4 1160.806 
5 2296.914 
5 2045.968 
4 1741.819 
4 1715.420 
4 2097.216 
5 2611.408 
5 2486.878 
4 1779.111 
4 1210.684 
4 2428.583 
5 1979.203 
5 1799.534 
5 1862.590 
5 2061.956 
5 2103.123 
4 1818.819 
5 2009.173 
5 2125.888 
5 2375.924 
5 1745.729 
4 1507.260 
5 2498.256 
5 2115.875 
4 2229.281 
5 1690.259 
4 1767.670 
5 2386.519 
5 2059.805 
4 2501.162 
5 3042.136 
5 1832.940 
5 1666.539 
5 1641.731 
5 1506.354 
5 1561.605 
4 1782.212 
4 2033.605 
5 1395.656 
5 2156.206 
5 1801.081 
5 2466.074 
5 1909.345 
4 1461.652 
5 1264.051 
5 1721.657 
5 1910.560 
5 2009.712 
5 2263.190 
5 1184.044 
4 1901.364 
5 1698.217 
5 2006.894 
4 1110.294 
5 2100.597 
5 1541.906 
5 2015.385 
5 1795.679 
5 2055.024 
5 1515.814 
5 1762.205 
5 1222.633 
4 1445.145 
5 2541.775 
5 1852.495 
5 2208.575 
5 1480.899 
5 1911.986 
5 1761.414 
5 1887.335 
5 1214.922 
5 2116.122 
5 1827.393 
5 1930.801 
5 2246.239 
5 2292.608 
5 2000.856 
5 1583.617 
5 1767.576 
5 1777.318 
5 1792.357 
5 1683.454 
5 1666.328 
5 1715.762 
5 1660.783 
5 1728.884 
5 1369.796 
5 1932.543 
5 2111.914 
5 1993.620 
5 1780.823 
5 2117.559 
5 1679.161 
5 2044.749 
5 2134.678 
5 1097.148 
5 2230.046 
5 3040.149 
5 2021.965 
5 1495.886 
5 2451.662 
5 2170.992 
5 1928.297 
5 1942.872 
5 1821.083 
4 1803.407 
5 1797.022 
5 2298.898 
5 2648.603 
5 1791.426 
5 3265.314 
5 2606.931 
4 2352.758 
5 2070.455 
5 2097.720 
5 1582.040 
5 1894.782 
5 1663.413 
5 2328.793 
5 1989.893 
5 1316.738 
5 1514.446 
5 1627.692 
5 1720.063 
5 2194.287 
5 3037.205 
5 2286.172 
5 1626.251 
5 1799.943 
5 1639.318 
5 1925.660 
5 2176.432 
5 1535.129 
5 1574.334 
5 1860.736 
5 1608.838 
5 1742.183 
5 1853.580 
5 1950.084 
5 1552.294 
5 1604.092 
4 1619.695 
5 1601.619 
5 2065.689 
5 1691.647 
5 1537.229 
5 2973.346 
5 1545.518 
5 2358.592 
5 1636.613 
5 1451.792 
5 2223.777 
5 2754.733 
5 1898.387 
4 1474.344 
5 2470.860 
5 2363.469 
4 1687.893 
5 2011.223 
5 1743.045 
5 2082.084 
5 1821.291 
5 1880.854 
5 3254.392 
5 1543.764 
5 1343.011 
5 1814.819 
5 1784.199 
5 1788.443 
5 1769.818 
5 1963.643 
5 2083.784 
5 1653.927 
5 1486.517 
5 3212.111 
5 2067.412 
4 2483.736 
5 1532.851 
5 2069.504 
5 1885.461 
4 1530.091 
5 2115.279 
5 2024.859 
5 1817.567 
5 1617.803 
5 2347.040 
5 2939.154 
5 1216.508 
5 1850.378 
5 1508.180 
5 1364.019 
5 2153.845 
5 1709.386 
5 1995.082 
5 2418.154 
5 2295.531 
5 1885.273 
5 1834.286 
5 2251.741 
5 1899.653 
5 1858.990 
5 1408.008 
5 1294.753 
5 2389.039 
5 1367.986 
5 2273.838 
5 1536.079 
5 2593.469 
5 2277.685 
4 1465.111 
4 2173.545 
5 1961.924 
5 1809.719 
4 1974.139 
5 2182.890 
5 1738.874 
5 1496.880 
5 1743.415 
4 1546.438 
5 1756.436 
5 1773.265 
5 1569.466 
5 1894.006 
5 1537.064 
5 1857.739 
5 1584.186 
5 1894.217 
5 1860.134 
5 1980.563 
5 2222.259 
5 2024.979 
5 2277.509 
5 1827.251 
5 1958.275 
5 1418.592 
5 1964.302 
5 2086.494 
5 1328.731 
5 2263.584 
5 1793.732 
5 1999.575 
5 1911.520 
5 2277.387 
5 2643.748 
5 2411.685 
5 2335.591 
5 2265.910 
5 2710.019 
5 1621.599 
5 2339.950 
5 1775.322 
5 1895.213 
5 2095.347 
5 1453.892 
5 1338.794 
5 1870.802 
5 1811.213 
5 1731.112 
5 2228.230 
4 2044.959 
5 2118.960 
5 2944.758 
5 1800.477 
5 1741.364 
5 1732.999 
5 1708.407 
5 2132.113 
5 1850.826 
5 1995.338 
5 1495.697 
5 2358.826 
5 2320.049 
5 1814.747 
5 1953.769 
5 1801.647 
5 2235.261 
5 2251.578 
5 2575.888 
5 2021.289 
5 1674.120 
5 2389.750 
5 2605.879 
4 1982.629 
5 1569.355 
5 1806.186 
5 2007.054 
5 2300.205 
5 1978.562 
5 2137.677 
5 1333.096 
5 2219.152 
5 1858.291 
5 1747.627 
5 1861.740 
5 2150.796 
5 1803.152 
4 1623.551 
4 1883.483 
5 1955.333 
5 1408.383 
5 2064.679 
5 1906.759 
5 2331.675 
5 2436.387 
5 1921.517 
5 2037.459 
5 2845.354 
5 1882.527 
5 1010.342 
5 2722.091 
5 1878.911 
5 2451.811 
5 1568.231 
5 1793.158 
5 1611.085 
5 1835.319 
4 1008.728 
5 1622.391 
5 1641.495 
5 2343.334 
4 1207.416 
5 2233.010 
5 1544.072 
5 1861.432 
4 1555.160 
5 1478.865 
5 2070.926 
5 1882.824 
4 3103.441 
4 1863.802 
5 1677.560 
5 2088.279 
5 1649.392 
4 2314.354 
5 1973.521 
5 2027.525 
5 1814.252 
5 1935.971 
5 1822.864 
5 1670.142 
5 2026.866 
5 2137.066 
5 2312.104 
5 2074.340 
5 2334.283 
5 2071.389 
5 1948.760 
5 1590.274 
5 2214.577 
5 1733.322 
5 2089.370 
5 1924.841 
5 2548.843 
5 1400.879 
5 2212.521 
5 1692.040 
5 1664.350 
5 2016.979 
5 1426.463 
4 2672.528 
5 1556.613 
5 1913.272 
4 1659.552 
4 2801.744 
4 1804.057 
5 2079.460 
4 1632.435 
5 2011.222 
5 1950.291 
5 2471.616 
5 1499.289 
5 1616.379 
5 2714.063 
5 2613.152 
5 1587.623 
5 2110.498 
4 1882.350 
4 1787.300 
5 2078.370 
5 1957.390 
5 1720.620 
5 1943.536 
4 1415.509 
5 1744.250 
5 2034.315 
5 2067.277 
5 2369.782 
5 1537.485 
5 2675.047 
5 1573.001 
4 2925.662 
5 1915.141 
5 2611.830 
5 2016.315 
5 2466.737 
5 2335.294 
5 1753.568 
5 2271.969 
4 1537.599 
5 2218.971 
5 1909.765 
5 1903.299 
5 1649.484 
5 1497.395 
5 1673.887 
5 2071.792 
4 1688.055 
5 2086.953 
5 1786.952 
5 1856.499 
5 1878.827 
5 2768.320 
5 1525.930 
4 2161.815 
5 2107.050 
5 2135.816 
5 1461.204 
5 1800.519 
5 1568.561 
5 2387.413 
5 1498.355 
5 2185.491 
5 1791.404 
5 1620.026 
5 1622.573 
5 1610.208 
4 2021.551 
5 1991.727 
5 2027.753 
5 2169.638 
5 1774.071 
5 1687.172 
5 1734.640 
5 956.702 
4 2368.668 
5 1791.724 
5 1705.418 
5 1498.094 
5 2188.420 
5 1634.848 
5 1914.009 
5 2318.052 
5 1818.622 
5 1921.770 
4 1753.521 
5 2025.106 
5 1861.820 
5 2582.000 
5 1818.507 
5 1341.157 
5 2403.302 
5 2032.038 
5 1903.765 
4 1433.455 
5 1686.711 
5 1800.568 
4 1824.752 
5 3323.687 
5 1673.351 
5 1986.964 
5 1614.490 
5 2251.348 
5 1813.984 
5 1743.129 
5 1893.788 
5 3047.003 
5 2020.357 
5 2397.782 
5 2628.195 
5 1766.557 
5 1965.484 
5 1686.197 
4 2466.029 
5 1587.449 
5 2326.214 
5 2041.798 
5 1539.027 
4 2393.586 
4 1988.779 
5 2024.399 
5 1686.293 
5 2532.671 
5 1791.502 
5 1572.011 
5 1738.624 
5 1987.790 
5 2190.501 
5 2277.232 
5 1814.630 
5 1308.576 
5 1624.470 
5 2134.832 
5 1776.793 
5 2628.999 
5 2164.486 
5 2003.170 
5 1713.897 
5 2196.286 
4 1509.422 
5 1883.695 
5 1603.085 
4 1546.233 
5 1879.761 
5 2409.292 
4 1905.719 
5 2127.627 
4 2761.853 
5 1626.672 
5 1673.241 
5 1591.130 
5 1930.363 
5 1791.329 
5 2233.408 
5 1970.894 
5 1631.103 
5 1825.641 
5 2743.811 
5 1443.081 
5 1736.816 
5 1025.879 
5 2236.981 
5 2907.090 
5 2157.730 
5 2189.829 
4 1606.422 
5 1003.221 
5 2244.035 
5 1900.376 
5 1903.212 
5 1856.471 
5 1190.656 
5 2849.017 
5 2102.326 
5 2616.883 
5 1867.121 
5 2347.845 
5 2369.518 
5 2202.563 
5 1650.794 
5 2145.475 
5 1614.359 
5 1570.175 
5 1773.297 
5 2427.000 
5 1776.774 
4 1451.092 
5 1980.323 
5 1818.259 
5 1911.813 
5 2098.319 
5 1632.074 
5 2016.761 
4 1202.369 
5 2483.659 
5 1453.711 
4 1832.533 
4 2426.618 
5 2175.970 
4 1914.263 
5 1884.773 
5 1854.015 
5 1842.177 
5 2368.613 
5 2140.823 
5 1724.199 
4 1935.948 
5 1209.099 
4 2234.252 
5 1712.947 
5 1893.809 
5 1783.229 
5 2291.559 
5 2534.215 
5 1681.668 
5 1677.396 
5 2015.460 
5 2079.384 
5 1422.415 
5 1698.612 
5 2609.970 
5 1906.863 
5 1762.837 
5 2123.997 
5 2200.453 
5 2405.881 
5 2329.141 
5 2006.522 
5 1847.272 
5 3042.921 
5 1720.114 
5 1628.783 
5 2024.977 
5 1671.638 
5 2283.727 
4 1043.591 
5 1563.478 
5 2316.463 
5 2154.781 
5 2058.687 
5 1816.376 
5 2161.829 
5 2159.556 
4 1542.817 
5 1681.781 
5 1727.268 
4 1877.438 
5 2070.925 
5 1812.486 
4 1137.704 
5 2396.685 
5 2062.290 
5 1240.540 
5 2091.471 
5 1818.141 
5 1977.570 
5 2498.469 
5 1957.403 
5 3047.665 
5 1790.794 
5 1623.893 
5 1444.620 
5 1783.718 
5 1977.876 
5 1844.889 
4 1796.990 
5 2033.167 
5 1991.383 
5 1756.121 
5 1493.417 
5 1625.083 
5 2659.753 
5 1681.117 
5 1852.630 
5 1785.959 
4 2432.013 
5 1514.150 
5 3461.161 
5 1655.638 
5 1884.646 
5 1462.596 
5 1639.749 
5 2411.629 
5 2255.482 
5 1939.880 
5 2163.601 
5 1870.233 
5 1437.817 
5 1966.750 
5 2108.239 
5 1739.060 
5 2218.645 
4 1803.036 
5 2272.432 
5 1513.960 
5 2002.393 
5 1668.546 
5 1990.262 
5 2070.666 
5 2046.034 
5 2117.468 
4 1323.665 
5 2026.016 
5 1895.727 
5 1968.369 
5 1803.717 
5 1856.852 
5 1999.441 
5 2496.125 
5 1793.428 
5 1714.560 
5 1419.162 
5 1882.582 
5 1709.287 
4 1510.208 
4 1716.838 
5 2559.836 
5 1632.482 
5 1597.860 
4 1904.544 
5 1855.367 
5 1778.558 
4 2472.320 
5 1960.276 
5 1956.365 
5 1488.652 
5 2778.031 
5 2453.302 
5 1944.905 
5 2681.410 
5 2197.540 
5 1523.980 
5 1269.913 
5 1703.847 
5 2060.304 
5 2222.816 
5 2209.728 
5 1858.324 
5 1972.195 
5 1623.414 
5 1697.383 
5 1934.685 
4 3031.842 
5 1905.537 
5 1265.360 
4 2991.562 
5 2058.943 
5 1418.601 
5 2102.797 
5 2202.693 
4 2062.487 
5 1551.142 
5 1933.438 
5 1718.293 
5 1770.477 
5 2060.605 
5 1407.913 
5 2136.049 
5 2227.708 
5 1574.698 
5 1656.780 
5 1681.937 
5 1898.364 
5 1965.505 
4 2156.603 
5 1825.517 
4 2012.466 
5 1948.892 
5 1600.065 
5 1740.656 
5 1759.609 
4 1746.201 
5 1724.002 
5 2266.459 
5 1726.946 
4 1220.118 
4 1388.374 
5 1767.603 
5 2984.852 
5 1788.315 
5 1688.528 
5 2341.506 
5 1773.008 
5 1671.503 
5 1437.720 
5 2305.428 
5 2169.548 
5 1417.204 
5 1600.958 
5 1723.555 
5 1719.306 
5 2390.723 
5 1514.166 
5 1959.558 
5 1494.550 
5 1936.431 
4 1560.179 
4 1479.969 
5 1922.189 
5 1525.591 
5 1790.733 
5 2501.910 
5 3356.874 
5 1836.340 
5 1725.750 
4 1798.302 
5 1504.958 
5 1472.595 
5 1877.262 
5 2216.739 
5 1847.292 
4 1137.888 
5 1674.772 
5 1795.484 
5 2047.279 
5 1764.939 
5 1828.564 
5 2124.910 
5 2149.244 
5 1459.863 
5 1901.028 
5 2371.324 
5 1959.059 
5 2241.077 
5 2244.957 
5 2313.692 
5 2793.246 
5 1380.528 
5 1735.662 
5 1741.022 
5 2028.562 
5 1939.328 
5 2046.631 
5 2292.710 
5 1908.415 
5 2911.805 
5 1961.092 
5 2104.424 
5 2420.886 
5 1994.822 
4 1641.530 
5 1162.479 
5 2137.665 
5 2955.905 
5 1759.486 
5 2567.474 
5 2132.007 
4 2332.142 
5 2474.969 
5 1613.367 
5 1528.256 
5 1285.445 
5 2908.918 
5 1947.697 
4 1871.608 
5 1918.230 
4 2427.290 
5 1817.198 
4 2387.252 
5 2216.229 
5 2371.650 
5 1994.415 
5 2110.163 
5 1922.247 
5 2726.235 
4 1813.170 
5 1966.466 
5 1915.761 
5 2068.508 
5 1631.588 
5 1823.643 
5 2567.373 
5 1535.910 
5 1304.246 
5 2023.396 
5 1806.697 
5 1324.319 
5 1610.091 
5 1622.670 
5 1769.266 
5 2280.623 
5 1451.765 
5 1672.132 
4 2081.954 
5 2177.498 
5 1759.072 
5 1794.927 
5 1785.318 
5 2189.002 
5 2330.072 
5 2424.499 
5 2175.382 
5 2106.946 
5 1755.194 
5 1763.368 
5 2708.516 
5 1098.018 
5 1544.381 
5 2527.904 
5 2246.609 
5 2017.152 
5 1827.163 
5 1605.637 
4 2036.200 
5 2173.050 
5 1959.176 
5 2504.792 
5 3082.976 
5 2283.215 
5 3129.177 
5 1759.429 
5 1583.928 
5 1767.620 
5 2580.430 
5 1745.114 
5 1521.983 
5 1995.325 
5 1281.151 
5 2342.564 
5 2182.861 
5 2095.465 
5 1417.014 
5 2201.183 
5 1818.769 
5 1828.106 
5 1751.520 
4 1396.183 
5 1897.625 
4 2164.808 
5 1330.076 
5 1766.344 
5 1733.684 
5 1494.094 
5 2322.317 
5 1912.248 
5 1820.162 
5 2286.300 
5 1748.871 
5 1809.604 
5 2424.683 
5 1847.607 
5 2022.112 
5 1792.192 
4 2169.241 
5 1650.514 
5 1722.928 
5 1916.457 
4 1910.666 
5 1606.752 
5 1938.370 
5 2030.481 
4 3257.453 
5 1605.904 
5 1446.582 
5 2212.670 
5 2523.768 
5 1690.237 
4 1335.477 
5 1550.066 
5 1908.621 
4 1162.531 
5 2256.020 
5 2082.975 
5 2285.878 
4 1443.422 
5 2031.651 
5 1564.816 
5 1811.631 
5 1772.380 
5 2042.387 
5 1548.000 
4 2740.024 
5 1799.716 
5 2039.014 
5 2187.376 
5 1950.742 
5 1939.578 
5 1982.607 
5 2045.518 
5 1666.456 
4 1594.593 
4 2793.798 
5 2807.602 
5 1846.651 
5 1125.708 
4 1942.328 
5 1827.835 
5 2266.276 
5 1662.435 
5 2383.047 
5 2220.598 
4 2103.912 
5 1612.887 
5 2406.544 
5 1807.361 
5 1991.260 
5 1486.702 
5 1553.189 
5 1603.544 
5 1666.389 
5 2325.828 
5 1995.742 
5 2076.548 
5 1312.944 
5 2512.175 
5 2044.043 
5 2686.630 
5 1805.447 
5 1935.335 
5 1867.327 
5 3031.300 
5 2059.555 
5 1908.528 
5 1680.213 
5 1746.925 
4 1955.386 
5 2003.688 
5 2129.221 
5 1765.981 
5 1702.811 
5 2288.779 
5 1819.396 
4 1534.056 
5 1754.615 
5 1686.344 
5 1774.439 
4 2056.370 
5 1828.407 
4 1502.073 
5 1906.827 
5 1460.253 
5 1999.600 
5 2178.322 
5 1671.227 
5 2133.629 
5 2225.602 
5 2552.940 
5 1765.920 
5 1637.178 
5 1851.514 
5 1846.615 
5 1388.129 
5 1374.427 
5 1686.162 
5 1974.723 
5 2250.073 
5 2061.777 
4 1702.989 
5 1957.884 
5 2421.032 
5 1613.775 
5 2386.566 
5 2053.457 
5 1567.730 
5 1552.601 
5 1769.067 
5 1760.191 
4 1653.328 
5 2212.198 
5 1920.905 
5 1807.765 
5 1648.746 
5 2285.390 
5 1847.922 
5 2414.315 
4 2074.483 
5 2171.009 
5 2143.789 
5 2297.877 
5 1795.824 
5 1906.381 
5 2144.894 
5 1356.426 
5 2000.262 
5 2119.458 
4 1604.311 
5 1668.109 
5 1926.532 
5 2258.437 
5 1930.176 
5 1818.967 
5 1653.433 
5 1812.073 
5 1523.671 
5 1926.250 
5 2193.954 
5 1362.779 
5 2195.384 
5 2463.578 
5 2282.816 
5 2078.613 
5 1715.064 
5 2082.701 
5 3156.909 
5 1536.910 
5 2430.208 
5 2092.478 
5 2181.333 
5 1799.408 
5 2203.908 
5 1778.610 
5 2055.294 
5 1719.961 
4 1983.212 
5 1960.880 
5 1959.379 
5 1598.164 
5 1191.618 
5 1849.281 
5 1424.903 
5 1971.712 
5 1874.330 
5 2381.073 
5 1988.758 
5 1755.683 
5 1930.733 
5 1402.234 
5 1779.050 
5 1871.557 
5 1743.812 
5 2350.945 
5 1186.175 
5 1705.510 
5 1634.386 
5 2630.961 
5 2885.627 
5 1501.431 
5 2199.563 
5 1702.754 
5 1663.739 
5 1621.704 
5 1780.989 
5 1609.851 
5 1739.799 
5 1494.460 
5 2026.363 
5 2578.752 
5 1207.933 
5 1689.501 
5 1679.531 
5 2032.739 
5 1998.307 
5 1775.856 
5 2333.842 
5 2131.695 
5 2319.922 
5 2198.312 
5 2061.731 
5 2285.110 
5 1675.694 
5 1758.002 
5 1656.495 
4 1529.509 
5 2103.924 
5 1568.599 
5 1811.801 
5 1719.471 
4 2125.819 
5 1334.347 
5 1936.804 
5 2219.581 
5 1197.458 
4 2261.890 
5 2305.826 
5 2343.396 
5 1883.309 
5 1808.240 
5 1820.838 
5 1748.838 
5 2027.426 
5 1947.047 
5 1857.196 
5 1869.169 
5 1801.104 
5 1533.774 
5 2237.803 
5 1501.742 
5 1848.910 
5 1682.929 
5 1713.679 
4 1520.222 
5 2860.765 
5 2030.388 
4 1074.797 
5 2202.915 
5 1407.007 
4 1870.742 
5 1885.661 
5 2202.089 
5 1871.118 
5 2168.041 
4 1584.397 
5 2102.436 
5 2164.516 
5 2314.935 
5 2025.617 
4 2772.626 
5 1852.101 
5 1236.232 
5 1953.059 
5 1598.291 
5 2034.068 
5 1788.120 
5 2100.695 
5 1773.491 
5 2328.107 
5 1667.116 
5 2298.284 
5 2120.001 
5 1736.746 
4 2406.420 
5 2576.889 
5 2297.161 
5 1594.851 
5 2294.367 
4 2712.453 
5 1877.733 
5 1843.126 
5 2161.417 
5 1960.181 
5 1751.418 
5 1938.302 
4 1622.140 
4 1697.520 
5 2060.782 
5 2016.097 
5 1631.959 
5 2600.522 
4 2020.100 
4 2077.758 
5 1726.917 
5 2174.378 
5 1905.745 
5 1966.828 
5 1844.175 
5 1940.165 
5 2670.948 
5 2199.867 
5 3005.942 
5 1395.155 
5 1461.134 
4 1930.654 
4 1930.065 
5 1915.807 
5 1903.895 
5 1548.196 
5 2334.729 
5 2134.598 
5 1597.575 
5 1942.201 
5 2336.266 
5 1630.415 
5 1474.554 
5 2385.917 
5 1996.981 
5 1799.453 
5 2057.526 
5 1757.086 
5 1798.796 
5 2916.385 
4 2665.641 
5 1840.615 
5 1700.564 
5 1718.007 
5 1600.817 
5 2155.267 
5 1901.107 
4 960.499 
5 1999.008 
5 1663.188 
4 2388.643 
5 2017.909 
5 2040.861 
5 2167.222 
5 2111.551 
5 1603.050 
5 1836.301 
5 1940.985 
5 2068.868 
5 1369.509 
5 1696.845 
5 2076.965 
5 2296.398 
5 1817.025 
5 979.589 
5 2381.364 
5 1908.865 
5 2067.127 
5 1445.725 
4 2019.330 
5 2386.493 
5 2636.924 
5 2042.167 
5 1812.947 
5 2109.120 
5 1468.750 
5 1856.209 
5 1742.159 
5 1501.539 
5 1971.627 
4 1763.083 
5 2157.286 
5 1922.169 
4 1436.413 
5 2217.161 
5 2015.368 
5 2443.574 
4 2026.013 
5 1617.019 
4 1929.190 
5 1762.486 
5 2301.745 
4 1980.987 
5 2103.430 
5 2351.734 
5 1869.979 
5 1669.718 
5 1896.908 
5 1707.294 
5 1782.384 
4 1947.634 
5 2181.642 
5 2060.252 
5 2189.102 
5 1524.356 
5 1748.020 
5 2216.477 
4 1936.441 
5 1595.412 
5 1830.274 
5 1788.126 
5 1693.123 
5 1722.422 
5 1704.102 
4 1494.760 
5 1061.704 
4 2132.716 
4 1964.166 
5 2091.437 
4 1422.222 
5 1139.502 
5 2766.692 
5 1889.829 
5 2076.582 
5 1749.572 
4 1658.322 
5 2203.893 
5 1658.223 
4 2226.601 
5 2068.520 
5 1843.728 
5 2410.795 
5 1631.358 
4 1587.958 
5 1408.719 
5 1834.206 
5 2191.650 
5 2346.663 
5 1500.180 
5 1734.957 
5 2320.154 
4 1483.611 
5 1494.703 
5 2217.759 
5 1721.619 
5 2477.547 
5 1669.254 
5 1255.812 
4 1912.967 
5 2125.568 
5 1825.561 
4 2170.135 
5 1728.884 
5 2081.967 
5 1853.634 
5 1867.301 
5 1866.630 
5 2617.599 
5 1892.147 
5 1838.654 
5 2077.158 
5 1655.931 
5 2692.322 
5 1721.324 
5 1949.855 
5 1647.437 
4 2051.774 
5 2056.081 
5 2412.698 
5 2455.900 
5 1635.108 
5 2165.027 
5 2385.114 
5 1411.133 
4 1773.117 
5 2492.329 
5 2533.854 
5 2098.969 
5 1382.151 
5 2001.333 
5 1644.254 
5 1870.558 
5 2034.408 
5 1968.160 
5 1738.119 
4 3524.779 
4 1744.036 
5 1768.807 
5 1692.797 
5 2526.279 
5 2500.840 
5 1558.436 
5 2685.404 
5 1540.088 
5 1858.919 
4 1922.133 
5 2157.772 
5 1161.658 
5 2310.183 
5 2050.685 
5 1812.881 
5 1814.500 
5 1592.218 
5 1234.096 
5 1960.724 
5 2190.481 
5 1703.640 
5 1226.490 
4 1329.272 
5 2010.907 
4 2300.611 
5 1778.883 
5 1483.273 
5 1454.045 
5 1888.921 
5 1422.100 
5 1864.730 
5 1364.072 
5 2527.116 
4 1928.279 
5 1876.364 
4 2290.086 
5 2402.232 
5 2261.074 
5 1676.699 
5 1995.501 
5 1804.383 
5 2062.093 
5 1181.823 
5 1729.782 
5 2495.600 
5 2646.095 
5 1730.490 
5 1754.951 
5 2688.021 
5 2021.310 
5 1782.104 
4 2317.310 
5 1966.583 
4 896.325 
5 2260.079 
5 2876.823 
5 1765.714 
5 1425.357 
5 1582.485 
5 1702.955 
5 1951.033 
5 1425.761 
5 2690.747 
5 1573.552 
5 1711.319 
5 1860.706 
5 1623.908 
5 2042.640 
5 1965.547 
5 2099.271 
5 2071.662 
5 2179.836 
5 1722.984 
5 1917.591 
5 1773.416 
5 1777.039 
5 2249.497 
5 2127.707 
5 2825.741 
5 2221.278 
5 1996.695 
5 1744.666 
5 1616.733 
5 1379.295 
5 1945.559 
5 1714.229 
5 2007.982 
5 1925.300 
4 1407.682 
5 2208.268 
5 1910.476 
5 1308.949 
5 1764.614 
5 1766.300 
5 2046.028 
5 2081.014 
5 1310.483 
4 1712.584 
4 1860.462 
5 1909.446 
5 1918.258 
5 1644.773 
5 1953.703 
5 1461.505 
5 1933.088 
5 2254.787 
5 2034.611 
5 1748.378 
5 1826.212 
5 1809.714 
5 1422.042 
5 2413.602 
5 1498.261 
5 1956.123 
5 1746.133 
5 1884.330 
5 1917.763 
5 1908.092 
5 2059.857 
5 1424.056 
5 1779.080 
5 1602.953 
4 2426.261 
5 1861.642 
5 2808.996 
5 2045.437 
5 1670.090 
5 1804.007 
4 1531.782 
5 1997.170 
4 1869.121 
5 2504.137 
5 2114.062 
5 2319.114 
5 1890.305 
5 2085.839 
5 1974.986 
5 2169.712 
4 1416.418 
5 2596.457 
5 1891.740 
5 2416.044 
5 2356.740 
4 1930.092 
5 2853.995 
5 1593.022 
5 1668.384 
5 1993.568 
4 1848.592 
5 1765.955 
5 1529.822 
5 2840.023 
5 1741.823 
5 1161.852 
5 1616.469 
5 1960.276 
5 1679.525 
5 1670.727 
5 2821.616 
5 2055.956 
5 1163.794 
5 1977.025 
5 1833.669 
5 1966.710 
5 1874.528 
5 1585.328 
5 1449.515 
5 1799.978 
5 1128.613 
4 2541.212 
5 1914.856 
5 2144.150 
5 1738.003 
5 1717.873 
5 1586.821 
5 2105.773 
5 1462.809 
5 1377.515 
5 1831.406 
5 1588.061 
5 1938.604 
5 1137.337 
5 1733.738 
5 1802.024 
5 1591.699 
5 2555.858 
5 1690.355 
5 2616.105 
5 2395.002 
5 1755.961 
5 1594.681 
5 1365.009 
5 2422.439 
5 2204.531 
5 2039.522 
5 2065.596 
5 1859.786 
5 1914.688 
5 1719.240 
4 1819.613 
5 1903.729 
5 1883.647 
4 1934.387 
5 1226.150 
4 1153.845 
5 1913.062 
5 1917.861 
4 1653.961 
5 1668.368 
5 1475.708 
5 1667.814 
4 1951.922 
5 1902.341 
4 2534.532 
5 2099.334 
5 2481.344 
5 1771.834 
5 1693.808 
4 1000.891 
5 1679.617 
5 2176.597 
5 2164.573 
4 2038.566 
5 1811.610 
5 2080.481 
5 2641.408 
5 1861.646 
5 2106.761 
5 1693.533 
5 2199.569 
5 2523.975 
5 1836.560 
5 1678.852 
5 1868.189 
5 1993.138 
5 2295.521 
5 1747.491 
5 1935.694 
5 1742.627 
5 2729.190 
5 2299.395 
5 2032.225 
5 2089.208 
5 2051.146 
5 1592.140 
5 2245.648 
5 1864.879 
5 2294.779 
5 2433.741 
5 1712.762 
5 2542.635 
5 2562.245 
5 1348.895 
5 1514.792 
5 2565.144 
5 1709.646 
5 1548.911 
5 1299.105 
5 2426.727 
5 1633.258 
5 1971.410 
5 2327.214 
5 2169.190 
5 2641.099 
5 2147.141 
5 1986.322 
5 2211.135 
5 2418.531 
4 2043.624 
5 1731.488 
5 2172.763 
4 2910.312 
5 1786.243 
5 1847.878 
5 1305.826 
5 1921.250 
5 1719.593 
5 1542.821 
5 1839.002 
5 1398.344 
5 2630.821 
5 1618.016 
5 1690.643 
5 1581.039 
4 1768.663 
5 2613.795 
4 2209.831 
5 1866.453 
4 2232.699 
5 1900.347 
5 1677.333 
5 1974.251 
5 2335.695 
5 1883.984 
4 1815.264 
5 1530.952 
5 1651.001 
5 1684.948 
5 2256.854 
5 1831.082 
5 1835.157 
5 1936.633 
5 1891.496 
5 2013.742 
5 1923.052 
5 1747.193 
4 2227.490 
5 1945.405 
5 1058.028 
4 1748.766 
5 1868.125 
5 2054.649 
5 2174.424 
5 2175.787 
5 2124.552 
4 2742.495 
5 1987.542 
4 1756.429 
5 2191.879 
5 2381.423 
5 1810.920 
5 1891.918 
5 1902.317 
5 1760.536 
4 1539.046 
5 1683.803 
5 1990.841 
5 2100.400 
5 1934.171 
5 1238.784 
5 2487.668 
5 1642.236 
5 2002.338 
4 1990.995 
5 2512.151 
5 2092.136 
5 1699.104 
5 2141.764 
5 1925.045 
4 1722.094 
5 1552.248 
5 2082.785 
5 1464.652 
4 1730.054 
5 1728.030 
4 1724.254 
4 2007.313 
5 1648.201 
5 1888.081 
5 1857.123 
5 1623.117 
5 1661.696 
5 2001.150 
5 1834.912 
5 2055.757 
5 1486.555 
5 1520.741 
5 2138.128 
5 2341.527 
5 1880.738 
5 1235.193 
5 2294.904 
4 1693.141 
5 1764.793 
5 1607.847 
5 2244.227 
5 1574.458 
5 2214.593 
5 1733.839 
4 1769.897 
4 2218.840 
5 2341.383 
5 1749.961 
5 1709.695 
5 1722.271 
5 2053.061 
5 1545.388 
4 2009.050 
5 1861.404 
4 1726.815 
5 1734.376 
5 2232.140 
5 1611.067 
5 1850.281 
5 2557.906 
5 2059.338 
5 2122.551 
5 2326.079 
4 1850.545 
5 1884.806 
5 2281.625 
5 1798.944 
5 2234.367 
5 2096.970 
5 3000.129 
5 1984.063 
5 2020.317 
5 1904.444 
5 2243.294 
5 2403.265 
5 1286.107 
4 1356.957 
5 2455.522 
4 1616.370 
4 1551.712 
4 1719.846 
5 2186.537 
5 2223.441 
5 1694.419 
5 1581.794 
5 1566.468 
5 2468.155 
5 2708.370 
4 1853.521 
5 2020.597 
5 2028.023 
5 2223.313 
5 1761.126 
5 1768.418 
4 1870.851 
5 1771.447 
5 1796.929 
5 1714.687 
5 2125.614 
5 1834.216 
4 2458.370 
5 2359.484 
5 2241.141 
5 2420.787 
5 2728.030 
5 1802.792 
5 2240.180 
5 2059.365 
5 3489.685 
5 1718.431 
4 1893.568 
5 1782.778 
5 1774.411 
5 3297.735 
5 2053.702 
5 1683.967 
5 2012.803 
5 2750.038 
5 2232.098 
5 2040.675 
5 2261.143 
5 1828.465 
5 2324.895 
5 1479.123 
5 2010.348 
5 2573.219 
4 1734.860 
5 1797.897 
5 2239.620 
5 1610.457 
5 3402.379 
4 1538.068 
5 1867.654 
5 2116.949 
4 2018.167 
4 1836.250 
4 1884.849 
5 1484.975 
5 1491.608 
4 1798.141 
5 2450.098 
5 1713.536 
5 1653.509 
5 1746.292 
5 1662.163 
5 1512.612 
4 1829.242 
5 2159.104 
5 1188.397 
4 1386.216 
5 1505.596 
5 1555.057 
5 1782.330 
5 1954.442 
5 1649.513 
5 1818.110 
5 1586.151 
4 1718.008 
5 2043.314 
5 1675.071 
5 1926.646 
5 2059.305 
5 1799.542 
5 1766.159 
5 1487.747 
5 1687.212 
4 1419.394 
5 2017.949 
5 2023.795 
5 2587.813 
5 2062.272 
5 2287.201 
5 1921.312 
5 2020.071 
5 1473.704 
5 1942.170 
5 1418.063 
4 1954.150 
5 2266.054 
4 1992.434 
5 1843.221 
5 1748.234 
5 2370.555 
4 2017.557 
5 1533.151 
5 2399.959 
5 1611.562 
5 1967.151 
5 1866.874 
5 2311.817 
5 1857.744 
5 1323.485 
5 2524.028 
5 2024.028 
5 2003.421 
5 2072.339 
5 1780.961 
5 1646.555 
