5 2353.264 
5 2060.838 
5 2394.340 
5 1816.583 
5 2371.003 
5 3101.039 
5 2686.465 
5 1799.602 
5 1845.174 
5 1748.851 
4 2954.933 
5 2261.756 
5 2089.511 
5 2950.216 
5 1949.420 
5 1436.426 
5 2014.737 
5 2477.462 
5 2374.024 
5 2053.910 
5 1478.719 
5 3242.562 
5 2507.715 
5 2280.538 
5 2012.579 
5 2074.324 
5 1730.676 
5 2575.635 
5 2552.309 
5 1886.289 
5 1913.380 
5 2406.547 
5 1593.995 
5 2000.560 
5 1840.109 
5 1937.213 
5 1927.841 
5 1878.489 
5 2212.815 
5 2571.722 
4 1943.392 
5 2265.072 
5 2173.440 
5 2384.074 
5 2127.188 
5 1735.534 
5 2014.368 
5 2162.015 
5 2295.222 
5 2297.910 
5 2481.098 
5 2428.120 
5 2055.660 
4 1754.816 
5 2080.096 
5 2417.124 
4 1570.674 
5 1946.737 
5 2631.766 
4 2674.566 
5 1950.253 
5 2204.335 
5 2143.278 
5 1815.941 
5 2074.480 
5 1849.694 
5 2118.507 
5 2297.267 
5 1821.352 
5 2705.896 
5 2064.160 
4 1881.965 
5 1526.034 
5 2026.174 
4 2271.718 
4 2135.990 
5 2143.604 
5 2023.334 
5 2053.661 
5 2056.018 
5 1872.557 
5 2073.846 
5 1692.448 
5 1996.168 
5 2141.383 
5 2139.987 
4 1487.862 
5 2244.378 
5 2042.382 
5 1487.903 
5 2324.046 
5 1971.193 
4 1917.550 
5 1860.850 
5 2072.039 
4 1951.172 
4 1605.237 
5 1846.047 
5 2172.107 
5 2081.169 
5 1800.911 
5 2459.839 
5 2833.571 
4 1544.393 
5 2336.907 
5 2328.931 
5 1838.650 
5 2597.800 
5 1609.293 
5 2607.484 
5 2522.708 
5 1899.747 
5 2122.950 
5 2354.533 
5 1938.346 
5 1854.596 
5 2168.627 
5 2271.637 
5 1932.454 
5 1769.084 
5 2143.339 
5 1811.353 
5 2000.734 
5 2131.473 
5 1881.115 
5 2353.663 
5 2329.646 
5 2114.655 
5 2085.335 
5 2565.381 
5 2458.781 
5 2221.864 
5 1974.328 
5 2199.337 
5 1872.336 
5 2143.962 
5 1989.517 
5 1611.811 
4 2947.192 
4 2133.197 
5 2454.414 
5 1957.739 
5 1900.246 
5 1612.002 
4 2349.441 
5 1803.769 
4 2349.279 
5 2285.798 
5 2447.525 
5 1982.138 
5 2128.698 
5 1364.640 
4 1889.420 
5 2011.009 
5 1835.088 
5 1936.451 
5 2148.163 
4 2325.941 
5 2010.295 
5 1987.802 
5 1894.508 
5 1320.696 
5 2187.869 
4 1786.812 
5 1992.048 
5 1733.507 
5 1988.222 
5 1659.683 
5 2196.472 
5 2057.036 
5 2175.095 
5 2392.749 
5 2075.835 
5 1838.779 
5 2009.383 
5 2068.979 
5 2426.195 
5 1822.544 
5 2609.460 
5 1782.778 
5 1901.329 
5 1957.820 
5 1857.636 
5 1631.054 
4 2843.822 
4 2640.596 
5 2277.006 
5 1671.799 
5 2385.244 
5 2273.771 
5 2258.946 
5 2385.152 
5 1444.350 
5 2006.372 
5 1887.735 
5 1625.566 
5 1765.338 
5 2418.760 
5 2166.053 
5 2301.528 
5 2280.833 
5 1900.173 
4 1836.221 
5 2421.060 
5 1855.226 
5 2464.153 
5 2403.520 
5 1461.720 
5 2547.132 
5 2044.016 
5 2276.431 
5 2442.591 
5 1885.654 
5 2073.609 
5 1696.818 
5 1837.211 
5 1834.391 
5 2109.095 
5 1944.627 
5 2162.983 
5 2086.524 
5 1981.006 
4 1616.917 
5 1933.002 
5 1977.230 
5 2362.282 
5 2335.953 
5 1885.903 
5 2018.565 
5 1753.257 
5 1899.491 
5 1859.300 
5 1592.988 
5 2435.964 
5 2176.740 
5 2156.458 
5 2422.007 
5 1820.875 
5 2307.144 
5 1613.484 
5 1787.630 
5 2384.539 
4 2388.217 
5 1996.423 
5 1988.999 
5 1565.200 
5 1872.216 
5 2073.616 
5 1847.041 
5 1820.373 
5 2033.831 
5 2111.482 
5 1926.629 
4 2034.597 
4 2108.991 
5 2463.698 
5 1570.993 
5 2157.265 
5 1900.069 
5 1457.350 
5 1970.120 
5 1828.431 
5 1846.503 
5 2427.979 
4 2100.754 
5 1466.063 
5 2055.664 
5 1985.981 
5 1884.239 
5 2342.107 
4 2164.508 
5 1926.633 
5 2182.590 
5 2014.761 
5 1797.838 
5 2073.324 
5 2072.688 
5 2084.595 
5 1569.878 
5 2222.774 
5 2796.783 
5 2007.330 
5 1428.053 
5 1829.363 
5 2629.000 
5 1866.317 
5 1895.842 
5 2601.118 
5 1673.545 
5 2477.235 
5 2341.413 
5 2244.057 
5 2570.924 
5 1831.494 
5 1885.530 
5 2265.426 
5 2231.231 
5 1821.202 
5 2462.780 
5 1436.837 
5 1711.518 
5 2360.405 
5 2002.050 
5 1938.507 
5 1618.672 
5 1754.853 
5 2168.366 
4 1991.957 
5 2630.501 
5 1852.586 
4 2008.354 
5 1900.598 
5 2804.065 
5 2290.399 
5 2755.968 
5 1913.891 
5 2292.625 
5 1585.717 
5 1521.422 
5 1956.137 
5 1280.792 
5 1979.072 
5 2272.702 
5 2253.655 
4 2162.075 
5 2249.075 
5 2337.529 
5 2298.840 
5 2492.409 
5 1979.260 
5 2296.116 
5 1930.068 
4 2096.806 
5 2270.072 
5 2262.979 
5 1672.267 
5 1909.297 
5 2006.893 
5 1944.665 
5 1809.519 
5 2166.950 
5 2231.904 
5 1725.890 
5 2045.803 
5 2132.218 
5 2530.570 
4 2000.289 
5 1960.901 
5 2415.209 
5 2031.028 
5 2327.920 
4 2555.983 
5 2440.473 
5 1869.017 
5 2224.472 
5 1948.797 
5 1851.402 
4 2343.776 
5 1662.877 
5 2177.920 
5 2608.125 
5 1997.395 
4 1817.705 
5 2603.429 
5 1754.280 
5 2169.650 
5 1997.373 
5 1804.525 
5 2226.882 
4 2420.250 
5 2110.195 
5 1664.399 
5 2322.604 
5 1705.219 
5 2255.104 
5 1818.788 
5 1964.801 
5 1985.779 
5 2095.376 
5 1957.177 
5 2006.862 
5 2122.184 
5 2175.052 
5 2301.989 
5 2425.938 
5 1615.982 
5 2291.387 
5 2060.983 
5 2646.312 
5 2157.310 
5 2590.605 
5 2002.401 
5 1365.304 
4 1640.722 
5 1999.848 
5 2802.619 
5 2395.406 
4 2282.258 
5 2031.949 
5 1921.728 
5 1960.348 
5 1630.690 
5 1645.710 
5 1770.118 
4 2372.885 
4 1638.814 
5 2133.073 
5 2676.805 
5 2098.563 
5 1817.188 
5 1615.200 
4 2035.875 
5 2305.840 
5 1681.288 
4 2848.226 
5 2222.334 
5 1978.085 
5 1973.843 
5 2005.484 
5 2102.344 
5 2590.129 
4 1875.959 
5 2076.168 
4 1924.509 
5 1932.004 
5 2081.837 
5 2372.864 
5 1799.723 
5 2073.026 
5 2107.334 
4 1721.969 
5 1884.111 
5 1919.131 
5 2034.965 
5 1748.071 
4 2468.583 
4 2127.941 
5 1320.592 
5 1630.878 
5 2326.351 
5 2244.145 
4 2142.227 
5 2250.322 
4 2140.474 
5 1744.457 
4 2061.790 
5 1866.509 
5 2126.795 
5 2498.532 
5 2030.938 
5 2388.018 
4 2104.672 
5 2048.054 
5 1772.600 
5 1848.659 
5 2104.972 
5 2394.025 
5 1856.783 
5 2132.234 
5 1833.379 
5 3117.645 
5 2315.581 
5 2090.261 
5 2391.947 
5 2120.466 
5 2044.713 
5 1739.181 
5 2272.661 
5 1684.062 
5 1901.552 
5 1702.776 
5 1742.664 
5 2265.526 
5 1963.002 
5 2329.763 
5 2550.108 
5 1997.488 
5 1981.432 
5 2269.558 
5 2004.974 
5 2454.155 
5 2531.591 
5 2309.937 
5 1884.356 
5 2524.585 
5 1612.355 
4 2331.140 
5 2423.911 
5 2457.428 
5 1800.663 
5 2281.491 
5 1502.853 
4 2712.476 
5 2163.287 
5 1566.791 
5 1792.361 
5 1955.650 
4 2195.625 
4 2015.765 
5 2380.760 
5 2272.809 
5 1848.105 
5 2004.495 
5 2130.065 
5 1684.144 
5 2091.140 
5 2245.523 
5 1844.912 
5 1994.175 
5 1956.980 
4 1729.635 
5 2026.538 
5 1916.873 
5 1829.181 
5 2071.978 
5 2232.391 
5 2261.959 
5 2130.988 
5 1827.451 
5 2785.430 
5 2197.739 
5 2596.451 
5 1735.583 
5 2256.691 
5 1608.527 
4 1703.728 
5 2410.010 
5 2155.660 
5 1933.949 
5 2871.955 
5 1966.046 
5 1696.094 
4 2202.648 
4 2157.663 
5 1744.444 
5 1757.527 
4 2261.832 
4 2199.294 
5 1610.561 
4 2133.723 
5 1557.196 
5 1717.744 
5 1790.073 
5 1870.465 
5 2374.898 
4 1983.231 
5 1772.110 
5 2176.312 
5 2694.231 
5 1840.741 
4 2504.581 
5 1474.877 
5 2583.860 
5 2237.882 
5 2093.650 
5 1921.746 
5 2189.409 
4 1965.187 
5 2069.167 
5 1912.474 
5 1888.270 
5 2311.810 
5 2124.204 
5 1843.957 
5 1874.871 
5 3448.398 
5 1839.792 
5 2360.110 
5 2209.779 
5 2082.517 
5 2239.387 
4 2201.129 
5 2705.471 
5 1684.274 
5 2127.210 
4 2091.303 
5 1830.927 
5 1915.272 
5 1374.413 
5 1706.905 
5 2111.883 
5 2571.299 
5 2363.754 
5 2224.872 
4 2668.229 
5 1826.635 
5 2446.419 
5 2229.055 
5 1925.931 
5 2498.065 
5 1947.759 
5 1690.849 
4 1984.199 
4 1366.037 
5 2243.054 
5 1808.211 
5 2168.679 
4 1488.217 
5 2021.068 
5 2706.670 
5 1813.003 
5 2107.020 
5 2189.270 
5 2391.604 
5 1642.417 
4 2199.932 
5 1903.546 
5 2000.123 
5 1786.653 
5 2209.550 
5 1972.076 
5 1891.521 
5 1963.905 
5 1798.204 
5 2564.923 
5 2234.214 
5 2483.803 
5 2012.875 
5 2124.001 
5 2209.767 
5 2344.101 
5 2247.849 
4 2413.190 
5 1773.310 
5 2547.574 
5 2232.282 
5 1968.240 
5 2103.915 
5 2413.425 
4 1989.864 
5 1853.038 
5 1837.632 
5 2096.441 
5 2369.280 
4 2353.764 
5 1774.856 
5 2878.922 
4 2564.042 
4 2257.448 
5 2298.060 
5 2269.487 
5 2865.908 
5 1823.034 
5 1597.993 
5 2410.351 
5 2926.131 
5 2077.481 
5 2199.449 
5 1758.731 
5 2402.725 
5 2448.794 
4 2148.052 
5 2300.354 
5 3091.799 
4 2250.830 
5 1899.282 
4 1499.696 
5 2090.791 
5 2270.325 
5 1993.553 
5 1419.849 
5 1936.118 
5 2389.722 
5 1296.903 
4 1726.061 
5 2110.377 
5 1992.769 
5 1811.439 
5 2532.404 
5 2601.565 
5 1678.033 
5 2942.243 
5 1614.918 
5 2319.901 
4 1758.638 
5 2316.558 
4 2072.664 
5 1757.610 
5 2282.043 
5 1992.630 
5 2763.585 
5 2184.559 
5 2750.967 
5 2049.692 
5 2189.221 
5 1833.869 
5 2369.992 
5 1799.567 
5 2400.488 
5 1940.841 
5 1887.692 
5 2525.223 
5 2237.813 
5 2449.373 
5 2221.570 
5 2120.838 
5 1502.695 
5 2026.436 
5 1802.708 
5 1873.215 
4 1987.611 
5 2054.884 
5 2999.564 
5 2175.625 
5 1654.021 
5 1558.557 
5 1776.273 
5 2154.750 
5 1730.748 
5 2004.739 
5 2338.877 
5 1833.603 
5 2317.507 
5 1738.851 
5 2328.384 
5 2547.066 
4 1785.726 
5 3102.479 
5 2316.307 
5 2682.183 
5 2139.740 
5 3612.371 
5 2354.338 
5 1961.518 
5 2137.810 
4 2060.499 
4 2098.305 
5 1915.257 
5 2195.898 
4 2333.829 
5 1922.729 
5 1938.842 
5 1929.175 
5 1598.130 
5 2443.058 
5 2222.206 
5 2220.397 
5 2569.646 
5 2523.072 
5 1950.843 
4 1813.152 
5 2032.185 
5 1696.305 
5 2208.917 
5 2109.532 
5 1856.162 
5 2153.287 
5 2229.235 
5 2157.852 
5 2162.882 
5 2208.101 
5 1491.384 
5 2097.166 
5 1921.168 
4 1829.698 
4 1599.659 
5 1849.682 
5 1971.621 
4 2283.559 
4 1876.295 
5 2589.318 
5 2251.348 
4 1789.181 
5 2866.718 
5 2308.859 
5 1868.543 
4 1987.016 
5 2733.766 
5 1984.041 
5 1654.660 
5 2334.000 
5 1489.778 
5 2091.888 
5 2238.005 
5 2059.009 
4 1365.805 
5 1532.080 
5 3116.016 
4 1859.644 
5 2252.868 
5 1980.733 
4 1954.469 
5 2173.995 
5 1855.854 
5 2109.794 
5 2135.105 
5 1996.583 
5 2852.999 
4 1496.600 
4 2094.605 
5 1831.819 
5 1887.609 
5 1843.781 
5 2394.731 
5 2134.116 
5 2509.486 
5 2458.483 
5 1822.602 
4 1783.489 
5 2290.899 
5 2180.310 
5 1425.847 
5 2940.486 
4 2216.270 
5 1816.911 
4 2234.153 
5 2185.656 
5 2156.461 
5 2434.646 
5 1642.040 
5 2223.310 
5 2116.510 
5 2549.969 
5 2182.776 
5 2387.368 
5 2270.930 
5 1861.681 
5 1522.797 
5 1888.291 
5 1870.215 
5 2306.479 
5 1849.597 
5 2638.736 
5 2069.390 
5 1446.189 
5 1647.150 
5 1795.658 
5 2521.173 
5 2557.309 
5 2336.705 
5 1815.086 
5 2479.353 
5 2281.214 
5 1598.984 
5 2522.806 
5 1757.994 
5 3186.007 
5 1896.155 
5 2036.552 
5 2606.816 
5 2126.228 
5 2249.153 
5 1954.010 
5 2033.512 
4 2462.428 
5 2259.527 
5 2026.770 
5 1713.568 
5 2051.267 
5 1888.214 
5 2513.470 
4 2781.331 
4 1857.738 
5 1973.909 
5 2030.669 
5 2668.974 
5 2473.521 
4 1850.138 
5 2240.802 
5 1911.212 
5 2243.113 
5 2254.658 
5 2197.298 
5 1897.004 
5 2047.037 
5 2478.586 
5 1610.824 
4 1096.738 
5 2319.928 
5 1604.151 
5 1656.340 
5 2147.743 
5 2522.139 
5 1287.907 
5 2131.949 
5 2687.748 
5 1763.125 
4 2098.704 
5 2408.340 
5 2221.670 
4 1796.115 
5 1652.667 
5 1401.073 
5 1960.094 
5 2047.049 
5 1928.552 
5 2109.454 
5 1906.702 
4 1841.827 
5 1872.092 
5 1932.511 
5 2407.423 
5 2221.326 
5 1511.794 
5 1879.851 
5 2189.691 
5 2148.995 
5 2031.159 
4 1901.375 
5 1800.097 
5 2374.738 
5 2627.646 
4 2229.828 
5 2058.731 
5 1891.892 
5 1451.608 
5 1998.281 
5 2010.823 
5 2363.460 
5 1807.765 
5 1660.921 
5 2211.099 
5 2140.349 
5 1473.419 
5 2321.620 
5 1954.052 
5 2118.847 
5 1699.033 
5 1795.593 
5 2016.616 
5 2378.776 
5 1595.510 
5 1360.904 
5 2096.089 
5 1803.248 
5 2122.697 
5 1974.980 
5 1946.516 
5 2479.208 
4 2065.112 
5 2262.028 
5 1965.255 
5 1856.703 
5 2469.524 
5 2014.088 
5 2009.146 
5 2362.065 
5 2027.363 
5 2408.403 
5 1873.422 
5 1767.506 
5 2026.025 
5 1676.096 
5 2264.557 
5 2142.560 
5 2274.419 
5 2311.386 
5 1896.815 
4 2031.308 
5 1992.512 
5 1877.538 
4 2885.221 
5 1897.931 
5 2573.620 
5 2007.695 
5 2646.446 
5 2152.812 
5 2317.604 
5 1417.521 
5 2078.578 
5 2213.040 
5 1980.373 
5 2536.594 
5 2658.882 
5 1762.263 
5 2308.585 
5 2234.768 
4 1618.621 
5 2272.102 
5 1544.261 
5 2050.471 
5 2785.044 
5 1966.523 
4 2126.447 
5 1868.898 
5 1779.998 
5 1466.175 
5 1584.465 
5 2152.654 
5 2323.894 
5 2845.517 
5 2225.607 
5 2202.039 
4 2103.877 
5 1974.711 
4 1841.339 
5 1974.193 
5 2345.276 
5 1696.598 
5 1793.216 
5 1595.362 
5 2214.517 
5 1889.224 
5 2454.236 
5 1997.235 
5 1857.574 
5 2099.123 
5 2187.159 
5 1953.000 
5 2207.368 
5 2063.342 
5 2263.870 
5 2202.587 
5 2092.076 
5 2382.593 
5 2523.886 
5 1878.085 
5 1248.547 
5 2169.033 
5 1977.164 
5 1966.281 
5 1935.528 
5 2218.443 
5 1718.921 
5 2071.437 
5 1917.778 
5 1973.316 
5 2080.673 
4 2275.035 
5 2075.291 
5 2202.942 
5 2009.737 
5 2264.319 
5 1274.507 
5 1824.107 
5 1625.604 
5 1613.408 
5 2366.373 
5 2220.170 
5 1873.267 
5 2080.197 
5 2216.003 
5 1936.334 
5 2513.066 
5 1919.859 
5 1912.897 
5 1937.755 
5 1796.029 
5 2290.725 
5 1904.288 
5 2622.400 
5 2529.300 
4 2103.563 
5 1994.496 
5 1827.280 
4 1859.976 
5 2792.598 
5 1827.540 
5 1926.596 
5 2128.883 
5 2311.916 
4 2270.643 
5 2063.403 
5 2397.276 
5 2953.065 
5 2091.643 
5 1460.341 
4 2049.848 
5 1496.323 
5 2283.840 
5 1750.419 
5 1997.785 
5 1812.092 
5 1836.105 
4 1990.139 
5 2038.744 
5 1740.893 
5 1881.447 
5 2009.634 
5 1307.385 
5 2106.373 
5 1831.703 
5 1882.060 
4 1697.207 
5 3008.368 
5 2055.433 
5 1875.049 
5 2389.054 
5 2112.081 
5 2624.548 
5 1546.693 
5 2414.780 
5 2304.764 
5 2619.610 
5 2229.939 
4 2069.710 
5 1878.913 
5 2021.496 
5 2189.525 
5 1810.929 
5 2133.160 
5 1870.073 
4 2604.070 
5 2989.837 
5 1896.163 
5 2824.494 
5 2096.967 
5 1782.233 
5 2203.376 
5 1938.639 
5 2559.053 
5 2031.711 
5 1814.577 
5 2233.430 
5 1749.885 
5 1187.540 
5 1891.927 
5 1943.762 
5 2042.554 
5 2300.707 
4 1888.268 
5 2135.699 
5 2229.690 
4 1976.720 
5 1975.147 
5 1634.033 
4 2465.231 
5 2458.156 
5 1666.216 
5 1352.785 
5 1470.169 
5 2027.429 
5 2545.461 
5 2411.679 
5 2201.664 
5 2221.646 
4 1832.556 
5 1420.746 
5 2959.240 
5 2015.036 
5 2245.925 
5 1868.431 
5 2000.570 
5 2257.449 
5 2469.983 
5 3181.466 
4 1941.224 
5 2166.692 
5 2047.903 
5 1889.858 
5 1945.253 
5 2088.162 
5 2691.529 
5 1771.775 
5 2009.746 
4 2806.100 
5 2634.017 
5 1497.153 
4 1791.277 
5 2606.249 
5 1700.356 
5 1888.338 
5 1896.131 
5 1632.949 
5 2612.091 
5 1880.814 
5 1795.951 
5 2182.545 
5 1920.447 
5 1975.877 
5 1877.955 
5 1920.292 
5 2782.231 
5 2755.318 
5 2212.945 
5 2128.231 
5 2453.893 
5 2192.354 
5 1954.451 
5 1788.141 
5 1783.418 
5 1257.913 
5 1620.884 
5 2130.211 
5 2109.613 
5 2107.337 
5 1885.162 
5 1672.850 
4 1955.954 
5 2117.766 
4 1647.910 
5 1637.935 
5 2319.095 
5 2916.605 
5 2167.348 
5 1908.306 
4 1335.417 
5 2616.057 
5 1520.710 
5 2679.595 
5 2753.155 
5 1869.805 
5 2694.577 
5 2248.869 
4 2294.755 
5 1656.308 
5 2952.854 
5 2478.561 
5 1963.741 
5 1701.001 
5 2623.485 
5 1912.829 
5 2368.066 
5 2882.694 
5 2352.347 
5 1900.724 
5 2309.063 
5 1977.271 
5 2323.129 
5 2164.289 
5 1858.980 
5 1599.473 
5 1735.515 
4 1120.498 
5 1011.801 
5 2224.103 
5 1649.004 
5 1900.698 
5 1736.671 
5 2054.328 
5 1635.166 
5 2033.006 
5 2300.434 
5 1844.859 
4 1601.573 
5 1996.335 
4 2125.138 
5 2236.474 
5 1568.973 
5 1920.460 
5 1973.009 
5 2354.355 
5 2940.038 
4 2244.832 
4 1736.862 
5 2048.035 
5 1771.045 
5 1732.025 
5 2350.069 
4 2031.517 
4 2353.494 
5 2518.263 
4 1544.747 
5 2045.897 
5 1685.023 
5 2285.920 
5 1996.420 
5 2642.260 
4 2324.362 
5 2780.079 
5 1890.722 
5 1970.395 
5 1966.147 
5 2289.893 
5 2643.216 
5 2742.436 
5 1623.094 
5 2035.459 
5 2114.405 
5 1975.500 
5 1664.800 
5 2341.135 
4 2015.562 
5 2228.955 
5 2198.597 
5 2204.941 
5 1729.628 
5 1974.968 
5 2499.602 
5 2328.784 
5 1879.160 
5 2354.748 
4 1599.754 
5 2102.149 
4 2092.188 
5 1924.775 
5 1879.255 
5 1759.049 
5 1976.623 
5 2085.270 
5 2683.719 
5 1976.464 
5 2525.351 
5 3084.878 
5 1294.806 
5 2256.961 
5 1998.694 
5 1992.292 
4 2341.446 
5 2117.353 
5 2352.901 
5 2234.659 
5 2208.664 
5 2112.435 
4 2091.844 
5 1605.835 
4 2231.176 
5 1822.371 
5 2055.265 
5 2030.943 
5 2042.376 
5 1953.954 
5 2309.779 
5 1728.285 
4 2426.489 
5 2057.665 
5 1374.554 
5 1972.786 
5 2327.310 
5 2049.112 
5 2950.339 
5 2077.445 
5 2078.538 
5 2203.444 
5 1299.336 
5 1658.723 
5 2096.230 
4 2076.551 
5 3633.854 
5 2346.971 
5 1949.004 
5 1762.083 
5 2280.719 
5 2155.411 
5 2033.519 
5 2570.694 
5 2109.065 
5 2485.213 
5 1648.092 
5 1587.646 
5 2914.019 
5 2338.544 
5 2208.054 
5 1616.300 
5 1672.545 
4 1766.866 
5 2025.200 
5 2204.144 
5 2233.754 
5 2116.064 
5 1863.058 
5 2338.777 
5 1852.030 
5 2385.259 
5 1800.134 
5 2289.008 
4 2888.164 
4 1985.317 
5 2112.390 
5 2489.787 
5 2487.415 
5 2997.138 
5 1703.390 
4 2524.875 
5 2341.352 
5 1837.580 
5 2024.834 
5 2273.742 
5 1811.696 
5 2347.244 
5 1766.689 
5 2246.394 
5 1701.897 
5 3119.757 
5 1980.709 
5 1581.923 
4 1900.101 
5 1590.676 
5 1777.724 
4 1856.132 
5 2105.263 
5 2191.918 
5 2222.735 
5 2004.578 
5 2027.994 
5 2174.658 
5 1950.006 
5 1932.640 
5 1565.335 
5 1808.191 
5 2936.541 
4 2066.365 
5 2128.431 
4 1738.565 
5 1809.090 
5 2010.779 
5 2851.724 
5 1686.637 
5 1672.967 
4 1822.657 
4 2595.930 
5 2632.166 
5 2359.803 
5 1704.228 
4 2003.147 
5 1569.628 
5 2558.584 
5 2108.975 
5 2013.001 
5 2838.045 
5 1537.947 
4 1896.091 
5 1758.145 
5 2461.314 
4 1852.828 
5 2185.407 
4 1661.369 
5 1958.304 
4 2069.461 
5 1744.668 
5 2468.713 
5 2126.939 
5 2032.844 
4 1660.042 
5 2212.839 
5 1965.969 
5 2095.783 
5 2840.799 
5 1941.789 
5 2154.878 
5 1990.800 
5 2093.554 
5 1958.198 
5 2279.955 
5 2403.090 
5 1958.533 
5 1622.037 
5 2734.404 
4 1871.904 
5 1718.778 
5 1961.095 
5 2517.574 
5 2305.637 
4 2227.081 
4 2320.048 
5 2458.913 
5 2264.026 
5 1408.135 
5 1710.485 
5 2229.117 
4 1869.401 
5 2334.148 
4 2509.030 
5 1803.990 
5 1820.609 
5 2131.140 
5 2193.793 
4 1405.205 
5 2350.849 
5 2157.584 
5 1949.858 
5 1830.789 
5 1954.216 
5 1817.492 
4 1665.899 
5 2469.555 
5 2067.063 
4 1962.178 
5 1923.467 
4 2006.731 
5 1980.196 
5 3170.137 
4 2156.146 
5 1771.206 
5 2461.430 
5 2109.947 
5 2272.938 
5 2709.988 
5 1671.760 
5 1749.323 
5 2041.603 
5 1472.842 
5 3083.757 
5 1729.372 
5 2061.735 
5 2033.496 
5 2649.175 
5 1761.039 
5 1731.192 
5 1454.917 
5 1960.813 
5 1672.286 
5 1941.454 
4 2292.846 
4 1381.529 
4 2573.968 
5 1713.430 
5 2531.210 
5 2716.695 
5 1824.729 
4 1903.356 
5 2563.104 
5 2211.226 
5 1966.849 
5 1910.861 
5 1885.803 
5 2130.032 
5 2412.127 
5 1987.650 
5 2319.406 
5 2208.732 
4 1721.585 
5 1642.238 
5 2254.712 
5 1956.023 
5 2425.155 
5 1454.053 
5 2408.594 
5 2531.195 
4 1781.883 
5 2049.351 
5 2362.211 
5 1754.523 
5 3238.249 
5 3058.313 
5 2590.174 
5 2259.485 
5 1879.453 
4 2065.665 
5 1958.544 
5 2618.802 
5 1824.469 
5 1784.449 
5 1791.027 
5 2001.471 
4 2601.121 
5 2107.829 
5 1705.450 
5 2492.544 
5 1995.481 
5 1330.327 
5 2062.972 
4 2276.434 
5 1834.382 
5 1427.908 
5 1902.862 
5 2504.244 
4 2343.088 
5 2032.837 
5 1849.068 
5 2211.363 
5 1576.952 
4 1709.202 
5 1755.391 
5 1598.100 
5 1973.660 
4 2155.052 
5 1836.505 
5 1944.590 
5 2239.779 
5 2053.054 
5 1727.616 
5 2122.959 
4 2190.441 
5 2295.765 
5 1892.523 
5 1761.319 
5 1930.987 
5 2034.646 
4 2051.670 
5 2362.400 
4 1282.561 
5 2216.873 
5 2239.500 
5 2130.031 
4 1873.231 
4 3000.464 
5 2242.935 
5 2342.582 
5 2319.812 
5 1700.290 
5 1865.912 
5 2757.802 
5 2086.778 
5 2220.123 
5 2118.758 
5 2337.838 
5 1922.801 
5 2162.940 
5 2028.368 
5 2413.228 
5 1815.002 
5 1859.698 
5 2361.325 
5 2404.576 
4 2127.581 
5 2485.462 
5 2327.988 
5 2280.447 
5 2122.734 
5 2427.333 
5 1960.534 
4 1581.458 
5 2374.345 
5 2223.057 
5 2141.600 
5 2274.278 
4 2405.387 
5 2647.976 
5 2909.119 
5 1809.003 
4 2282.881 
5 2563.811 
5 2212.226 
5 2542.118 
5 1852.022 
5 1977.113 
5 2078.839 
4 1609.116 
5 1356.199 
5 2352.932 
5 2196.825 
5 3337.286 
4 2107.765 
5 3172.210 
5 1988.463 
5 3661.431 
5 3024.001 
5 1797.719 
5 2010.009 
5 3064.519 
5 2435.409 
5 1646.261 
5 2184.161 
5 1956.402 
4 1980.111 
5 2011.759 
4 2331.908 
5 2271.809 
5 2107.150 
5 2043.516 
5 2122.977 
4 2315.164 
5 2068.052 
5 2015.734 
5 2223.235 
5 1827.306 
5 1802.732 
5 2439.634 
5 2454.758 
5 2464.196 
5 2327.538 
5 2216.783 
5 1947.247 
5 1901.152 
5 2823.126 
5 2007.421 
5 1545.402 
5 1678.587 
5 1827.758 
5 2002.693 
5 2479.392 
5 2007.494 
5 1897.515 
5 1870.885 
5 2397.639 
5 2021.061 
5 1886.335 
5 1580.030 
5 2622.888 
5 2012.610 
5 2062.164 
5 2070.594 
5 2371.391 
5 2428.175 
5 2061.337 
5 2202.924 
5 2370.979 
5 1805.189 
5 2099.531 
5 2154.227 
5 2028.093 
5 1851.884 
5 1677.481 
5 2302.148 
5 1685.306 
5 2098.758 
5 1570.801 
5 1957.794 
4 1862.650 
5 2054.055 
5 1845.174 
5 2197.958 
5 1536.521 
5 2694.697 
5 1920.003 
5 1863.733 
5 2789.045 
5 1515.422 
4 2160.722 
5 2344.661 
5 2307.909 
5 2060.724 
5 1809.418 
5 1644.798 
5 2518.149 
5 1981.424 
5 2886.816 
5 1756.861 
5 2174.002 
5 2091.797 
5 2407.869 
5 2414.594 
5 2310.964 
5 1163.947 
5 1978.190 
5 2269.611 
5 1807.922 
4 2982.323 
5 2651.373 
5 1900.270 
5 2294.413 
5 2950.404 
5 1519.436 
5 2094.589 
5 1575.896 
5 1823.386 
5 2072.422 
5 2328.690 
4 1909.612 
5 1772.030 
5 1719.988 
5 1994.693 
5 1863.303 
4 2040.533 
5 1921.203 
5 1722.792 
5 2193.505 
5 1885.878 
5 3066.188 
4 1904.313 
5 2023.740 
5 1827.146 
5 2254.805 
4 2034.189 
5 3260.960 
5 2224.427 
5 2126.719 
5 2486.399 
5 2108.750 
5 1870.833 
5 1511.118 
5 1704.663 
5 2354.516 
5 1752.926 
5 2196.589 
5 1421.161 
4 1924.529 
5 2442.776 
5 2686.271 
5 2212.545 
5 2205.069 
5 2332.466 
5 2130.519 
5 1857.523 
5 2228.611 
5 2131.876 
5 2045.420 
5 3131.223 
5 1860.431 
5 2461.972 
5 1240.056 
5 2167.169 
5 2127.677 
5 2236.210 
5 2479.318 
4 2164.096 
5 1438.842 
5 2185.195 
4 1631.030 
5 2157.282 
5 2680.184 
5 1554.661 
5 1613.475 
5 1983.635 
5 1962.397 
5 1694.901 
5 2172.082 
5 1674.516 
4 1518.427 
5 1754.373 
5 1671.943 
5 1937.729 
5 2658.831 
5 2041.672 
5 1788.688 
5 2701.781 
5 2042.946 
5 1842.002 
5 2461.679 
5 1969.440 
5 2079.928 
5 1962.719 
4 2213.702 
5 1782.873 
5 1606.411 
5 2150.730 
5 2286.382 
5 2344.924 
4 2330.704 
5 2069.005 
5 1917.431 
5 3294.405 
5 1961.027 
5 1569.600 
4 1762.796 
5 1912.805 
5 2233.761 
5 2403.545 
5 2658.552 
5 1791.729 
5 1610.230 
4 2121.039 
5 2789.680 
4 2251.386 
5 2319.421 
5 2374.790 
5 2414.194 
5 2130.659 
5 2049.438 
4 1891.537 
5 2416.677 
4 2651.181 
5 2379.306 
5 2151.105 
5 1812.940 
5 1685.066 
5 2376.939 
5 1844.343 
5 1939.662 
5 2236.954 
5 1939.385 
5 2544.646 
5 1970.541 
5 2257.177 
5 1098.780 
5 2054.323 
5 1642.257 
5 2075.049 
5 2122.008 
5 2568.854 
5 1928.687 
5 1728.853 
5 2295.403 
5 1934.954 
5 2140.229 
5 2157.350 
5 1780.551 
5 1976.926 
5 2103.736 
5 2331.712 
5 1429.130 
4 2529.651 
5 2100.296 
4 1843.560 
5 2255.347 
5 2196.519 
5 1924.723 
5 2867.264 
5 2620.412 
5 2005.201 
5 2408.920 
5 1506.140 
5 2378.218 
5 2242.129 
5 2580.626 
4 2562.844 
5 2489.571 
5 1812.216 
5 1971.493 
5 1978.549 
5 2113.839 
5 2128.517 
4 2968.397 
5 1955.441 
5 2153.182 
5 1598.862 
4 1353.550 
5 2161.621 
5 2906.275 
5 1481.974 
5 1792.184 
5 2181.712 
5 2378.260 
5 2198.652 
5 2435.313 
5 2099.878 
5 1956.164 
5 2412.514 
5 1947.512 
5 1907.565 
5 2242.394 
5 2684.830 
5 2202.229 
5 2082.048 
4 1779.623 
5 2519.636 
5 2201.761 
5 2147.159 
5 1905.742 
4 1775.307 
4 2022.634 
4 1731.149 
5 2635.625 
5 2321.965 
5 2200.070 
5 2291.199 
5 1736.028 
5 2550.290 
4 2401.610 
5 1659.372 
5 1864.037 
5 1872.247 
4 2512.009 
5 2569.680 
4 2876.249 
5 2116.673 
5 1733.551 
5 1932.802 
5 1712.402 
5 2031.424 
5 2175.768 
4 1535.791 
5 3630.376 
5 2024.563 
5 1463.047 
5 1911.989 
5 1619.954 
5 1656.259 
5 2310.897 
5 2127.598 
5 1999.104 
5 2379.306 
5 1545.393 
5 2003.177 
5 1598.623 
4 1740.968 
5 1809.150 
5 2171.590 
5 1971.564 
5 2103.806 
5 1908.950 
5 2048.299 
5 1810.079 
4 1963.351 
5 2818.711 
4 2496.827 
5 1966.162 
5 2643.373 
5 2197.234 
5 2183.814 
4 2506.286 
5 1524.953 
5 2234.898 
5 2345.324 
5 1684.723 
5 2206.798 
5 2263.911 
5 2634.840 
5 2296.252 
4 2097.856 
5 1811.497 
5 1949.598 
4 1797.517 
5 1843.246 
5 1924.799 
5 1391.567 
4 2611.745 
5 2289.639 
5 1978.630 
5 1643.511 
5 2175.791 
5 1989.216 
5 1760.869 
5 1658.366 
5 2659.690 
5 2135.587 
5 1500.426 
5 2582.495 
5 1900.487 
5 2455.486 
5 2405.646 
4 2496.068 
5 1778.480 
5 2061.760 
5 2073.741 
5 2264.149 
5 2372.326 
5 2198.776 
5 2634.896 
5 2000.308 
5 2328.701 
5 1965.408 
5 1965.586 
5 1894.880 
5 1784.752 
5 2322.674 
5 1832.096 
5 3342.711 
5 2230.629 
4 1748.045 
5 1767.644 
4 2383.078 
5 2377.542 
5 2059.669 
5 2486.234 
5 2112.620 
4 2316.152 
5 2576.074 
4 2029.261 
5 1856.971 
5 1988.160 
5 1933.169 
5 2161.484 
5 1793.307 
5 1775.546 
5 2236.549 
5 2112.149 
5 2425.335 
5 1761.192 
5 1951.960 
5 2194.050 
5 2189.010 
5 1763.003 
5 2645.078 
4 1948.230 
5 2051.534 
5 2638.945 
5 1677.548 
5 2037.660 
5 2898.533 
5 2218.400 
5 2390.964 
5 2398.714 
5 2446.376 
5 2085.991 
5 1869.353 
5 2476.200 
5 1833.622 
4 2242.480 
5 2113.432 
5 1789.753 
5 1434.785 
5 2751.465 
5 1979.668 
5 1342.045 
5 1851.502 
5 1619.036 
4 2006.764 
5 1451.699 
5 2142.657 
5 1775.703 
5 1672.544 
5 2050.856 
5 1530.301 
5 1750.206 
5 1947.666 
4 1822.652 
5 1945.787 
5 2844.558 
4 2373.277 
5 1840.146 
5 2282.641 
5 2368.670 
5 1784.928 
5 1842.937 
5 3118.827 
5 2720.900 
5 2255.974 
5 1709.550 
5 2259.041 
5 2218.049 
4 1862.315 
5 2338.552 
5 1905.299 
4 2139.740 
4 1820.970 
5 2025.069 
5 1725.861 
5 1927.931 
5 2155.878 
5 1634.633 
5 3161.123 
5 1974.730 
5 1948.057 
5 2425.726 
5 2039.118 
5 2483.823 
5 1980.916 
5 2196.159 
5 2082.942 
5 2076.827 
5 2215.205 
5 2436.628 
5 2092.199 
5 2216.472 
5 2533.127 
5 2066.934 
5 2527.003 
5 1820.492 
5 2074.005 
5 1762.589 
5 1624.721 
5 2433.947 
5 1645.209 
5 2244.842 
5 2124.910 
5 2311.805 
5 1799.835 
4 2155.460 
5 2334.088 
5 2175.616 
5 1909.595 
5 2074.614 
5 2138.178 
5 2358.784 
5 2400.224 
5 2575.707 
5 2293.760 
5 1899.024 
5 1589.738 
5 2620.316 
5 2057.667 
4 2097.918 
4 2227.236 
5 2479.920 
5 1911.315 
5 2506.329 
5 2103.938 
5 2158.432 
5 1588.902 
5 1473.557 
5 2121.995 
5 1652.238 
5 1839.175 
5 1817.587 
5 2628.809 
5 2281.938 
5 2087.383 
5 2209.635 
5 2020.824 
5 1925.302 
5 2502.935 
5 2630.523 
5 2236.040 
5 2085.244 
5 1720.770 
4 1807.967 
5 1481.469 
4 2006.834 
5 1915.985 
5 2436.529 
5 1834.507 
5 1207.825 
5 2324.839 
5 1761.648 
5 1557.130 
5 1929.825 
5 2602.975 
5 1803.830 
5 1866.692 
5 2415.566 
4 2343.226 
5 1996.153 
5 2019.400 
5 2314.609 
5 2758.612 
5 2355.100 
5 2155.664 
5 2744.298 
5 2631.012 
5 2987.044 
4 2105.232 
5 1942.177 
5 2779.880 
4 1860.371 
5 1433.827 
4 2377.938 
5 2435.359 
5 1920.365 
5 2344.343 
5 1934.758 
5 1643.062 
5 2496.241 
5 1957.537 
5 1906.023 
4 1886.917 
4 2263.469 
5 2120.924 
5 1915.852 
5 2686.722 
5 2351.679 
5 2204.246 
5 2252.579 
5 1640.399 
5 1689.385 
5 1710.328 
5 1981.901 
5 2123.844 
5 2755.562 
5 2165.310 
5 2002.261 
5 2287.302 
5 1971.389 
5 2018.799 
5 2162.790 
5 2154.531 
5 1914.744 
5 2042.641 
4 2176.380 
5 1736.422 
5 2382.462 
5 1940.075 
5 1891.696 
5 3137.229 
4 1489.481 
5 2041.174 
5 1926.033 
5 1778.753 
4 1804.604 
5 2020.753 
5 2371.154 
4 1921.900 
5 2707.780 
5 2179.821 
5 2500.559 
4 2309.453 
5 2075.518 
5 1965.785 
5 1775.869 
5 1961.356 
5 1834.091 
5 2124.354 
5 2231.648 
5 2561.908 
5 2334.997 
5 1915.781 
5 1778.122 
4 2288.958 
4 1516.127 
5 2500.073 
5 2602.137 
5 2150.900 
5 2712.824 
5 2671.336 
5 1491.460 
5 2452.420 
5 1940.562 
5 2353.453 
5 2718.669 
5 2603.962 
5 1935.381 
4 2243.463 
5 2511.878 
5 1697.147 
5 2014.410 
4 1958.888 
5 2412.844 
5 2114.987 
4 1740.268 
5 1950.972 
5 2363.138 
5 2514.838 
5 2005.742 
5 2382.943 
4 1942.092 
4 2592.398 
5 1984.533 
5 2000.372 
5 1691.922 
5 1900.195 
5 1890.966 
4 2447.834 
4 2664.928 
5 1764.550 
4 2206.601 
4 1882.528 
5 2177.948 
5 2172.905 
5 2515.272 
5 3211.606 
5 2109.558 
5 2245.412 
5 2449.763 
5 1614.360 
5 2526.096 
5 2396.350 
5 1990.939 
5 1903.294 
4 2460.004 
5 2620.838 
4 2439.334 
4 2754.585 
4 2514.357 
5 2172.807 
5 2607.843 
4 2149.069 
4 2530.865 
5 2290.860 
5 2069.419 
5 2144.012 
5 2593.460 
4 1410.253 
4 2025.083 
5 1468.955 
5 2475.131 
5 1155.783 
5 1906.625 
5 2030.542 
5 1989.062 
4 1550.167 
4 2132.649 
5 2046.033 
5 2855.796 
5 2234.586 
5 2472.466 
5 2593.319 
5 1934.279 
5 2255.030 
5 1789.734 
4 2124.997 
5 2205.777 
4 2394.127 
5 1938.488 
5 2465.675 
5 2084.144 
5 2976.120 
5 2050.631 
5 2102.389 
5 1597.957 
5 2244.051 
5 1700.083 
4 1675.073 
5 3000.840 
5 2177.433 
5 1521.702 
5 1275.393 
5 1553.871 
5 2128.606 
5 2061.056 
5 2277.046 
5 2191.503 
5 2084.963 
5 2379.900 
5 2462.890 
5 1317.892 
5 1740.509 
5 2500.647 
5 2205.700 
5 1630.972 
5 2290.421 
5 1773.464 
5 2020.066 
5 2219.399 
5 2265.260 
4 2055.101 
5 2404.867 
5 1991.012 
5 1904.244 
5 1689.552 
5 1795.155 
5 2522.375 
4 1928.081 
5 2155.563 
5 1745.341 
5 1615.323 
5 1671.012 
5 2302.025 
5 2420.044 
4 2104.446 
5 2247.596 
5 1894.832 
4 1625.379 
5 1978.841 
5 2240.228 
5 2256.008 
5 2709.252 
5 2270.328 
4 3755.838 
5 2721.758 
5 2206.029 
5 1890.277 
5 2297.943 
4 1933.062 
4 1596.655 
5 2386.146 
5 2136.582 
5 1686.310 
5 1979.371 
5 2706.346 
5 1648.902 
5 1904.419 
5 1900.760 
5 2288.737 
5 3272.873 
5 2219.219 
5 2267.797 
5 2447.027 
5 1920.527 
5 2067.119 
5 2254.066 
5 1916.253 
5 1781.828 
5 1859.374 
5 2034.569 
5 2097.751 
5 2487.662 
5 2653.764 
5 1751.986 
4 2425.690 
5 1657.137 
5 2684.651 
5 1704.030 
5 2541.290 
5 1780.952 
5 1762.804 
5 2256.445 
5 1912.102 
5 2128.732 
4 2610.523 
5 1825.522 
5 2506.623 
5 2156.662 
5 1627.617 
5 2324.263 
5 2227.650 
4 1733.080 
5 1942.775 
5 2075.451 
5 2031.469 
5 2379.752 
5 1707.298 
5 2047.250 
5 2020.768 
5 2893.907 
4 2108.020 
4 1361.244 
5 2145.705 
5 1678.016 
5 2268.309 
4 1959.641 
5 2010.780 
5 2711.439 
5 2523.667 
5 2159.286 
5 2617.943 
5 1891.714 
5 1574.517 
5 2225.944 
5 2127.658 
4 1710.584 
4 2342.695 
5 1869.245 
5 2375.704 
5 2779.633 
5 1911.974 
5 1644.720 
5 1622.852 
5 2598.978 
5 1606.569 
5 2140.907 
5 2372.967 
5 2512.492 
5 1882.542 
4 2418.582 
4 3003.388 
5 2127.964 
5 2469.171 
5 2369.132 
5 1490.858 
5 2024.678 
5 1603.597 
5 2394.575 
5 2018.429 
5 1932.343 
5 1871.880 
5 1788.486 
5 2156.953 
5 1857.528 
5 2246.465 
5 1719.647 
5 2026.281 
5 2376.227 
5 1997.484 
5 1633.939 
5 3063.711 
5 2010.524 
5 1410.848 
5 2263.959 
5 2028.401 
5 2108.740 
5 1971.532 
5 2306.317 
5 2380.706 
5 2972.700 
5 1594.668 
5 2025.180 
5 1800.003 
4 1872.967 
5 2200.869 
5 2108.251 
5 2078.406 
5 1982.953 
5 2553.092 
5 2038.677 
5 2416.137 
5 2379.484 
5 1395.082 
4 1855.783 
5 1645.586 
4 2306.969 
5 1750.531 
5 1886.818 
5 2213.471 
5 1390.592 
5 2688.879 
5 2496.039 
5 2057.024 
5 2260.424 
5 1914.964 
5 2365.045 
5 2072.668 
4 1913.818 
4 2390.189 
5 2408.261 
4 1704.831 
5 1618.037 
5 2244.063 
5 2017.393 
5 2443.894 
5 2575.594 
5 2146.395 
5 1408.617 
5 1802.676 
5 1967.878 
5 1881.443 
5 2253.728 
5 2506.622 
5 1798.058 
5 2362.553 
5 2153.102 
5 1945.608 
5 1804.332 
5 2350.847 
5 1653.453 
5 2174.808 
4 2444.696 
5 1762.328 
5 2387.816 
5 2926.324 
4 2161.019 
4 1869.200 
5 2691.095 
4 2201.845 
5 2020.594 
5 1486.856 
5 2445.682 
5 1934.055 
4 2114.529 
5 1984.535 
5 2211.036 
5 1926.547 
5 2231.958 
5 2451.360 
5 2269.729 
5 2167.609 
5 2428.258 
5 1764.375 
5 2370.651 
5 2751.019 
4 2516.551 
5 1752.318 
5 2181.541 
5 2008.643 
5 2135.112 
5 2610.814 
5 2087.534 
5 1779.019 
5 2359.308 
4 2337.285 
4 2189.440 
5 1728.533 
5 1484.059 
5 1817.440 
5 2316.851 
5 2622.208 
5 2003.910 
5 2279.124 
5 2067.824 
5 1898.150 
5 2466.588 
5 2279.200 
5 2562.937 
5 2200.491 
5 2071.561 
5 2387.062 
5 2598.835 
5 2184.278 
5 1991.106 
5 2270.749 
5 2171.147 
5 1261.896 
5 1293.160 
5 1449.127 
5 2178.299 
5 2129.145 
5 1942.104 
5 2754.004 
5 2433.924 
5 1817.841 
5 1932.090 
5 1845.988 
5 2112.216 
5 2000.410 
5 2042.055 
5 2119.441 
5 2230.658 
5 2044.563 
5 2126.249 
5 2159.080 
5 1740.396 
4 1476.580 
5 1923.801 
5 1240.697 
5 1558.259 
5 1800.706 
5 2213.583 
4 2755.010 
5 2564.249 
5 2305.354 
4 2086.633 
5 1947.163 
5 2347.359 
4 2163.270 
5 1588.807 
5 1557.079 
5 1415.464 
5 2635.106 
5 1984.028 
5 2131.205 
5 1641.335 
5 1460.351 
5 2124.818 
5 1674.461 
5 2371.783 
5 2034.185 
5 2676.799 
5 2041.567 
5 1817.271 
5 2203.199 
5 2333.744 
5 1820.390 
5 1683.202 
5 1982.345 
5 1985.205 
5 2853.056 
5 1769.327 
5 2251.910 
5 2163.617 
5 2150.635 
5 2342.527 
5 2151.633 
5 1808.288 
5 1952.689 
5 2373.239 
5 2010.061 
5 2185.434 
5 2306.917 
4 1740.398 
5 2131.281 
4 1906.906 
4 1737.942 
5 1761.421 
5 1792.215 
4 2143.430 
5 2791.437 
5 1834.688 
5 1592.551 
5 2560.344 
5 1552.273 
5 3137.901 
5 1873.917 
4 3222.424 
5 2147.484 
5 1798.187 
5 2236.756 
5 2558.076 
4 1912.403 
5 1954.270 
5 2540.943 
4 1756.201 
5 1841.225 
5 1613.643 
4 2129.230 
5 2199.813 
4 1987.222 
5 1514.425 
5 2443.162 
4 2181.624 
5 1924.499 
5 2316.687 
5 2023.169 
5 2131.655 
5 2099.755 
5 1877.369 
5 1688.581 
5 2112.873 
5 1861.048 
5 2373.733 
4 1428.847 
5 1456.848 
5 1820.685 
5 2289.049 
5 2202.237 
4 1889.840 
5 1966.028 
5 1965.757 
4 1834.964 
5 1846.220 
5 1772.494 
5 2775.675 
5 2007.375 
4 1799.797 
5 2741.200 
5 1644.347 
5 1976.016 
5 1805.484 
5 2575.494 
5 2154.318 
5 1868.752 
5 1743.365 
5 1844.626 
5 2047.513 
5 2426.751 
5 2049.949 
5 2356.735 
5 2372.108 
4 2030.511 
5 1815.302 
5 1792.866 
5 2335.517 
5 2693.278 
5 2219.182 
4 1696.901 
5 2381.820 
5 2164.179 
5 1538.005 
5 1439.550 
5 1387.055 
5 1402.699 
5 2100.832 
5 2019.878 
4 1604.333 
5 1993.015 
4 2573.095 
5 2287.728 
5 2521.404 
5 2002.714 
5 2093.653 
5 1742.889 
5 3184.353 
5 2099.436 
5 2425.573 
5 1702.696 
5 1901.703 
5 1936.683 
5 2216.760 
5 2108.695 
5 2222.388 
5 2575.829 
5 2049.671 
5 3160.161 
5 2053.678 
5 2125.161 
5 1912.864 
5 1914.230 
5 1866.971 
5 1888.268 
5 2608.309 
5 1927.554 
5 2292.785 
4 1965.132 
4 1693.377 
5 1924.717 
5 2930.478 
5 1975.763 
5 1928.519 
4 2066.708 
4 2315.409 
5 2011.369 
5 1544.164 
5 2124.831 
5 2510.308 
4 897.363 
5 2499.932 
5 1936.928 
5 2163.057 
5 2256.719 
5 2607.185 
5 2095.822 
5 2060.057 
5 1724.541 
5 2867.321 
5 1887.348 
5 1817.474 
5 2655.692 
5 2269.948 
4 1895.811 
5 1605.651 
5 1981.365 
4 2629.044 
5 2559.998 
5 1943.390 
4 2775.719 
5 1720.472 
4 2709.199 
5 1853.194 
5 1807.606 
5 2033.878 
5 2206.030 
5 2320.688 
5 1452.941 
5 2004.716 
5 1879.251 
4 2420.104 
4 2481.501 
5 1936.142 
4 2117.534 
5 1671.800 
5 2188.633 
4 1844.636 
5 2085.509 
4 1362.751 
5 2262.521 
5 2029.978 
5 1935.402 
4 2214.598 
5 1929.184 
5 1786.564 
4 3434.699 
5 1722.263 
5 2343.454 
5 1974.534 
5 1832.467 
5 1848.078 
4 2131.371 
4 1671.058 
5 2147.091 
5 2601.865 
5 1620.233 
4 1703.958 
5 1838.001 
5 2746.230 
5 2095.175 
5 1881.247 
5 2335.941 
4 2168.415 
5 2400.018 
5 1711.709 
5 1996.609 
4 2067.992 
5 2071.065 
5 2686.203 
5 2040.711 
5 3486.835 
5 2530.120 
5 1888.192 
4 1702.716 
4 1544.066 
5 1945.443 
5 1733.224 
5 2588.108 
5 2140.414 
5 1454.140 
4 2669.154 
5 2611.439 
5 2177.342 
5 2370.229 
5 1655.171 
5 1681.914 
4 2193.177 
5 1965.377 
4 1595.726 
5 2284.093 
5 1727.418 
5 2244.769 
5 2528.980 
5 1899.033 
5 1429.187 
5 1826.244 
4 1609.836 
5 1768.575 
5 2352.079 
5 1937.140 
5 2366.878 
5 1852.589 
5 1713.588 
5 2890.317 
5 1891.028 
5 1842.981 
5 2282.134 
4 1374.545 
5 1841.859 
5 2084.319 
5 2540.420 
5 2813.361 
5 2569.875 
5 2394.323 
5 1929.038 
5 1916.658 
5 2781.643 
5 1714.171 
5 1823.973 
4 2015.502 
5 1800.343 
5 1448.119 
5 2688.826 
5 2247.386 
4 2110.767 
5 1969.261 
4 1700.794 
5 2187.978 
5 2214.726 
5 1658.907 
5 2019.392 
5 1865.562 
5 1982.953 
4 1853.673 
5 2010.549 
5 1835.105 
5 2023.877 
5 1741.943 
5 2100.787 
5 2042.118 
5 2673.354 
5 2064.490 
5 1781.403 
5 1957.862 
5 2025.736 
5 1798.368 
5 1488.308 
5 2145.427 
4 2284.837 
5 2635.236 
5 2240.302 
5 2398.243 
5 2711.529 
5 2751.821 
5 1937.641 
5 1723.597 
5 2085.578 
5 1308.417 
5 1873.384 
5 1471.439 
5 1831.756 
5 2195.601 
5 1775.880 
5 1720.152 
5 1403.943 
5 2257.568 
5 1714.529 
5 2190.780 
5 1882.406 
5 2180.926 
5 2156.353 
5 1762.488 
5 2201.924 
5 2241.044 
4 1776.745 
4 2100.303 
5 2302.382 
5 2105.379 
5 2577.672 
5 1824.792 
5 3544.670 
4 2076.996 
5 2088.271 
5 1784.524 
5 2583.687 
5 2086.220 
5 2021.331 
5 1696.887 
5 2475.306 
4 1851.811 
5 1908.746 
5 2023.358 
5 1772.615 
4 1809.603 
5 1779.797 
4 1629.023 
4 1428.955 
4 2273.502 
5 1717.404 
5 2308.681 
5 2084.272 
5 2087.146 
5 2279.586 
5 1459.898 
5 1834.275 
4 2217.077 
5 1933.976 
5 1979.805 
5 2167.840 
5 1538.799 
5 1797.398 
5 1959.844 
5 2052.789 
5 1913.023 
5 2218.581 
5 2035.885 
5 1930.960 
5 1888.961 
5 2351.947 
4 1625.096 
5 2165.681 
5 1923.293 
5 2235.809 
5 1176.182 
5 1571.951 
5 2322.667 
5 2135.382 
5 1788.783 
5 2737.631 
5 1059.872 
4 2086.853 
5 1712.818 
5 1999.802 
5 1963.240 
5 1756.660 
5 1545.791 
5 1583.428 
5 1830.386 
5 1664.354 
5 2084.031 
5 2603.791 
5 1614.961 
5 2447.686 
5 1538.355 
5 2106.552 
4 2109.025 
5 2130.427 
5 1811.979 
5 2123.727 
5 2210.120 
5 2618.909 
5 1961.812 
5 2536.362 
5 2209.083 
5 2309.268 
5 1722.140 
5 2535.773 
5 2519.743 
5 2078.465 
5 2044.200 
5 2422.432 
5 2303.296 
5 1994.933 
5 2239.039 
4 2413.582 
5 1714.086 
5 3202.565 
5 1959.033 
5 1897.745 
5 2069.268 
5 1768.927 
5 2195.711 
5 1880.895 
5 1933.184 
5 2839.346 
5 2139.057 
5 1874.456 
5 1955.593 
5 1902.969 
5 2512.388 
5 2120.684 
5 2069.342 
4 1718.708 
5 1882.444 
5 3047.763 
5 2358.542 
5 2012.996 
5 2154.599 
5 2329.851 
4 1872.408 
5 2527.321 
5 1661.925 
5 1677.001 
5 1975.290 
5 2586.939 
5 1932.344 
5 1903.129 
5 2346.306 
5 1705.481 
4 2071.725 
4 1744.586 
5 2195.066 
5 2032.603 
5 2272.006 
5 2058.971 
5 1819.716 
5 2905.503 
4 1880.084 
5 2086.541 
5 1957.976 
5 1894.218 
5 1692.850 
5 1899.776 
5 1617.456 
5 2012.860 
5 2571.419 
5 2045.200 
4 2412.166 
5 1785.172 
5 1971.357 
5 1883.535 
5 2092.116 
5 2645.148 
5 2930.771 
5 1881.272 
5 1885.021 
4 1676.407 
5 2737.863 
4 1642.289 
5 2235.143 
5 2500.046 
4 2215.572 
5 2263.434 
4 1463.183 
4 1748.639 
5 1668.975 
4 2046.777 
5 2110.224 
5 1515.696 
5 1871.766 
4 1793.547 
5 2464.690 
5 2083.823 
5 2362.414 
5 1943.106 
5 1750.148 
5 1990.336 
5 2288.787 
5 1999.053 
5 2134.686 
5 2730.062 
5 1235.550 
5 1997.699 
5 2667.259 
5 1914.348 
5 2667.583 
5 2001.416 
5 1689.953 
5 2194.355 
5 2299.322 
5 2646.909 
5 2195.896 
5 2075.245 
5 1978.358 
5 2123.359 
5 2033.105 
5 2006.915 
5 1542.095 
5 1737.772 
5 1744.561 
5 1848.890 
5 2094.178 
5 1973.271 
5 2333.841 
5 1535.020 
5 2787.815 
5 1701.241 
5 1776.612 
5 1508.816 
4 1934.219 
5 2080.364 
5 2303.015 
4 1696.748 
5 1696.953 
5 2230.170 
5 1940.655 
5 1624.388 
5 1686.339 
5 1960.493 
5 2085.840 
5 1786.376 
5 1692.211 
5 2007.149 
5 2279.898 
5 1806.805 
5 3091.997 
5 1980.666 
5 3121.602 
5 2070.932 
5 2424.200 
5 1743.122 
5 1580.768 
5 2204.159 
5 2215.485 
4 2512.770 
5 2508.384 
5 1458.237 
5 1969.643 
5 2389.178 
5 2198.747 
4 2033.229 
5 1792.870 
5 2454.485 
5 2239.835 
5 2092.610 
5 2306.149 
4 2541.041 
5 1509.610 
5 2375.444 
5 1696.328 
5 2286.170 
5 1488.654 
5 1813.198 
4 2448.074 
5 2367.561 
5 2779.247 
4 2712.059 
5 2197.009 
5 2331.365 
5 1727.962 
5 2250.658 
5 2015.130 
5 1547.271 
5 2660.633 
5 2293.824 
5 2094.136 
5 1949.443 
5 1687.896 
5 2057.861 
5 1956.024 
5 2089.034 
5 1979.233 
5 1841.047 
5 2944.058 
4 2126.422 
5 1966.880 
5 2175.546 
5 2583.600 
5 1785.283 
5 1907.413 
5 2143.873 
5 2807.008 
5 1953.029 
5 2051.322 
5 2032.127 
5 1945.746 
5 2372.545 
5 1442.108 
5 1886.098 
5 2038.796 
5 1367.304 
5 1556.328 
5 2333.538 
5 1925.828 
4 1700.430 
5 2421.161 
5 2245.256 
5 1625.955 
5 1333.957 
5 1898.024 
5 2229.917 
4 1950.545 
5 2208.902 
5 2219.306 
5 2299.070 
5 2476.053 
5 2842.500 
5 1950.872 
4 2322.110 
5 2574.246 
5 2820.379 
5 2021.779 
5 2119.066 
5 2653.743 
5 1463.216 
5 2427.423 
5 1783.652 
5 2003.136 
5 2285.035 
5 1849.307 
5 2000.740 
5 2013.799 
5 2307.774 
5 2632.886 
5 1888.714 
5 2401.646 
5 2412.498 
5 1777.502 
5 1353.149 
4 2834.342 
5 1884.715 
5 1540.160 
5 1835.600 
4 2576.656 
5 1867.739 
5 1655.618 
4 2338.667 
5 1778.778 
5 2033.419 
5 2012.223 
5 1944.639 
5 2074.994 
5 1690.405 
5 1595.768 
5 1957.472 
4 2232.200 
5 1550.196 
5 1742.216 
4 1778.163 
5 1890.655 
5 1440.817 
5 1747.918 
5 2096.784 
5 1972.684 
4 2377.932 
5 1790.070 
5 1814.066 
5 1991.750 
5 1684.559 
5 2053.781 
5 2141.742 
5 2379.165 
5 2507.460 
5 2680.735 
5 2680.158 
5 2429.156 
5 2271.460 
4 1883.009 
5 2301.078 
5 2450.654 
5 2662.952 
5 2069.987 
5 1704.030 
5 1760.602 
5 1970.299 
5 1947.062 
5 1920.790 
5 1922.528 
5 1984.244 
5 2058.129 
4 1991.639 
5 1548.015 
5 1238.797 
5 2322.477 
5 2114.565 
5 1947.625 
5 2096.545 
4 2242.750 
5 1274.667 
5 2238.965 
5 2298.411 
4 2439.720 
5 1989.868 
5 2746.858 
5 2002.996 
5 2814.191 
5 1949.304 
5 1828.144 
5 2029.373 
4 2490.543 
5 2397.844 
5 2271.371 
5 2151.749 
5 2174.707 
4 1483.627 
5 2261.984 
4 2835.251 
5 2262.620 
5 2567.452 
5 2334.830 
5 1651.294 
5 2564.415 
5 2616.102 
5 2102.378 
4 1985.406 
5 2479.734 
5 2300.860 
5 1195.526 
5 2685.935 
5 2384.477 
5 2411.921 
5 2134.073 
5 2004.828 
5 2214.995 
5 2870.299 
5 2119.067 
5 2105.656 
5 2096.374 
4 2460.153 
5 1448.891 
5 1170.427 
5 1493.085 
5 2685.330 
4 1975.030 
4 2007.293 
5 2219.488 
5 1425.299 
5 1884.448 
4 1694.077 
5 1929.891 
5 2466.727 
5 1395.687 
5 2149.755 
4 850.478 
5 2150.363 
5 2321.607 
5 1792.656 
5 2406.641 
5 2478.530 
5 2230.697 
5 2469.907 
5 2358.055 
5 2227.185 
5 1678.380 
5 2048.062 
5 2275.146 
5 2138.071 
5 3772.618 
5 2523.216 
5 1534.061 
5 2063.222 
5 2132.573 
5 2834.973 
4 1483.108 
5 2600.701 
5 2061.345 
5 2178.491 
5 1689.128 
5 1780.034 
4 1953.100 
5 1953.123 
5 1871.690 
5 1938.413 
5 2220.766 
5 1577.026 
5 1459.172 
5 2210.335 
5 2827.847 
5 2588.936 
5 2203.980 
4 1955.075 
5 1885.219 
5 2262.102 
5 1936.424 
5 2239.033 
5 2154.602 
5 1597.738 
5 2336.646 
5 3060.384 
5 1920.988 
4 2162.138 
5 2193.573 
5 2229.927 
5 2322.523 
5 2144.749 
5 1702.016 
4 2466.086 
5 2521.530 
5 1907.862 
5 1541.700 
5 2325.435 
5 2075.483 
5 2119.949 
5 2678.771 
5 2360.522 
5 2018.632 
5 1934.039 
5 2110.479 
5 1605.560 
4 1404.279 
5 1917.779 
5 2201.463 
5 1835.946 
5 1966.956 
5 2194.156 
5 2066.906 
5 2735.273 
5 2255.298 
5 2529.186 
5 1131.293 
5 2174.411 
5 2488.594 
5 2224.585 
5 1822.064 
5 1791.276 
5 2114.918 
5 1866.748 
5 2837.938 
5 1844.190 
5 1466.245 
5 2863.995 
5 2341.563 
5 2317.058 
5 2201.397 
5 2334.306 
5 2776.423 
4 1979.696 
5 2252.501 
5 1414.931 
5 2406.815 
4 2105.344 
5 1964.294 
5 1917.581 
5 2766.947 
5 1812.686 
5 1607.223 
5 2262.901 
5 2403.543 
5 1603.991 
5 2307.913 
4 2346.102 
5 2131.736 
5 1642.284 
5 2494.105 
4 2267.913 
5 1727.791 
5 2448.529 
5 3222.916 
5 1894.886 
5 2387.855 
5 2064.829 
5 2328.312 
5 1755.723 
5 2299.025 
5 1736.343 
5 1708.263 
5 2404.789 
5 2083.656 
5 2448.414 
5 2209.346 
5 1986.830 
5 2507.987 
5 1777.262 
5 1400.444 
5 2305.444 
5 2105.829 
5 1978.108 
5 1629.763 
4 2088.934 
5 1644.339 
4 2101.320 
5 1801.626 
5 2059.254 
5 2019.244 
5 2060.800 
5 3021.182 
5 2093.170 
5 1741.135 
5 2086.157 
4 2578.758 
5 1971.207 
5 2009.776 
5 2369.209 
5 2127.517 
5 1878.738 
5 2005.671 
5 2232.837 
5 2112.208 
5 2277.393 
5 1871.931 
5 1155.934 
5 1737.706 
5 2266.651 
5 1911.419 
5 2219.798 
5 1840.523 
4 2155.864 
5 1991.541 
5 2416.979 
5 1775.440 
4 2041.226 
5 2061.498 
5 2004.066 
5 2465.062 
5 1947.927 
5 2409.287 
5 2155.151 
5 2309.875 
5 2462.472 
5 1884.408 
5 1823.423 
5 2227.150 
5 3023.631 
4 2198.743 
5 1868.307 
5 2209.526 
5 2477.421 
5 2020.220 
5 2565.174 
5 1724.550 
5 1962.976 
5 2133.272 
5 1799.439 
5 2444.299 
4 1755.572 
5 2476.925 
5 1703.156 
5 1873.318 
5 1806.589 
5 1866.822 
5 1765.418 
4 2680.605 
5 1791.730 
4 1770.369 
4 1144.731 
5 1784.397 
5 1723.048 
5 2242.803 
4 1964.493 
5 2161.508 
5 1707.643 
5 1787.483 
5 1705.391 
5 1846.112 
5 2279.109 
5 2430.148 
5 1859.013 
5 1858.412 
5 2466.899 
5 2332.168 
5 2297.671 
5 2034.891 
5 1644.741 
5 2341.327 
4 1927.179 
5 1842.027 
5 1991.200 
5 2110.608 
5 1897.871 
5 2812.552 
5 2504.514 
5 2101.937 
5 2236.292 
4 2631.882 
5 1979.450 
5 2541.879 
5 2551.702 
5 1752.452 
5 2540.240 
5 1281.676 
5 2579.233 
4 2591.823 
5 1610.310 
5 2524.834 
5 2238.865 
5 1715.458 
5 2030.610 
5 1994.120 
5 2518.630 
5 2175.645 
5 1996.643 
5 1611.265 
5 2886.538 
5 2030.716 
5 1742.818 
5 2325.881 
5 1495.221 
5 1806.502 
5 2567.614 
5 2398.084 
4 2787.816 
5 2055.482 
5 2831.715 
5 1718.245 
5 2137.311 
4 2276.881 
4 2080.339 
4 1302.191 
5 1832.557 
5 2320.064 
5 2271.360 
5 1813.208 
5 1951.865 
5 2318.194 
4 2025.121 
5 1242.900 
5 1868.193 
5 1556.597 
5 1931.875 
5 2181.219 
5 2802.009 
5 1447.608 
4 1260.694 
5 1969.374 
5 2865.032 
4 1392.916 
5 2222.018 
5 1698.104 
5 2024.859 
5 2245.837 
5 1832.281 
5 2531.727 
5 1746.998 
5 1850.755 
4 1750.577 
5 2083.279 
5 1648.262 
5 2658.981 
5 2292.053 
5 2068.436 
5 2286.584 
5 2407.794 
4 2397.537 
5 2011.516 
5 2680.529 
4 2052.715 
4 2424.766 
5 2442.004 
4 2388.478 
5 1985.002 
5 2767.696 
5 1894.291 
5 2190.415 
5 2422.405 
5 2361.052 
5 1646.742 
4 2319.323 
5 2234.456 
5 1737.609 
5 2072.003 
5 2271.007 
5 1623.370 
5 1822.929 
5 2087.761 
4 2611.113 
5 1838.598 
5 1902.991 
5 1600.779 
5 2026.850 
5 2332.875 
5 2093.315 
5 2679.516 
5 2169.181 
5 2288.985 
5 1933.631 
5 2446.715 
5 2042.045 
5 1808.235 
5 2082.112 
5 2145.867 
5 2183.596 
5 2234.019 
5 1907.861 
5 2865.782 
5 2095.154 
5 3376.825 
5 1713.783 
5 1856.947 
4 1997.949 
5 2310.749 
5 1724.671 
5 1890.602 
5 1881.098 
5 2861.902 
5 1347.588 
5 2015.481 
4 2301.780 
5 2197.353 
4 3410.390 
5 1329.101 
4 2288.936 
5 1855.654 
5 2479.265 
4 1637.500 
5 1760.415 
5 1861.275 
5 1951.786 
5 2221.347 
5 1555.774 
4 1861.193 
5 1723.901 
5 1909.397 
5 1767.719 
5 1907.615 
5 2093.353 
5 2578.679 
5 1970.635 
4 2180.684 
4 2300.037 
5 1937.408 
5 3466.852 
4 2148.031 
5 1963.077 
4 2128.203 
5 2135.548 
5 2504.985 
5 2090.003 
5 2232.625 
5 2430.328 
5 2175.690 
5 2455.662 
5 1846.340 
5 1713.953 
5 1682.408 
5 2687.858 
5 2405.368 
5 3079.958 
5 2161.041 
5 2134.146 
4 2442.004 
5 2152.961 
5 1770.565 
5 2523.660 
5 2080.958 
5 2222.040 
5 2026.176 
4 2294.778 
5 2126.651 
5 2280.628 
5 2222.068 
5 2543.701 
4 1864.263 
5 1541.077 
5 2316.738 
5 2523.326 
5 1976.780 
5 2072.364 
5 2201.471 
5 2163.019 
5 1671.967 
5 1805.105 
4 2972.182 
5 2214.901 
5 2879.964 
4 2293.772 
5 2149.551 
5 2075.367 
5 2316.530 
5 1816.399 
5 1332.576 
5 2975.923 
5 2162.167 
5 2384.879 
5 2707.950 
4 1942.704 
5 2266.481 
5 2072.998 
5 1523.856 
5 2145.984 
5 2115.148 
5 1765.925 
5 2129.289 
5 2054.292 
5 1848.961 
5 1862.264 
5 2633.056 
5 1663.553 
5 2321.935 
5 2309.657 
5 2294.735 
5 2659.039 
5 1877.973 
5 2142.138 
5 1801.665 
4 1948.391 
5 2366.429 
5 2130.570 
5 1553.428 
5 1976.847 
5 2345.514 
5 2079.168 
5 2126.972 
5 2280.268 
5 2681.291 
5 1882.228 
4 2838.211 
4 2184.634 
4 1606.810 
5 2112.110 
5 1615.051 
5 2018.899 
5 1840.178 
5 2625.235 
5 1780.661 
5 1906.745 
5 2243.722 
5 2207.273 
5 1585.293 
5 1788.344 
5 2180.490 
5 1985.514 
5 2201.995 
5 2294.518 
5 2091.483 
5 2840.618 
5 2501.202 
5 2087.863 
5 2301.520 
5 1963.042 
5 1987.592 
5 1882.583 
5 1705.901 
5 1765.385 
5 1518.599 
5 1965.803 
5 2634.757 
5 2144.422 
5 1987.938 
5 1981.750 
5 2061.057 
4 1404.529 
5 1709.937 
5 1994.676 
5 2294.898 
5 2823.711 
4 1972.577 
5 2516.226 
5 3306.848 
5 1921.178 
5 2899.623 
4 1589.674 
5 1943.343 
5 2847.570 
5 2105.580 
5 1776.976 
5 2253.063 
5 2614.441 
5 2068.934 
5 2139.387 
4 1999.132 
5 2030.344 
4 2060.224 
5 2770.219 
5 2035.320 
5 1760.564 
5 2066.008 
5 1726.470 
5 1486.317 
4 2464.136 
5 3041.125 
5 2631.245 
4 1840.673 
4 2048.671 
5 2715.706 
4 1794.141 
5 2054.448 
4 1288.202 
5 1949.600 
5 1921.670 
5 2036.297 
4 1885.967 
5 1946.164 
5 1905.000 
5 3078.923 
5 2264.762 
5 2608.050 
5 2559.896 
5 1944.478 
5 2349.103 
5 2104.517 
5 2193.156 
5 1973.783 
5 2035.258 
5 1997.233 
4 1350.512 
5 2055.900 
5 1692.263 
5 2165.867 
5 1972.021 
5 2429.456 
5 1868.476 
5 2229.099 
5 2151.831 
4 2013.742 
5 1907.041 
5 1958.250 
5 2263.212 
5 2538.727 
5 1752.165 
5 2144.344 
5 1727.200 
5 1689.991 
4 2236.521 
5 1946.451 
5 2332.084 
5 2282.320 
5 2659.800 
5 2020.286 
5 1760.048 
4 1915.578 
5 1335.912 
5 2526.682 
5 1693.256 
5 1816.851 
5 2117.824 
5 2595.821 
5 1839.519 
4 1526.353 
5 2422.715 
5 2419.143 
4 1704.341 
5 2529.341 
5 2200.236 
4 2093.061 
4 2410.585 
5 1918.949 
4 1291.486 
4 811.260 
4 2417.731 
5 1989.452 
5 2451.860 
5 1984.351 
5 1882.486 
5 1817.230 
4 2044.244 
5 3127.140 
4 2356.459 
5 1855.448 
5 1636.373 
5 2353.807 
5 2191.679 
5 1995.965 
5 2915.603 
5 2725.214 
5 2325.889 
5 2038.312 
5 2240.014 
5 1880.517 
5 1843.926 
5 1757.138 
5 2098.965 
5 1814.937 
4 2932.894 
5 1735.515 
5 1440.585 
5 2100.417 
5 1931.530 
5 2358.905 
5 2153.328 
5 2222.184 
5 2798.478 
5 1970.465 
5 1784.006 
5 1948.667 
5 2226.873 
5 2121.482 
5 2195.070 
5 1597.704 
5 1831.218 
5 2428.753 
5 2030.314 
5 1799.404 
5 3040.035 
5 2151.698 
5 1680.508 
5 2095.309 
5 1575.686 
5 1589.703 
5 2333.641 
5 1881.190 
5 2090.249 
5 2628.667 
4 2222.095 
5 3417.931 
4 2600.466 
5 1723.803 
5 1752.633 
4 1929.185 
5 2364.438 
5 1982.313 
5 2344.930 
5 2691.111 
5 2690.553 
5 2330.171 
5 2275.595 
5 1914.115 
5 2466.181 
5 1992.591 
5 2417.829 
4 2188.724 
5 2205.481 
5 1856.263 
5 1604.617 
4 2039.291 
5 2682.010 
5 2531.903 
5 2742.973 
5 2254.992 
5 1968.166 
5 2104.304 
5 2076.859 
5 2186.979 
5 2391.770 
4 1550.158 
5 2353.966 
5 2093.664 
5 1834.932 
5 2113.538 
5 2021.136 
5 2641.455 
5 2133.821 
5 1940.014 
4 2182.750 
4 2242.181 
5 2381.091 
4 2228.782 
4 1407.732 
5 2058.461 
5 1838.941 
4 2080.513 
5 2206.788 
5 2389.135 
5 2028.679 
5 2101.660 
5 2375.646 
4 2410.335 
5 2359.615 
5 2253.459 
5 2353.174 
5 1935.492 
5 2485.916 
5 2426.796 
5 1975.696 
4 2077.357 
5 1851.943 
5 2521.640 
4 1832.857 
5 2119.862 
5 1751.650 
5 3040.031 
5 2098.249 
5 1924.269 
5 1667.594 
5 1599.812 
5 1735.888 
5 1733.041 
5 2094.569 
5 2249.977 
5 1800.478 
4 1223.064 
5 2171.146 
5 1845.117 
5 2880.027 
5 2055.145 
5 2109.053 
5 2602.960 
5 1924.357 
5 1788.669 
5 1536.772 
5 2141.086 
4 2622.206 
5 2045.753 
4 2322.352 
5 1815.157 
4 2313.961 
5 2131.310 
4 2534.781 
5 2276.110 
4 1832.151 
5 1988.880 
4 1875.825 
4 2091.671 
5 2184.343 
5 1873.875 
5 1945.156 
5 1901.246 
5 2228.451 
5 1976.566 
4 2078.692 
5 2170.041 
5 2612.660 
5 2166.348 
5 2169.954 
5 1951.044 
5 2194.790 
5 1838.198 
5 1549.989 
5 2544.913 
5 2792.017 
5 1712.705 
5 2119.167 
4 2817.369 
5 2093.466 
5 2091.027 
5 1755.292 
5 2816.466 
4 2274.296 
5 2471.195 
5 1883.815 
5 1725.126 
5 2435.479 
5 1415.834 
5 2613.489 
5 2398.983 
5 2211.619 
5 1855.202 
5 2794.497 
5 1933.214 
5 1773.626 
5 2269.808 
5 2355.958 
5 1805.879 
5 2541.353 
5 1871.776 
5 1482.192 
5 1142.803 
5 1761.216 
5 2215.383 
5 1539.469 
5 1454.833 
5 2381.324 
5 1735.607 
5 2050.808 
5 2809.247 
5 2171.706 
4 2062.140 
5 2042.015 
4 1286.856 
5 1984.430 
4 2289.271 
5 2264.070 
5 1743.940 
5 2062.111 
5 1711.004 
4 2319.657 
4 1479.995 
5 2022.482 
5 2050.967 
4 2075.152 
5 1628.010 
5 1928.845 
5 2647.599 
5 1786.997 
5 2018.334 
5 1568.052 
5 2300.721 
5 2336.000 
5 1741.215 
5 1737.517 
5 1740.085 
5 1771.382 
5 2318.322 
5 2319.645 
5 2277.001 
5 2115.851 
5 2233.213 
4 1949.819 
5 2123.524 
5 2051.484 
4 1485.264 
5 2066.842 
5 1845.660 
5 2354.398 
5 2104.464 
5 1550.113 
5 2243.711 
5 2895.039 
5 2341.372 
5 2399.622 
4 1802.734 
5 2044.014 
5 1905.632 
4 1544.256 
5 1584.592 
5 2898.220 
5 2175.990 
5 1960.443 
5 2306.310 
5 2380.844 
5 2325.997 
5 2814.477 
5 1983.698 
4 1665.887 
5 2373.852 
5 1527.546 
5 2421.570 
5 1893.913 
5 1713.032 
4 1658.343 
5 1774.297 
4 2133.180 
4 2323.022 
4 2348.618 
5 2192.320 
5 1784.603 
4 1892.714 
5 2483.700 
4 2376.806 
5 2203.755 
5 1721.860 
5 2388.923 
5 2031.805 
5 2208.820 
5 2481.308 
5 2135.745 
5 1994.667 
5 3188.584 
5 3059.333 
5 2438.408 
5 2156.034 
5 2202.385 
4 2130.537 
5 2308.837 
5 1906.121 
5 1916.117 
4 2363.745 
5 2055.046 
5 2590.027 
5 2091.865 
5 2292.459 
5 2363.352 
5 2190.660 
5 2316.042 
5 2196.973 
5 2273.848 
5 1818.751 
5 2073.395 
5 1799.580 
5 2193.905 
5 2472.825 
5 2044.850 
5 2270.504 
5 2140.780 
5 2143.514 
5 1517.935 
4 2184.165 
5 1895.220 
4 2202.204 
5 2140.848 
5 2464.350 
5 2131.687 
4 2209.421 
4 1883.529 
5 1726.701 
5 3202.543 
5 1857.586 
5 2058.052 
5 2071.176 
5 1927.417 
5 2071.071 
5 2213.776 
5 1981.297 
5 1815.081 
5 2357.932 
5 2165.080 
5 1933.267 
5 2500.242 
5 2268.533 
5 2025.756 
5 3373.055 
5 1988.129 
4 1588.941 
5 1835.935 
5 1766.648 
4 1817.700 
5 2258.768 
5 1769.069 
5 2114.862 
5 1355.055 
5 2597.517 
5 1705.796 
5 2040.139 
5 2186.257 
5 2257.420 
5 2301.262 
5 1983.293 
5 2962.699 
4 2058.700 
5 2559.408 
5 2439.167 
5 2087.015 
5 2124.052 
5 1472.042 
5 1829.873 
5 2047.993 
4 1280.301 
5 2185.778 
5 1945.455 
5 2303.089 
5 2134.572 
4 2076.528 
4 1944.029 
5 2170.798 
5 2154.944 
5 2488.840 
5 2271.217 
5 2411.303 
5 2457.818 
5 2289.060 
5 2696.369 
5 2363.372 
5 1711.103 
5 2209.915 
5 2307.419 
5 2539.118 
5 2100.693 
5 2356.123 
5 1761.091 
5 1837.970 
5 1995.014 
4 2144.710 
5 2322.672 
5 2002.207 
5 1693.818 
4 1505.864 
5 1738.140 
5 2075.160 
5 2167.990 
5 2230.739 
5 2651.700 
4 2207.680 
5 1968.063 
5 1525.859 
5 1911.522 
5 1820.202 
5 1765.789 
5 2070.589 
5 2142.193 
5 2022.282 
5 2207.756 
5 2668.626 
4 2237.840 
5 2596.636 
5 1911.621 
5 2231.466 
5 2563.218 
5 2069.819 
4 2143.844 
5 2275.993 
5 3347.472 
5 1702.283 
5 2080.539 
5 2483.842 
5 1681.295 
5 2904.666 
5 1534.942 
5 1881.426 
5 1715.820 
5 2342.231 
5 2015.751 
5 1557.023 
5 2107.382 
5 2300.175 
5 2186.375 
5 1539.440 
5 2024.005 
4 1844.921 
